0000 000000 0.000000 0.000000 0.000000 0.000000 1500 1500 0.000000 950 0 500378 0.000000 0.000000 0.000000
0000 000000 0.000000 0.000000 0.000000 0.000000 1500 1500 0.000000 950 0 550484 0.000000 0.000000 0.000000
0000 000000 0.000000 0.000000 0.000000 0.000000 1500 1500 0.000000 950 0 600587 0.000000 0.000000 0.000000
0000 000000 0.000000 0.000000 0.000000 0.000000 1500 1500 0.000000 950 0 650691 0.000000 0.000000 0.000000
0000 000000 0.000000 0.000000 0.000000 0.000000 1500 1500 0.000000 950 0 700794 0.000000 0.000000 0.000000
0000 000000 0.000000 0.000000 0.000000 0.000000 1500 1500 0.000000 950 0 750896 0.000000 0.000000 0.000000
0000 000000 0.000000 0.000000 0.000000 0.000000 1500 1500 0.000000 950 0 800996 0.000000 0.000000 0.000000
0000 000000 0.000000 0.000000 0.000000 0.000000 1500 1500 0.000000 950 0 851094 0.000000 0.000000 0.000000
0000 000000 0.000000 0.000000 0.000000 0.000000 1500 1500 0.000000 950 0 901193 0.000000 0.000000 0.000000
0000 000000 0.000000 0.000000 0.000000 0.000000 1500 1500 0.000000 950 0 951293 0.000000 0.000000 0.000000
0000 000000 0.000000 0.000000 0.000000 0.000000 1500 1500 0.000000 950 1 1395 0.000000 0.000000 0.000000
0000 000000 0.000000 0.000000 0.000000 0.000000 1500 1500 0.000000 950 1 51492 0.000000 0.000000 0.000000
0000 000000 0.000000 0.000000 0.000000 0.000000 1500 1500 0.000000 950 1 101590 0.000000 0.000000 0.000000
0000 000000 0.000000 0.000000 0.000000 0.000000 1500 1500 0.000000 950 1 151688 0.000000 0.000000 0.000000
0000 000000 0.000000 0.000000 0.000000 0.000000 1500 1500 0.000000 950 1 201786 0.000000 0.000000 0.000000
0000 000000 0.000000 0.000000 0.000000 0.000000 1500 1500 0.000000 950 1 251883 0.000000 0.000000 0.000000
0000 000000 0.000000 0.000000 0.000000 0.000000 1500 1500 0.000000 950 1 301982 0.000000 0.000000 0.000000
0000 000000 0.000000 0.000000 0.000000 0.000000 1500 1500 0.000000 950 1 352080 0.000000 0.000000 0.000000
0000 000000 0.000000 0.000000 0.000000 0.000000 1500 1500 0.000000 950 1 402180 0.000000 0.000000 0.000000
0000 000000 0.000000 0.000000 0.000000 0.000000 1500 1500 0.000000 950 1 452280 0.000000 0.000000 0.000000
0000 000000 0.000000 0.000000 0.000000 0.000000 1500 1500 0.000000 950 1 502380 0.000000 0.000000 0.000000
0000 000000 0.000000 0.000000 0.000000 0.000000 1500 1500 0.000000 950 1 552477 0.000000 0.000000 0.000000
0000 000000 0.000000 0.000000 0.000000 0.000000 1500 1500 0.000000 950 1 602575 0.000000 0.000000 0.000000
0000 000000 0.000000 0.000000 0.000000 0.000000 1500 1500 0.450000 1500 1 652651 0.000000 0.000000 0.000000
0000 000000 0.000000 0.000000 0.000000 0.000000 1500 1500 0.450680 1500 1 702729 0.003413 0.000013 0.000000
0000 000000 0.000000 0.000000 0.000000 0.000000 1500 1500 0.450680 1500 1 752831 0.003413 0.000013 0.000000
0000 000000 0.000000 0.000000 0.000000 0.000000 1500 1500 0.452031 1500 1 802930 0.010193 0.000047 0.000000
0000 000000 0.000000 0.000000 0.000000 0.000000 1500 1500 0.452031 1500 1 853028 0.010193 0.000047 0.000000
0000 000000 0.000000 0.000000 0.000000 0.000000 1500 1500 0.454046 1500 1 903127 0.020295 0.000103 0.000000
0000 000000 0.000000 0.000000 0.000000 0.000000 1500 1500 0.454046 1500 1 953226 0.020295 0.000103 0.000000
0000 000000 0.000000 0.000000 0.000000 0.000000 1500 1500 0.456720 1500 2 3311 0.033674 0.000184 0.000000
0000 000000 0.000000 0.000000 0.000000 0.000000 1500 1500 0.456720 1500 2 53393 0.033674 0.000184 0.000000
0000 000000 0.000000 0.000000 0.000000 0.000000 1500 1500 0.460049 1500 2 103477 0.050284 0.000290 0.000000
0000 000000 0.000000 0.000000 0.000000 0.000000 1500 1500 0.460049 1500 2 153559 0.050284 0.000290 0.000000
0000 000000 0.000000 0.000000 0.000000 0.000000 1500 1500 0.464031 1500 2 203643 0.070084 0.000422 0.000000
0000 000000 0.000000 0.000000 0.000000 0.000000 1500 1500 0.464031 1500 2 253744 0.070084 0.000422 0.000000
0000 000000 0.000000 0.000000 0.000000 0.000000 1500 1500 0.468665 1500 2 303844 0.093028 0.000579 0.000000
0000 000000 0.000000 0.000000 0.000000 0.000000 1500 1500 0.468665 1500 2 353946 0.093028 0.000579 0.000000
0000 000000 0.000000 0.000000 0.000000 0.000000 1500 1500 0.473950 1500 2 404046 0.119076 0.000761 0.000000
0000 000000 0.000000 0.000000 0.000000 0.000000 1500 1500 0.473950 1500 2 454148 0.119076 0.000761 0.000000
0000 000000 0.000000 0.000000 0.000000 0.000000 1500 1500 0.479888 1500 2 504245 0.148185 0.000969 0.000000
0000 000000 0.000000 0.000000 0.000000 0.000000 1500 1500 0.479888 1500 2 554343 0.148185 0.000969 0.000000
0000 000000 0.000000 0.000000 0.000000 0.000000 1500 1500 0.486480 1500 2 604442 0.180314 0.001202 0.000000
0000 000000 0.000000 0.000000 0.000000 0.000000 1500 1500 0.486480 1500 2 654520 0.180314 0.001202 0.000000
0000 000000 0.000000 0.000000 0.000000 0.000000 1500 1500 0.493728 1500 2 704622 0.215422 0.001461 0.000000
0000 000000 0.000000 0.000000 0.000000 0.000000 1500 1500 0.493728 1500 2 754713 0.215422 0.001461 0.000000
0000 000000 0.000000 0.000000 0.000000 0.000000 1500 1500 0.501636 1500 2 804777 0.253468 0.001745 0.000000
0000 000000 0.000000 0.000000 0.000000 0.000000 1500 1500 0.501636 1500 2 854875 0.253468 0.001745 0.000000
0000 000000 0.000000 0.000000 0.000000 0.000000 1500 1500 0.510206 1500 2 904944 0.294414 0.002055 0.000000
0000 000000 0.000000 0.000000 0.000000 0.000000 1500 1500 0.510206 1500 2 955043 0.294414 0.002055 0.000000
0000 000000 0.000000 0.000000 0.000000 0.000000 1500 1500 0.519443 1500 3 5124 0.338219 0.002391 0.000000
0000 000000 0.000000 0.000000 0.000000 0.000000 1500 1500 0.519443 1500 3 55223 0.338219 0.002391 0.000000
0000 000000 0.000000 0.000000 0.000000 0.000000 1500 1500 0.529350 1500 3 105305 0.384845 0.002752 0.000000
0000 000000 0.000000 0.000000 0.000000 0.000000 1500 1500 0.529350 1500 3 155387 0.384845 0.002752 0.000000
0000 000000 0.000000 0.000000 0.000000 0.000000 1500 1500 0.539931 1500 3 205467 0.434254 0.003140 0.000000
0000 000000 0.000000 0.000000 0.000000 0.000000 1500 1500 0.539931 1500 3 255551 0.434254 0.003140 0.000000
0000 000000 0.000000 0.000000 0.000000 0.000000 1500 1500 0.551191 1500 3 305648 0.486409 0.003554 0.000000
0000 000000 0.000000 0.000000 0.000000 0.000000 1500 1500 0.551191 1500 3 355739 0.486409 0.003554 0.000000
0000 000000 0.000000 0.000000 0.000000 0.000000 1500 1500 0.563132 1500 3 405826 0.541272 0.003994 0.000000
0000 000000 0.000000 0.000000 0.000000 0.000000 1500 1500 0.563132 1500 3 455917 0.541272 0.003994 0.000000
0000 000000 0.000000 0.000000 0.000000 0.000000 1500 1500 0.575758 1500 3 505973 0.598806 0.004462 0.000000
0000 000000 0.000000 0.000000 0.000000 0.000000 1500 1500 0.575758 1500 3 556063 0.598806 0.004462 0.000000
0000 000000 0.000000 0.000000 0.000000 0.000000 1500 1500 0.589072 1500 3 606150 0.658976 0.004956 0.000000
0000 000000 0.000000 0.000000 0.000000 0.000000 1500 1500 0.589072 1500 3 656237 0.658976 0.004956 0.000000
0000 000000 0.000000 0.000000 0.000000 0.000000 1500 1500 0.603075 1500 3 706336 0.721746 0.005479 0.000000
0000 000000 0.000000 0.000000 0.000000 0.000000 1500 1500 0.603075 1500 3 756436 0.721746 0.005479 0.000000
0000 000000 0.000000 0.000000 0.000000 0.000000 1500 1500 0.617769 1500 3 806535 0.787081 0.006029 0.000000
0000 000000 0.000000 0.000000 0.000000 0.000000 1500 1500 0.617769 1500 3 856634 0.787081 0.006029 0.000000
0000 000000 0.000000 0.000000 0.000000 0.000000 1500 1500 0.633155 1500 3 906738 0.854946 0.006608 0.000000
0000 000000 0.000000 0.000000 0.000000 0.000000 1500 1500 0.633155 1500 3 956830 0.854946 0.006608 0.000000
0000 000000 0.000000 0.000000 0.000000 0.000000 1500 1500 0.649230 1500 4 6915 0.925307 0.007216 0.000000
0000 000000 0.000000 0.000000 0.000000 0.000000 1500 1500 0.649230 1500 4 57001 0.925307 0.007216 0.000000
0000 000000 0.000000 0.000000 0.000000 0.000000 1500 1500 0.665994 1500 4 107100 0.998130 0.007854 0.000000
0000 000000 0.000000 0.000000 0.000000 0.000000 1500 1500 0.665994 1500 4 157199 0.998130 0.007854 0.000000
0000 000000 0.000000 0.000000 0.000000 0.000000 1500 1500 0.683443 1500 4 207298 1.073382 0.008522 0.000000
0000 000000 0.000000 0.000000 0.000000 0.000000 1500 1500 0.683443 1500 4 257396 1.073382 0.008522 0.000000
0000 000000 0.000000 0.000000 0.000000 0.000000 1500 1500 0.701572 1500 4 307499 1.151030 0.009220 0.000000
0000 000000 0.000000 0.000000 0.000000 0.000000 1500 1500 0.701572 1500 4 357599 1.151030 0.009220 0.000000
0000 000000 0.000000 0.000000 0.000000 0.000000 1500 1500 0.720375 1500 4 407698 1.231042 0.009950 0.000000
0000 000000 0.000000 0.000000 0.000000 0.000000 1500 1500 0.720375 1500 4 457798 1.231042 0.009950 0.000000
0000 000000 0.000000 0.000000 0.000000 0.000000 1500 1500 0.739843 1500 4 507898 1.313385 0.010711 0.000000
0000 000000 0.000000 0.000000 0.000000 0.000000 1500 1500 0.739843 1500 4 557999 1.313385 0.010711 0.000000
0000 000000 0.000000 0.000000 0.000000 0.000000 1500 1500 0.759967 1500 4 608064 1.398029 0.011505 0.000000
0000 000000 0.000000 0.000000 0.000000 0.000000 1500 1500 0.759967 1500 4 658165 1.398029 0.011505 0.000000
0000 000000 0.000000 0.000000 0.000000 0.000000 1500 1500 0.780734 1500 4 708265 1.484942 0.012333 0.000000
0000 000000 0.000000 0.000000 0.000000 0.000000 1500 1500 0.780734 1500 4 758353 1.484942 0.012333 0.000000
0000 000000 0.000000 0.000000 0.000000 0.000000 1500 1500 0.802133 1500 4 808452 1.574093 0.013195 0.000000
0000 000000 0.000000 0.000000 0.000000 0.000000 1500 1500 0.802133 1500 4 858551 1.574093 0.013195 0.000000
0000 000000 0.000000 0.000000 0.000000 0.000000 1500 1500 0.824146 1500 4 908651 1.665452 0.014092 0.000000
0000 000000 0.000000 0.000000 0.000000 0.000000 1500 1500 0.824146 1500 4 958728 1.665452 0.014092 0.000000
0000 000000 0.000000 0.000000 0.000000 0.000000 1500 1500 0.846757 1500 5 8826 1.758990 0.015024 0.000000
0000 000000 0.000000 0.000000 0.000000 0.000000 1500 1500 0.846757 1500 5 58925 1.758990 0.015024 0.000000
0000 000000 0.000000 0.000000 0.000000 0.000000 1500 1500 0.869946 1500 5 109001 1.854677 0.015993 0.000000
0000 000000 0.000000 0.000000 0.000000 0.000000 1500 1500 0.869946 1500 5 159100 1.854677 0.015993 0.000000
0000 000000 0.000000 0.000000 0.000000 0.000000 1500 1500 0.893693 1500 5 209200 1.952483 0.016999 0.000000
0000 000000 0.000000 0.000000 0.000000 0.000000 1500 1500 0.893693 1500 5 259300 1.952483 0.016999 0.000000
0000 000000 0.000000 0.000000 0.000000 0.000000 1500 1500 0.917973 1500 5 309400 2.052380 0.018044 0.000000
0000 000000 0.000000 0.000000 0.000000 0.000000 1500 1500 0.917973 1500 5 359479 2.052380 0.018044 0.000000
0000 000000 0.000000 0.000000 0.000000 0.000000 1500 1500 0.942763 1500 5 409526 2.154340 0.019128 0.000000
0000 000000 0.000000 0.000000 0.000000 0.000000 1500 1500 0.942763 1500 5 459620 2.154340 0.019128 0.000000
0000 000000 0.000000 0.000000 0.000000 0.000000 1500 1500 1.275056 1500 5 509702 2.258336 0.020251 0.000000
0000 000000 0.000000 0.000000 0.000000 0.000000 1500 1500 1.275056 1500 5 559789 2.258336 0.020251 0.000000
0000 000000 0.000000 0.000000 0.000000 0.000000 1500 1500 1.281984 1500 5 609890 2.364338 0.021425 0.000000
0000 000000 0.000000 0.000000 0.000000 0.000000 1500 1500 1.281984 1500 5 659989 2.364338 0.021425 0.000000
0000 000000 0.000000 0.000000 0.000000 0.000000 1500 1500 1.289090 1500 5 710088 2.472321 0.022654 0.000000
0000 000000 0.000000 0.000000 0.000000 0.000000 1500 1500 1.289090 1500 5 760188 2.472321 0.022654 0.000000
0000 000000 0.000000 0.000000 0.000000 0.000000 1500 1500 1.296374 1500 5 810287 2.582256 0.023940 0.000000
0000 000000 0.000000 0.000000 0.000000 0.000000 1500 1500 1.296374 1500 5 860364 2.582256 0.023940 0.000000
0000 000000 0.000000 0.000000 0.000000 0.000000 1500 1500 1.303836 1500 5 910463 2.694119 0.025285 0.000000
0000 000000 0.000000 0.000000 0.000000 0.000000 1500 1500 1.303836 1500 5 960548 2.694119 0.025285 0.000000
0000 000000 0.000000 0.000000 0.000000 0.000000 1500 1500 1.311478 1500 6 10637 2.807882 0.026687 0.000000
0000 000000 0.000000 0.000000 0.000000 0.000000 1500 1500 1.311478 1500 6 60713 2.807882 0.026687 0.000000
0000 000000 0.000000 0.000000 0.000000 0.000000 1500 1500 1.319301 1500 6 110814 2.923520 0.028149 0.000000
0000 000000 0.000000 0.000000 0.000000 0.000000 1500 1500 1.319301 1500 6 160913 2.923520 0.028149 0.000000
0000 000000 0.000000 0.000000 0.000000 0.000000 1500 1500 1.327305 1500 6 211013 3.041008 0.029668 0.000000
0000 000000 0.000000 0.000000 0.000000 0.000000 1500 1500 1.327305 1500 6 261114 3.041008 0.029668 0.000000
0000 000000 0.000000 0.000000 0.000000 0.000000 1500 1500 1.335491 1500 6 311189 3.160320 0.031245 0.000000
0000 000000 0.000000 0.000000 0.000000 0.000000 1500 1500 1.335491 1500 6 361255 3.160320 0.031245 0.000000
0000 000000 0.000000 0.000000 0.000000 0.000000 1500 1500 1.343859 1500 6 411356 3.281432 0.032880 0.000000
0000 000000 0.000000 0.000000 0.000000 0.000000 1500 1500 1.343859 1500 6 461455 3.281432 0.032880 0.000000
0000 000000 0.000000 0.000000 0.000000 0.000000 1500 1500 1.352410 1500 6 511555 3.404321 0.034573 0.000000
0000 000000 0.000000 0.000000 0.000000 0.000000 1500 1500 1.352410 1500 6 561654 3.404321 0.034573 0.000000
0000 000000 0.000000 0.000000 0.000000 0.000000 1500 1500 1.361144 1500 6 611732 3.528960 0.036322 0.000000
0000 000000 0.000000 0.000000 0.000000 0.000000 1500 1500 1.361144 1500 6 661799 3.528960 0.036322 0.000000
0000 000000 0.000000 0.000000 0.000000 0.000000 1500 1500 1.370063 1500 6 711875 3.655328 0.038129 0.000000
0000 000000 0.000000 0.000000 0.000000 0.000000 1500 1500 1.370063 1500 6 761976 3.655328 0.038129 0.000000
0000 000000 0.000000 0.000000 0.000000 0.000000 1500 1500 1.379165 1500 6 812075 3.783400 0.039992 0.000000
0000 000000 0.000000 0.000000 0.000000 0.000000 1500 1500 1.379165 1500 6 862175 3.783400 0.039992 0.000000
0000 000000 0.000000 0.000000 0.000000 0.000000 1500 1500 1.388452 1500 6 912274 3.913154 0.041912 0.000000
0000 000000 0.000000 0.000000 0.000000 0.000000 1500 1500 1.388452 1500 6 962373 3.913154 0.041912 0.000000
0000 000000 0.000000 0.000000 0.000000 0.000000 1500 1500 1.397924 1500 7 12473 4.044566 0.043888 0.000000
0000 000000 0.000000 0.000000 0.000000 0.000000 1500 1500 1.397924 1500 7 62540 4.044566 0.043888 0.000000
0000 000000 0.000000 0.000000 0.000000 0.000000 1500 1500 1.407580 1500 7 112639 4.177615 0.045920 0.000000
0000 000000 0.000000 0.000000 0.000000 0.000000 1500 1500 1.407580 1500 7 162738 4.177615 0.045920 0.000000
0000 000000 0.000000 0.000000 0.000000 0.000000 1500 1500 1.417420 1500 7 212836 4.312278 0.048008 0.000000
0000 000000 0.000000 0.000000 0.000000 0.000000 1500 1500 1.417420 1500 7 262938 4.312278 0.048008 0.000000
0000 000000 0.000000 0.000000 0.000000 0.000000 1500 1500 1.427445 1500 7 313038 4.448534 0.050151 0.000000
0000 000000 0.000000 0.000000 0.000000 0.000000 1500 1500 1.427445 1500 7 363140 4.448534 0.050151 0.000000
0000 000000 0.000000 0.000000 0.000000 0.000000 1500 1500 1.437653 1500 7 413240 4.586360 0.052350 0.000000
0000 000000 0.000000 0.000000 0.000000 0.000000 1500 1500 1.437653 1500 7 463307 4.586360 0.052350 0.000000
0000 000000 0.000000 0.000000 0.000000 0.000000 1500 1500 1.448044 1500 7 513406 4.725737 0.054604 0.000000
0000 000000 0.000000 0.000000 0.000000 0.000000 1500 1500 1.448044 1500 7 563505 4.725737 0.054604 0.000000
0000 000000 0.000000 0.000000 0.000000 0.000000 1500 1500 1.458618 1500 7 613606 4.866641 0.056913 0.000000
0000 000000 0.000000 0.000000 0.000000 0.000000 1500 1500 1.458618 1500 7 663706 4.866641 0.056913 0.000000
0000 000000 0.000000 0.000000 0.000000 0.000000 1500 1500 1.469373 1500 7 713807 5.009054 0.059278 0.000000
0000 000000 0.000000 0.000000 0.000000 0.000000 1500 1500 1.469373 1500 7 763907 5.009054 0.059278 0.000000
0000 000000 0.000000 0.000000 0.000000 0.000000 1500 1500 1.480309 1500 7 813985 5.152955 0.061697 0.000000
0000 000000 0.000000 0.000000 0.000000 0.000000 1500 1500 1.480309 1500 7 864050 5.152955 0.061697 0.000000
0000 000000 0.000000 0.000000 0.000000 0.000000 1500 1500 1.491423 1500 7 914136 5.298323 0.064171 0.000000
0000 000000 0.000000 0.000000 0.000000 0.000000 1500 1500 1.491423 1500 7 964235 5.298323 0.064171 0.000000
0000 000000 0.000000 0.000000 0.000000 0.000000 1500 1500 1.502715 1500 8 14309 5.445138 0.066700 0.000000
0000 000000 0.000000 0.000000 0.000000 0.000000 1500 1500 1.502715 1500 8 64408 5.445138 0.066700 0.000000
0000 000000 0.000000 0.000000 0.000000 0.000000 1500 1500 1.514183 1500 8 114486 5.593382 0.069284 0.000000
0000 000000 0.000000 0.000000 0.000000 0.000000 1500 1500 1.514183 1500 8 164524 5.593382 0.069284 0.000000
0000 000000 0.000000 0.000000 0.000000 0.000000 1500 1500 1.525825 1500 8 214624 5.743034 0.071922 0.000000
0000 000000 0.000000 0.000000 0.000000 0.000000 1500 1500 1.525825 1500 8 264690 5.743034 0.071922 0.000000
0000 000000 0.000000 0.000000 0.000000 0.000000 1500 1500 1.537639 1500 8 314790 5.894076 0.074615 0.000000
0000 000000 0.000000 0.000000 0.000000 0.000000 1500 1500 1.537639 1500 8 364890 5.894076 0.074615 0.000000
0000 000000 0.000000 0.000000 0.000000 0.000000 1500 1500 1.549622 1500 8 414989 6.046489 0.077362 0.000000
0000 000000 0.000000 0.000000 0.000000 0.000000 1500 1500 1.549622 1500 8 465088 6.046489 0.077362 0.000000
0000 000000 0.000000 0.000000 0.000000 0.000000 1500 1500 1.561772 1500 8 515165 6.200255 0.080164 0.000000
0000 000000 0.000000 0.000000 0.000000 0.000000 1500 1500 1.561772 1500 8 565265 6.200255 0.080164 0.000000
0000 000000 0.000000 0.000000 0.000000 0.000000 1500 1500 1.574085 1500 8 615342 6.355354 0.083020 0.000000
0000 000000 0.000000 0.000000 0.000000 0.000000 1500 1500 1.574085 1500 8 665425 6.355354 0.083020 0.000000
0000 000000 0.000000 0.000000 0.000000 0.000000 1500 1500 1.586560 1500 8 715503 6.511769 0.085931 0.000000
0000 000000 0.000000 0.000000 0.000000 0.000000 1500 1500 1.586560 1500 8 765563 6.511769 0.085931 0.000000
0000 000000 0.000000 0.000000 0.000000 0.000000 1500 1500 1.599191 1500 8 815663 6.669483 0.088896 0.000000
0000 000000 0.000000 0.000000 0.000000 0.000000 1500 1500 1.599191 1500 8 865689 6.669483 0.088896 0.000000
0000 000000 0.000000 0.000000 0.000000 0.000000 1500 1500 1.611977 1500 8 915789 6.828477 0.091916 0.000000
0000 000000 0.000000 0.000000 0.000000 0.000000 1500 1500 1.611977 1500 8 965891 6.828477 0.091916 0.000000
0000 000000 0.000000 0.000000 0.000000 0.000000 1500 1500 1.624912 1500 9 15992 6.988735 0.094990 0.000000
0000 000000 0.000000 0.000000 0.000000 0.000000 1500 1500 1.624912 1500 9 66080 6.988735 0.094990 0.000000
0000 000000 0.000000 0.000000 0.000000 0.000000 1500 1500 1.637992 1500 9 116173 7.150239 0.098118 0.000000
0000 000000 0.000000 0.000000 0.000000 0.000000 1500 1500 1.637992 1500 9 166263 7.150239 0.098118 0.000000
0000 000000 0.000000 0.000000 0.000000 0.000000 1500 1500 1.651214 1500 9 216356 7.312972 0.101301 0.000000
0000 000000 0.000000 0.000000 0.000000 0.000000 1500 1500 1.651214 1500 9 266456 7.312972 0.101301 0.000000
0000 000000 0.000000 0.000000 0.000000 0.000000 1500 1500 1.664572 1500 9 316521 7.476918 0.104539 0.000000
0000 000000 0.000000 0.000000 0.000000 0.000000 1500 1500 1.664572 1500 9 366621 7.476918 0.104539 0.000000
0000 000000 0.000000 0.000000 0.000000 0.000000 1500 1500 1.678061 1500 9 416690 7.642060 0.107831 0.000000
0000 000000 0.000000 0.000000 0.000000 0.000000 1500 1500 1.678061 1500 9 466790 7.642060 0.107831 0.000000
0000 000000 0.000000 0.000000 0.000000 0.000000 1500 1500 1.691677 1500 9 516891 7.808382 0.111178 0.000000
0000 000000 0.000000 0.000000 0.000000 0.000000 1500 1500 1.691677 1500 9 566993 7.808382 0.111178 0.000000
0000 000000 0.000000 0.000000 0.000000 0.000000 1500 1500 1.705413 1500 9 617096 7.975869 0.114579 0.000000
0000 000000 0.000000 0.000000 0.000000 0.000000 1500 1500 1.705413 1500 9 667195 7.975869 0.114579 0.000000
0000 000000 0.000000 0.000000 0.000000 0.000000 1500 1500 1.719263 1500 9 717294 8.144504 0.118036 0.000000
0000 000000 0.000000 0.000000 0.000000 0.000000 1500 1500 1.719263 1500 9 767394 8.144504 0.118036 0.000000
0000 000000 0.000000 0.000000 0.000000 0.000000 1500 1500 1.733223 1500 9 817496 8.314272 0.121547 0.000000
0000 000000 0.000000 0.000000 0.000000 0.000000 1500 1500 1.733223 1500 9 867594 8.314272 0.121547 0.000000
0000 000000 0.000000 0.000000 0.000000 0.000000 1500 1500 1.747285 1500 9 917651 8.485157 0.125113 0.000000
0000 000000 0.000000 0.000000 0.000000 0.000000 1500 1500 1.747285 1500 9 967739 8.485157 0.125113 0.000000
0000 000000 0.000000 0.000000 0.000000 0.000000 1500 1500 1.761443 1500 10 17818 8.657145 0.128734 0.000000
0000 000000 0.000000 0.000000 0.000000 0.000000 1500 1500 1.761443 1500 10 67887 8.657145 0.128734 0.000000
0000 000000 0.000000 0.000000 0.000000 0.000000 1500 1500 1.775691 1500 10 117966 8.830220 0.132411 0.000000
0000 000000 0.000000 0.000000 0.000000 0.000000 1500 1500 1.775691 1500 10 168054 8.830220 0.132411 0.000000
0000 000000 0.000000 0.000000 0.000000 0.000000 1500 1500 1.790021 1500 10 218111 9.004368 0.136142 0.000000
0000 000000 0.000000 0.000000 0.000000 0.000000 1500 1500 1.790021 1500 10 268193 9.004368 0.136142 0.000000
0000 000000 0.000000 0.000000 0.000000 0.000000 1500 1500 1.804427 1500 10 318279 9.179574 0.139929 0.000000
0000 000000 0.000000 0.000000 0.000000 0.000000 1500 1500 1.804427 1500 10 368366 9.179574 0.139929 0.000000
0000 000000 0.000000 0.000000 0.000000 0.000000 1500 1500 1.818902 1500 10 418438 9.355824 0.143772 0.000000
0000 000000 0.000000 0.000000 0.000000 0.000000 1500 1500 1.818902 1500 10 468506 9.355824 0.143772 0.000000
0000 000000 0.000000 0.000000 0.000000 0.000000 1500 1500 1.833437 1500 10 518568 9.533104 0.147670 0.000000
0000 000000 0.000000 0.000000 0.000000 0.000000 1500 1500 1.833437 1500 10 568648 9.533104 0.147670 0.000000
0000 000000 0.000000 0.000000 0.000000 0.000000 1500 1500 1.848026 1500 10 618726 9.711399 0.151624 0.000000
0000 000000 0.000000 0.000000 0.000000 0.000000 1500 1500 1.848026 1500 10 668830 9.711399 0.151624 0.000000
0000 000000 0.000000 0.000000 0.000000 0.000000 1500 1500 1.862661 1500 10 718930 9.890697 0.155633 0.000000
0000 000000 0.000000 0.000000 0.000000 0.000000 1500 1500 1.862661 1500 10 768996 9.890697 0.155633 0.000000
0000 000000 0.000000 0.000000 0.000000 0.000000 1500 1500 1.877335 1500 10 819097 10.070983 0.159698 0.000000
0000 000000 0.000000 0.000000 0.000000 0.000000 1500 1500 1.877335 1500 10 869198 10.070983 0.159698 0.000000
0000 000000 0.000000 0.000000 0.000000 0.000000 1500 1500 1.892039 1500 10 919298 10.252245 0.163820 0.000000
0000 000000 0.000000 0.000000 0.000000 0.000000 1500 1500 1.892039 1500 10 969364 10.252245 0.163820 0.000000
0000 000000 0.000000 0.000000 0.000000 0.000000 1500 1500 1.906766 1500 11 19439 10.434468 0.167997 0.000000
0000 000000 0.000000 0.000000 0.000000 0.000000 1500 1500 1.906766 1500 11 69537 10.434468 0.167997 0.000000
0000 000000 0.000000 0.000000 0.000000 0.000000 1500 1500 1.921509 1500 11 119637 10.617640 0.172231 0.000000
0000 000000 0.000000 0.000000 0.000000 0.000000 1500 1500 1.921509 1500 11 169737 10.617640 0.172231 0.000000
0000 000000 0.000000 0.000000 0.000000 0.000000 1500 1500 1.936258 1500 11 219813 10.801748 0.176521 0.000000
0000 000000 0.000000 0.000000 0.000000 0.000000 1500 1500 1.936258 1500 11 269919 10.801748 0.176521 0.000000
0000 000000 0.000000 0.000000 0.000000 0.000000 1500 1500 1.951008 1500 11 319992 10.986780 0.180867 0.000000
0000 000000 0.000000 0.000000 0.000000 0.000000 1500 1500 1.951008 1500 11 370086 10.986780 0.180867 0.000000
0000 000000 0.000000 0.000000 0.000000 0.000000 1500 1500 1.965749 1500 11 420144 11.172722 0.185271 0.000000
0000 000000 0.000000 0.000000 0.000000 0.000000 1500 1500 1.965749 1500 11 470248 11.172722 0.185271 0.000000
0000 000000 0.000000 0.000000 0.000000 0.000000 1500 1500 1.980474 1500 11 520347 11.359563 0.189730 0.000000
0000 000000 0.000000 0.000000 0.000000 0.000000 1500 1500 1.980474 1500 11 570424 11.359563 0.189730 0.000000
0000 000000 0.000000 0.000000 0.000000 0.000000 1500 1500 1.995176 1500 11 620524 11.547290 0.194247 0.000000
0000 000000 0.000000 0.000000 0.000000 0.000000 1500 1500 1.995176 1500 11 670624 11.547290 0.194247 0.000000
0000 000000 0.000000 0.000000 0.000000 0.000000 1500 1500 2.009846 1500 11 720704 11.735892 0.198821 0.000000
0000 000000 0.000000 0.000000 0.000000 0.000000 1500 1500 2.009846 1500 11 770803 11.735892 0.198821 0.000000
0000 000000 0.000000 0.000000 0.000000 0.000000 1500 1500 2.024479 1500 11 820903 11.925356 0.203451 0.000000
0000 000000 0.000000 0.000000 0.000000 0.000000 1500 1500 2.024479 1500 11 870976 11.925356 0.203451 0.000000
0000 000000 0.000000 0.000000 0.000000 0.000000 1500 1500 2.039066 1500 11 921076 12.115671 0.208139 0.000000
0000 000000 0.000000 0.000000 0.000000 0.000000 1500 1500 2.039066 1500 11 971153 12.115671 0.208139 0.000000
0000 000000 0.000000 0.000000 0.000000 0.000000 1500 1500 2.053601 1500 12 21254 12.306825 0.212884 0.000000
0000 000000 0.000000 0.000000 0.000000 0.000000 1500 1500 2.053601 1500 12 71354 12.306825 0.212884 0.000000
0000 000000 0.000000 0.000000 0.000000 0.000000 1500 1500 2.068077 1500 12 121453 12.498807 0.217686 0.000000
0000 000000 0.000000 0.000000 0.000000 0.000000 1500 1500 2.068077 1500 12 171553 12.498807 0.217686 0.000000
0000 000000 0.000000 0.000000 0.000000 0.000000 1500 1500 2.082486 1500 12 221653 12.691605 0.222546 0.000000
0000 000000 0.000000 0.000000 0.000000 0.000000 1500 1500 2.082486 1500 12 271753 12.691605 0.222546 0.000000
0000 000000 0.000000 0.000000 0.000000 0.000000 1500 1500 2.096823 1500 12 321869 12.885210 0.227463 0.000000
0000 000000 0.000000 0.000000 0.000000 0.000000 1500 1500 2.096823 1500 12 371970 12.885210 0.227463 0.000000
0000 000000 0.000000 0.000000 0.000000 0.000000 1500 1500 2.111081 1500 12 422088 13.079609 0.232438 0.000000
0000 000000 0.000000 0.000000 0.000000 0.000000 1500 1500 2.111081 1500 12 472165 13.079609 0.232438 0.000000
0000 000000 0.000000 0.000000 0.000000 0.000000 1500 1500 2.125255 1500 12 522268 13.274792 0.237470 0.000000
0000 000000 0.000000 0.000000 0.000000 0.000000 1500 1500 2.125255 1500 12 572335 13.274792 0.237470 0.000000
0000 000000 0.000000 0.000000 0.000000 0.000000 1500 1500 2.139338 1500 12 622436 13.470748 0.242560 0.000000
0000 000000 0.000000 0.000000 0.000000 0.000000 1500 1500 2.139338 1500 12 672535 13.470748 0.242560 0.000000
0000 000000 0.000000 0.000000 0.000000 0.000000 1500 1500 2.153325 1500 12 722635 13.667467 0.247708 0.000000
0000 000000 0.000000 0.000000 0.000000 0.000000 1500 1500 2.153325 1500 12 772736 13.667467 0.247708 0.000000
0000 000000 0.000000 0.000000 0.000000 0.000000 1500 1500 2.167210 1500 12 822838 13.864938 0.252914 0.000000
0000 000000 0.000000 0.000000 0.000000 0.000000 1500 1500 2.167210 1500 12 872938 13.864938 0.252914 0.000000
0000 000000 0.000000 0.000000 0.000000 0.000000 1500 1500 2.180990 1500 12 923039 14.063152 0.258178 0.000000
0000 000000 0.000000 0.000000 0.000000 0.000000 1500 1500 2.180990 1500 12 973140 14.063152 0.258178 0.000000
0000 000000 0.000000 0.000000 0.000000 0.000000 1500 1500 2.194659 1500 13 23244 14.262098 0.263499 0.000000
0000 000000 0.000000 0.000000 0.000000 0.000000 1500 1500 2.194659 1500 13 73344 14.262098 0.263499 0.000000
0000 000000 0.000000 0.000000 0.000000 0.000000 1500 1500 2.208212 1500 13 123415 14.461766 0.268879 0.000000
0000 000000 0.000000 0.000000 0.000000 0.000000 1500 1500 2.208212 1500 13 173518 14.461766 0.268879 0.000000
0000 000000 0.000000 0.000000 0.000000 0.000000 1500 1500 2.221646 1500 13 223618 14.662147 0.274316 0.000000
0000 000000 0.000000 0.000000 0.000000 0.000000 1500 1500 2.221646 1500 13 273719 14.662147 0.274316 0.000000
0000 000000 0.000000 0.000000 0.000000 0.000000 1500 1500 2.234956 1500 13 323819 14.863231 0.279812 0.000000
0000 000000 0.000000 0.000000 0.000000 0.000000 1500 1500 2.234956 1500 13 373884 14.863231 0.279812 0.000000
0000 000000 0.000000 0.000000 0.000000 0.000000 1500 1500 2.248139 1500 13 423962 15.065007 0.285366 0.000000
0000 000000 0.000000 0.000000 0.000000 0.000000 1500 1500 2.248139 1500 13 474038 15.065007 0.285366 0.000000
0000 000000 0.000000 0.000000 0.000000 0.000000 1500 1500 2.261192 1500 13 524137 15.267468 0.290977 0.000000
0000 000000 0.000000 0.000000 0.000000 0.000000 1500 1500 2.261192 1500 13 574237 15.267468 0.290977 0.000000
0000 000000 0.000000 0.000000 0.000000 0.000000 1500 1500 2.274112 1500 13 624337 15.470604 0.296647 0.000000
0000 000000 0.000000 0.000000 0.000000 0.000000 1500 1500 2.274112 1500 13 674437 15.470604 0.296647 0.000000
0000 000000 0.000000 0.000000 0.000000 0.000000 1500 1500 2.286896 1500 13 724538 15.674405 0.302375 0.000000
0000 000000 0.000000 0.000000 0.000000 0.000000 1500 1500 2.286896 1500 13 774639 15.674405 0.302375 0.000000
0000 000000 0.000000 0.000000 0.000000 0.000000 1500 1500 2.299541 1500 13 824737 15.878862 0.308161 0.000000
0000 000000 0.000000 0.000000 0.000000 0.000000 1500 1500 2.299541 1500 13 874838 15.878862 0.308161 0.000000
0000 000000 0.000000 0.000000 0.000000 0.000000 1500 1500 2.312045 1500 13 924908 16.083967 0.314004 0.000000
0000 000000 0.000000 0.000000 0.000000 0.000000 1500 1500 2.312045 1500 13 974994 16.083967 0.314004 0.000000
0000 000000 0.000000 0.000000 0.000000 0.000000 1500 1500 2.324406 1500 14 25093 16.289711 0.319906 0.000000
0000 000000 0.000000 0.000000 0.000000 0.000000 1500 1500 2.324406 1500 14 75193 16.289711 0.319906 0.000000
0000 000000 0.000000 0.000000 0.000000 0.000000 1500 1500 2.336622 1500 14 125293 16.496085 0.325866 0.000000
0000 000000 0.000000 0.000000 0.000000 0.000000 1500 1500 2.336622 1500 14 175397 16.496085 0.325866 0.000000
0000 000000 0.000000 0.000000 0.000000 0.000000 1500 1500 2.348692 1500 14 225496 16.703080 0.331883 0.000000
0000 000000 0.000000 0.000000 0.000000 0.000000 1500 1500 2.348692 1500 14 275596 16.703080 0.331883 0.000000
0000 000000 0.000000 0.000000 0.000000 0.000000 1500 1500 2.360615 1500 14 325696 16.910689 0.337959 0.000000
0000 000000 0.000000 0.000000 0.000000 0.000000 1500 1500 2.360615 1500 14 375798 16.910689 0.337959 0.000000
0000 000000 0.000000 0.000000 0.000000 0.000000 1500 1500 2.372389 1500 14 425888 17.118902 0.344092 0.000000
0000 000000 0.000000 0.000000 0.000000 0.000000 1500 1500 2.372389 1500 14 475975 17.118902 0.344092 0.000000
0000 000000 0.000000 0.000000 0.000000 0.000000 1500 1500 2.384013 1500 14 526058 17.327712 0.350283 0.000000
0000 000000 0.000000 0.000000 0.000000 0.000000 1500 1500 2.384013 1500 14 576144 17.327712 0.350283 0.000000
0000 000000 0.000000 0.000000 0.000000 0.000000 1500 1500 2.395488 1500 14 626246 17.537111 0.356532 0.000000
0000 000000 0.000000 0.000000 0.000000 0.000000 1500 1500 2.395488 1500 14 676346 17.537111 0.356532 0.000000
0000 000000 0.000000 0.000000 0.000000 0.000000 1500 1500 2.406812 1500 14 726448 17.747090 0.362838 0.000000
0000 000000 0.000000 0.000000 0.000000 0.000000 1500 1500 2.406812 1500 14 776549 17.747090 0.362838 0.000000
0000 000000 0.000000 0.000000 0.000000 0.000000 1500 1500 2.417985 1500 14 826651 17.957642 0.369201 0.000000
0000 000000 0.000000 0.000000 0.000000 0.000000 1500 1500 2.417985 1500 14 876751 17.957642 0.369201 0.000000
0000 000000 0.000000 0.000000 0.000000 0.000000 1500 1500 2.429007 1500 14 926828 18.168758 0.375622 0.000000
0000 000000 0.000000 0.000000 0.000000 0.000000 1500 1500 2.429007 1500 14 976928 18.168758 0.375622 0.000000
0000 000000 0.000000 0.000000 0.000000 0.000000 1500 1500 2.439878 1500 15 27027 18.380432 0.382100 0.000000
0000 000000 0.000000 0.000000 0.000000 0.000000 1500 1500 2.439878 1500 15 77129 18.380432 0.382100 0.000000
0000 000000 0.000000 0.000000 0.000000 0.000000 1500 1500 2.450599 1500 15 127228 18.592656 0.388635 0.000000
0000 000000 0.000000 0.000000 0.000000 0.000000 1500 1500 2.450599 1500 15 177328 18.592656 0.388635 0.000000
0000 000000 0.000000 0.000000 0.000000 0.000000 1500 1500 2.461170 1500 15 227428 18.805422 0.395227 0.000000
0000 000000 0.000000 0.000000 0.000000 0.000000 1500 1500 2.461170 1500 15 277529 18.805422 0.395227 0.000000
0000 000000 0.000000 0.000000 0.000000 0.000000 1500 1500 2.471591 1500 15 327630 19.018723 0.401876 0.000000
0000 000000 0.000000 0.000000 0.000000 0.000000 1500 1500 2.471591 1500 15 377730 19.018723 0.401876 0.000000
0000 000000 0.000000 0.000000 0.000000 0.000000 1500 1500 2.481863 1500 15 427833 19.232551 0.408582 0.000000
0000 000000 0.000000 0.000000 0.000000 0.000000 1500 1500 2.481863 1500 15 477936 19.232551 0.408582 0.000000
0000 000000 0.000000 0.000000 0.000000 0.000000 1500 1500 2.491987 1500 15 528036 19.446900 0.415344 0.000000
0000 000000 0.000000 0.000000 0.000000 0.000000 1500 1500 2.491987 1500 15 578137 19.446900 0.415344 0.000000
0000 000000 0.000000 0.000000 0.000000 0.000000 1500 1500 2.501963 1500 15 628237 19.661762 0.422163 0.000000
0000 000000 0.000000 0.000000 0.000000 0.000000 1500 1500 2.501963 1500 15 678327 19.661762 0.422163 0.000000
0000 000000 0.000000 0.000000 0.000000 0.000000 1500 1500 2.511793 1500 15 728427 19.877131 0.429038 0.000000
0000 000000 0.000000 0.000000 0.000000 0.000000 1500 1500 2.511793 1500 15 778527 19.877131 0.429038 0.000000
0000 000000 0.000000 0.000000 0.000000 0.000000 1500 1500 2.521478 1500 15 828626 20.093000 0.435969 0.000000
0000 000000 0.000000 0.000000 0.000000 0.000000 1500 1500 2.521478 1500 15 878725 20.093000 0.435969 0.000000
0000 000000 0.000000 0.000000 0.000000 0.000000 1500 1500 2.531019 1500 15 928798 20.309361 0.442956 0.000000
0000 000000 0.000000 0.000000 0.000000 0.000000 1500 1500 2.531019 1500 15 978899 20.309361 0.442956 0.000000
0000 000000 0.000000 0.000000 0.000000 0.000000 1500 1500 2.540417 1500 16 28999 20.526208 0.449998 0.000000
0000 000000 0.000000 0.000000 0.000000 0.000000 1500 1500 2.540417 1500 16 79099 20.526208 0.449998 0.000000
0000 000000 0.000000 0.000000 0.000000 0.000000 1500 1500 2.549674 1500 16 129175 20.743535 0.457097 0.000000
0000 000000 0.000000 0.000000 0.000000 0.000000 1500 1500 2.549674 1500 16 179275 20.743535 0.457097 0.000000
0000 000000 0.000000 0.000000 0.000000 0.000000 1500 1500 2.558791 1500 16 229353 20.961335 0.464250 0.000000
0000 000000 0.000000 0.000000 0.000000 0.000000 1500 1500 2.558791 1500 16 279453 20.961335 0.464250 0.000000
0000 000000 0.000000 0.000000 0.000000 0.000000 1500 1500 2.567769 1500 16 329530 21.179601 0.471459 0.000000
0000 000000 0.000000 0.000000 0.000000 0.000000 1500 1500 2.567769 1500 16 379631 21.179601 0.471459 0.000000
0000 000000 0.000000 0.000000 0.000000 0.000000 1500 1500 2.576610 1500 16 429731 21.398328 0.478723 0.000000
0000 000000 0.000000 0.000000 0.000000 0.000000 1500 1500 2.576610 1500 16 479820 21.398328 0.478723 0.000000
0000 000000 0.000000 0.000000 0.000000 0.000000 1500 1500 2.585316 1500 16 529921 21.617508 0.486041 0.000000
0000 000000 0.000000 0.000000 0.000000 0.000000 1500 1500 2.585316 1500 16 579987 21.617508 0.486041 0.000000
0000 000000 0.000000 0.000000 0.000000 0.000000 1500 1500 2.593888 1500 16 630089 21.837137 0.493414 0.000000
0000 000000 0.000000 0.000000 0.000000 0.000000 1500 1500 2.593888 1500 16 680166 21.837137 0.493414 0.000000
0000 000000 0.000000 0.000000 0.000000 0.000000 1500 1500 2.602328 1500 16 730268 22.057207 0.500841 0.000000
0000 000000 0.000000 0.000000 0.000000 0.000000 1500 1500 2.602328 1500 16 780375 22.057207 0.500841 0.000000
0000 000000 0.000000 0.000000 0.000000 0.000000 1500 1500 2.610638 1500 16 830449 22.277714 0.508323 0.000000
0000 000000 0.000000 0.000000 0.000000 0.000000 1500 1500 2.610638 1500 16 880549 22.277714 0.508323 0.000000
0000 000000 0.000000 0.000000 0.000000 0.000000 1500 1500 2.618819 1500 16 930618 22.498650 0.515858 0.000000
0000 000000 0.000000 0.000000 0.000000 0.000000 1500 1500 2.618819 1500 16 980717 22.498650 0.515858 0.000000
0000 000000 0.000000 0.000000 0.000000 0.000000 1500 1500 2.626872 1500 17 30798 22.720010 0.523447 0.000000
0000 000000 0.000000 0.000000 0.000000 0.000000 1500 1500 2.626872 1500 17 80898 22.720010 0.523447 0.000000
0000 000000 0.000000 0.000000 0.000000 0.000000 1500 1500 2.634801 1500 17 130979 22.941788 0.531089 0.000000
0000 000000 0.000000 0.000000 0.000000 0.000000 1500 1500 2.634801 1500 17 181079 22.941788 0.531089 0.000000
0000 000000 0.000000 0.000000 0.000000 0.000000 1500 1500 2.642607 1500 17 231159 23.163979 0.538784 0.000000
0000 000000 0.000000 0.000000 0.000000 0.000000 1500 1500 2.642607 1500 17 281231 23.163979 0.538784 0.000000
0000 000000 0.000000 0.000000 0.000000 0.000000 1500 1500 2.650291 1500 17 331331 23.386577 0.546533 0.000000
0000 000000 0.000000 0.000000 0.000000 0.000000 1500 1500 2.650291 1500 17 381408 23.386577 0.546533 0.000000
0000 000000 0.000000 0.000000 0.000000 0.000000 1500 1500 2.657855 1500 17 431509 23.609577 0.554334 0.000000
0000 000000 0.000000 0.000000 0.000000 0.000000 1500 1500 2.657855 1500 17 481608 23.609577 0.554334 0.000000
0000 000000 0.000000 0.000000 0.000000 0.000000 1500 1500 2.665301 1500 17 531708 23.832972 0.562187 0.000000
0000 000000 0.000000 0.000000 0.000000 0.000000 1500 1500 2.665301 1500 17 581809 23.832972 0.562187 0.000000
0000 000000 0.000000 0.000000 0.000000 0.000000 1500 1500 2.672631 1500 17 631909 24.056759 0.570093 0.000000
0000 000000 0.000000 0.000000 0.000000 0.000000 1500 1500 2.672631 1500 17 681990 24.056759 0.570093 0.000000
0000 000000 0.000000 0.000000 0.000000 0.000000 1500 1500 2.679847 1500 17 732088 24.280931 0.578050 0.000000
0000 000000 0.000000 0.000000 0.000000 0.000000 1500 1500 2.679847 1500 17 782189 24.280931 0.578050 0.000000
0000 000000 0.000000 0.000000 0.000000 0.000000 1500 1500 2.686950 1500 17 832290 24.505482 0.586059 0.000000
0000 000000 0.000000 0.000000 0.000000 0.000000 1500 1500 2.686950 1500 17 882392 24.505482 0.586059 0.000000
0000 000000 0.000000 0.000000 0.000000 0.000000 1500 1500 2.693943 1500 17 932491 24.730409 0.594119 0.000000
0000 000000 0.000000 0.000000 0.000000 0.000000 1500 1500 2.693943 1500 17 982590 24.730409 0.594119 0.000000
0000 000000 0.000000 0.000000 0.000000 0.000000 1500 1500 2.700826 1500 18 32687 24.955706 0.602231 0.000000
0000 000000 0.000000 0.000000 0.000000 0.000000 1500 1500 2.700826 1500 18 82772 24.955706 0.602231 0.000000
0000 000000 0.000000 0.000000 0.000000 0.000000 1500 1500 2.707603 1500 18 132871 25.181368 0.610393 0.000000
0000 000000 0.000000 0.000000 0.000000 0.000000 1500 1500 2.707603 1500 18 182970 25.181368 0.610393 0.000000
0000 000000 0.000000 0.000000 0.000000 0.000000 1500 1500 2.714274 1500 18 233070 25.407389 0.618606 0.000000
0000 000000 0.000000 0.000000 0.000000 0.000000 1500 1500 2.714274 1500 18 283137 25.407389 0.618606 0.000000
0000 000000 0.000000 0.000000 0.000000 0.000000 1500 1500 2.720842 1500 18 333199 25.633766 0.626869 0.000000
0000 000000 0.000000 0.000000 0.000000 0.000000 1500 1500 2.720842 1500 18 383291 25.633766 0.626869 0.000000
0000 000000 0.000000 0.000000 0.000000 0.000000 1500 1500 2.727308 1500 18 433391 25.860493 0.635182 0.000000
0000 000000 0.000000 0.000000 0.000000 0.000000 1500 1500 2.727308 1500 18 483492 25.860493 0.635182 0.000000
0000 000000 0.000000 0.000000 0.000000 0.000000 1500 1500 2.733674 1500 18 533593 26.087566 0.643545 0.000000
0000 000000 0.000000 0.000000 0.000000 0.000000 1500 1500 2.733674 1500 18 583695 26.087566 0.643545 0.000000
0000 000000 0.000000 0.000000 0.000000 0.000000 1500 1500 2.739942 1500 18 633796 26.314979 0.651957 0.000000
0000 000000 0.000000 0.000000 0.000000 0.000000 1500 1500 2.739942 1500 18 683897 26.314979 0.651957 0.000000
0000 000000 0.000000 0.000000 0.000000 0.000000 1500 1500 2.746113 1500 18 734006 26.542728 0.660418 0.000000
0000 000000 0.000000 0.000000 0.000000 0.000000 1500 1500 2.746113 1500 18 784107 26.542728 0.660418 0.000000
0000 000000 0.000000 0.000000 0.000000 0.000000 1500 1500 2.752190 1500 18 834208 26.770809 0.668928 0.000000
0000 000000 0.000000 0.000000 0.000000 0.000000 1500 1500 2.752190 1500 18 884307 26.770809 0.668928 0.000000
0000 000000 0.000000 0.000000 0.000000 0.000000 1500 1500 2.758173 1500 18 934397 26.999217 0.677486 0.000000
0000 000000 0.000000 0.000000 0.000000 0.000000 1500 1500 2.758173 1500 18 984497 26.999217 0.677486 0.000000
0000 000000 0.000000 0.000000 0.000000 0.000000 1500 1500 2.764064 1500 19 34583 27.227948 0.686093 0.000000
0000 000000 0.000000 0.000000 0.000000 0.000000 1500 1500 2.764064 1500 19 84682 27.227948 0.686093 0.000000
0000 000000 0.000000 0.000000 0.000000 0.000000 1500 1500 2.769866 1500 19 134752 27.456998 0.694748 0.000000
0000 000000 0.000000 0.000000 0.000000 0.000000 1500 1500 2.769866 1500 19 184853 27.456998 0.694748 0.000000
0000 000000 0.000000 0.000000 0.000000 0.000000 1500 1500 2.772342 1500 19 234953 27.686361 0.703450 0.000000
0000 000000 0.000000 0.000000 0.000000 0.000000 1500 1500 2.772342 1500 19 285053 27.686361 0.703450 0.000000
0000 000000 0.000000 0.000000 0.000000 0.000000 1500 1500 2.774356 1500 19 335123 27.916034 0.712200 0.000000
0000 000000 0.000000 0.000000 0.000000 0.000000 1500 1500 2.774356 1500 19 385202 27.916034 0.712200 0.000000
0000 000000 0.000000 0.000000 0.000000 0.000000 1500 1500 2.776335 1500 19 435289 28.146012 0.720996 0.000000
0000 000000 0.000000 0.000000 0.000000 0.000000 1500 1500 2.776335 1500 19 485363 28.146012 0.720996 0.000000
0000 000000 0.000000 0.000000 0.000000 0.000000 1500 1500 2.778281 1500 19 535463 28.376292 0.729839 0.000000
0000 000000 0.000000 0.000000 0.000000 0.000000 1500 1500 2.778281 1500 19 585562 28.376292 0.729839 0.000000
0000 000000 0.000000 0.000000 0.000000 0.000000 1500 1500 2.780194 1500 19 635640 28.606869 0.738727 0.000000
0000 000000 0.000000 0.000000 0.000000 0.000000 1500 1500 2.780194 1500 19 685739 28.606869 0.738727 0.000000
0000 000000 0.000000 0.000000 0.000000 0.000000 1500 1500 2.782075 1500 19 735817 28.837740 0.747661 0.000000
0000 000000 0.000000 0.000000 0.000000 0.000000 1500 1500 2.782075 1500 19 785871 28.837740 0.747661 0.000000
0000 000000 0.000000 0.000000 0.000000 0.000000 1500 1500 2.783924 1500 19 835948 29.068899 0.756640 0.000000
0000 000000 0.000000 0.000000 0.000000 0.000000 1500 1500 2.783924 1500 19 886052 29.068899 0.756640 0.000000
0000 000000 0.000000 0.000000 0.000000 0.000000 1500 1500 2.785743 1500 19 936141 29.300345 0.765662 0.000000
0000 000000 0.000000 0.000000 0.000000 0.000000 1500 1500 2.785743 1500 19 986214 29.300345 0.765662 0.000000
0000 000000 0.000000 0.000000 0.000000 0.000000 1500 1500 2.787533 1500 20 36313 29.532071 0.774729 0.000000
0000 000000 0.000000 0.000000 0.000000 0.000000 1500 1500 2.787533 1500 20 86384 29.532071 0.774729 0.000000
0000 000000 0.000000 0.000000 0.000000 0.000000 1500 1500 2.789292 1500 20 136484 29.764076 0.783839 0.000000
0000 000000 0.000000 0.000000 0.000000 0.000000 1500 1500 2.789292 1500 20 186583 29.764076 0.783839 0.000000
0000 000000 0.000000 0.000000 0.000000 0.000000 1500 1500 2.791024 1500 20 236683 29.996354 0.792992 0.000000
0000 000000 0.000000 0.000000 0.000000 0.000000 1500 1500 2.791024 1500 20 286782 29.996354 0.792992 0.000000
0000 000000 0.000000 0.000000 0.000000 0.000000 1500 1500 2.792727 1500 20 336882 30.228903 0.802188 0.000000
0000 000000 0.000000 0.000000 0.000000 0.000000 1500 1500 2.792727 1500 20 386946 30.228903 0.802188 0.000000
0000 000000 0.000000 0.000000 0.000000 0.000000 1500 1500 2.794404 1500 20 437046 30.461719 0.811425 0.000000
0000 000000 0.000000 0.000000 0.000000 0.000000 1500 1500 2.794404 1500 20 487146 30.461719 0.811425 0.000000
0000 000000 0.000000 0.000000 0.000000 0.000000 1500 1500 2.796053 1500 20 537223 30.694797 0.820704 0.000000
0000 000000 0.000000 0.000000 0.000000 0.000000 1500 1500 2.796053 1500 20 587322 30.694797 0.820704 0.000000
0000 000000 0.000000 0.000000 0.000000 0.000000 1500 1500 2.797677 1500 20 637387 30.928135 0.830024 0.000000
0000 000000 0.000000 0.000000 0.000000 0.000000 1500 1500 2.797677 1500 20 687488 30.928135 0.830024 0.000000
0000 000000 0.000000 0.000000 0.000000 0.000000 1500 1500 2.799275 1500 20 737588 31.161729 0.839384 0.000000
0000 000000 0.000000 0.000000 0.000000 0.000000 1500 1500 2.799275 1500 20 787688 31.161729 0.839384 0.000000
0000 000000 0.000000 0.000000 0.000000 0.000000 1500 1500 2.800848 1500 20 837791 31.395575 0.848785 0.000000
0000 000000 0.000000 0.000000 0.000000 0.000000 1500 1500 2.800848 1500 20 887888 31.395575 0.848785 0.000000
0000 000000 0.000000 0.000000 0.000000 0.000000 1500 1500 2.802397 1500 20 937989 31.629670 0.858225 0.000000
0000 000000 0.000000 0.000000 0.000000 0.000000 1500 1500 2.802397 1500 20 988065 31.629670 0.858225 0.000000
0000 000000 0.000000 0.000000 0.000000 0.000000 1500 1500 2.803922 1500 21 38167 31.864011 0.867704 0.000000
0000 000000 0.000000 0.000000 0.000000 0.000000 1500 1500 2.803922 1500 21 88239 31.864011 0.867704 0.000000
0000 000000 0.000000 0.000000 0.000000 0.000000 1500 1500 2.805424 1500 21 138271 32.098595 0.877222 0.000000
0000 000000 0.000000 0.000000 0.000000 0.000000 1500 1500 2.805424 1500 21 188370 32.098595 0.877222 0.000000
0000 000000 0.000000 0.000000 0.000000 0.000000 1500 1500 2.806903 1500 21 238471 32.333417 0.886779 0.000000
0000 000000 0.000000 0.000000 0.000000 0.000000 1500 1500 2.806903 1500 21 288574 32.333417 0.886779 0.000000
0000 000000 0.000000 0.000000 0.000000 0.000000 1500 1500 2.808360 1500 21 338674 32.568476 0.896373 0.000000
0000 000000 0.000000 0.000000 0.000000 0.000000 1500 1500 2.808360 1500 21 388773 32.568476 0.896373 0.000000
0000 000000 0.000000 0.000000 0.000000 0.000000 1500 1500 2.809794 1500 21 438854 32.803767 0.906005 0.000000
0000 000000 0.000000 0.000000 0.000000 0.000000 1500 1500 2.809794 1500 21 488944 32.803767 0.906005 0.000000
0000 000000 0.000000 0.000000 0.000000 0.000000 1500 1500 2.811208 1500 21 539031 33.039287 0.915674 0.000000
0000 000000 0.000000 0.000000 0.000000 0.000000 1500 1500 2.811208 1500 21 589120 33.039287 0.915674 0.000000
0000 000000 0.000000 0.000000 0.000000 0.000000 1500 1500 2.812600 1500 21 639207 33.275034 0.925380 0.000000
0000 000000 0.000000 0.000000 0.000000 0.000000 1500 1500 2.812600 1500 21 689297 33.275034 0.925380 0.000000
0000 000000 0.000000 0.000000 0.000000 0.000000 1500 1500 2.813972 1500 21 739384 33.511005 0.935122 0.000000
0000 000000 0.000000 0.000000 0.000000 0.000000 1500 1500 2.813972 1500 21 789467 33.511005 0.935122 0.000000
0000 000000 0.000000 0.000000 0.000000 0.000000 1500 1500 2.815324 1500 21 839554 33.747195 0.944899 0.000000
0000 000000 0.000000 0.000000 0.000000 0.000000 1500 1500 2.815324 1500 21 889644 33.747195 0.944899 0.000000
0000 000000 0.000000 0.000000 0.000000 0.000000 1500 1500 2.816656 1500 21 939700 33.983603 0.954713 0.000000
0000 000000 0.000000 0.000000 0.000000 0.000000 1500 1500 2.816656 1500 21 989789 33.983603 0.954713 0.000000
0000 000000 0.000000 0.000000 0.000000 0.000000 1500 1500 2.817969 1500 22 39875 34.220225 0.964561 0.000000
0000 000000 0.000000 0.000000 0.000000 0.000000 1500 1500 2.817969 1500 22 89965 34.220225 0.964561 0.000000
0000 000000 0.000000 0.000000 0.000000 0.000000 1500 1500 2.819263 1500 22 140052 34.457059 0.974444 0.000000
0000 000000 0.000000 0.000000 0.000000 0.000000 1500 1500 2.819263 1500 22 190152 34.457059 0.974444 0.000000
0000 000000 0.000000 0.000000 0.000000 0.000000 1500 1500 2.820539 1500 22 240252 34.694102 0.984361 0.000000
0000 000000 0.000000 0.000000 0.000000 0.000000 1500 1500 2.820539 1500 22 290352 34.694102 0.984361 0.000000
0000 000000 0.000000 0.000000 0.000000 0.000000 1500 1500 2.821796 1500 22 340452 34.931350 0.994312 0.000000
0000 000000 0.000000 0.000000 0.000000 0.000000 1500 1500 2.821796 1500 22 390553 34.931350 0.994312 0.000000
0000 000000 0.000000 0.000000 0.000000 0.000000 1500 1500 2.823036 1500 22 440657 35.168801 1.004296 0.000000
0000 000000 0.000000 0.000000 0.000000 0.000000 1500 1500 2.823036 1500 22 490700 35.168801 1.004296 0.000000
0000 000000 0.000000 0.000000 0.000000 0.000000 1500 1500 2.824259 1500 22 540799 35.406453 1.014314 0.000000
0000 000000 0.000000 0.000000 0.000000 0.000000 1500 1500 2.824259 1500 22 590856 35.406453 1.014314 0.000000
0000 000000 0.000000 0.000000 0.000000 0.000000 1500 1500 2.825464 1500 22 640920 35.644302 1.024364 0.000000
0000 000000 0.000000 0.000000 0.000000 0.000000 1500 1500 2.825464 1500 22 691020 35.644302 1.024364 0.000000
0000 000000 0.000000 0.000000 0.000000 0.000000 1500 1500 2.826653 1500 22 741119 35.882346 1.034446 0.000000
0000 000000 0.000000 0.000000 0.000000 0.000000 1500 1500 2.826653 1500 22 791198 35.882346 1.034446 0.000000
0000 000000 0.000000 0.000000 0.000000 0.000000 1500 1500 2.827825 1500 22 841298 36.120582 1.044561 0.000000
0000 000000 0.000000 0.000000 0.000000 0.000000 1500 1500 2.827825 1500 22 891398 36.120582 1.044561 0.000000
0000 000000 0.000000 0.000000 0.000000 0.000000 1500 1500 2.828981 1500 22 941502 36.359008 1.054707 0.000000
0000 000000 0.000000 0.000000 0.000000 0.000000 1500 1500 2.828981 1500 22 991602 36.359008 1.054707 0.000000
0000 000000 0.000000 0.000000 0.000000 0.000000 1500 1500 2.830122 1500 23 41703 36.597622 1.064885 0.000000
0000 000000 0.000000 0.000000 0.000000 0.000000 1500 1500 2.830122 1500 23 91803 36.597622 1.064885 0.000000
0000 000000 0.000000 0.000000 0.000000 0.000000 1500 1500 2.831247 1500 23 141879 36.836419 1.075093 0.000000
0000 000000 0.000000 0.000000 0.000000 0.000000 1500 1500 2.831247 1500 23 191978 36.836419 1.075093 0.000000
0000 000000 0.000000 0.000000 0.000000 0.000000 1500 1500 2.832356 1500 23 242054 37.075399 1.085332 0.000000
0000 000000 0.000000 0.000000 0.000000 0.000000 1500 1500 2.832356 1500 23 292154 37.075399 1.085332 0.000000
0000 000000 0.000000 0.000000 0.000000 0.000000 1500 1500 2.833452 1500 23 342257 37.314558 1.095602 0.000000
0000 000000 0.000000 0.000000 0.000000 0.000000 1500 1500 2.833452 1500 23 392356 37.314558 1.095602 0.000000
0000 000000 0.000000 0.000000 0.000000 0.000000 1500 1500 2.834532 1500 23 442443 37.553895 1.105901 0.000000
0000 000000 0.000000 0.000000 0.000000 0.000000 1500 1500 2.834532 1500 23 492528 37.553895 1.105901 0.000000
0000 000000 0.000000 0.000000 0.000000 0.000000 1500 1500 2.835598 1500 23 542587 37.793406 1.116229 0.000000
0000 000000 0.000000 0.000000 0.000000 0.000000 1500 1500 2.835598 1500 23 592683 37.793406 1.116229 0.000000
0000 000000 0.000000 0.000000 0.000000 0.000000 1500 1500 2.836650 1500 23 642783 38.033089 1.126587 0.000000
0000 000000 0.000000 0.000000 0.000000 0.000000 1500 1500 2.836650 1500 23 692846 38.033089 1.126587 0.000000
0000 000000 0.000000 0.000000 0.000000 0.000000 1500 1500 2.837689 1500 23 742948 38.272943 1.136974 0.000000
0000 000000 0.000000 0.000000 0.000000 0.000000 1500 1500 2.837689 1500 23 793049 38.272943 1.136974 0.000000
0000 000000 0.000000 0.000000 0.000000 0.000000 1500 1500 2.838713 1500 23 843151 38.512965 1.147389 0.000000
0000 000000 0.000000 0.000000 0.000000 0.000000 1500 1500 2.838713 1500 23 893218 38.512965 1.147389 0.000000
0000 000000 0.000000 0.000000 0.000000 0.000000 1500 1500 2.839725 1500 23 943288 38.753152 1.157833 0.000000
0000 000000 0.000000 0.000000 0.000000 0.000000 1500 1500 2.839725 1500 23 993355 38.753152 1.157833 0.000000
0000 000000 0.000000 0.000000 0.000000 0.000000 1500 1500 2.840723 1500 24 43454 38.993502 1.168304 0.000000
0000 000000 0.000000 0.000000 0.000000 0.000000 1500 1500 2.840723 1500 24 93533 38.993502 1.168304 0.000000
0000 000000 0.000000 0.000000 0.000000 0.000000 1500 1500 2.841709 1500 24 143633 39.234013 1.178804 0.000000
0000 000000 0.000000 0.000000 0.000000 0.000000 1500 1500 2.841709 1500 24 193732 39.234013 1.178804 0.000000
0000 000000 0.000000 0.000000 0.000000 0.000000 1500 1500 2.842682 1500 24 243832 39.474683 1.189330 0.000000
0000 000000 0.000000 0.000000 0.000000 0.000000 1500 1500 2.842682 1500 24 293911 39.474683 1.189330 0.000000
0000 000000 0.000000 0.000000 0.000000 0.000000 1500 1500 2.843643 1500 24 343976 39.715510 1.199883 0.000000
0000 000000 0.000000 0.000000 0.000000 0.000000 1500 1500 2.843643 1500 24 394076 39.715510 1.199883 0.000000
0000 000000 0.000000 0.000000 0.000000 0.000000 1500 1500 2.844592 1500 24 444155 39.956492 1.210463 0.000000
0000 000000 0.000000 0.000000 0.000000 0.000000 1500 1500 2.844592 1500 24 494261 39.956492 1.210463 0.000000
0000 000000 0.000000 0.000000 0.000000 0.000000 1500 1500 2.845529 1500 24 544336 40.197626 1.221069 0.000000
0000 000000 0.000000 0.000000 0.000000 0.000000 1500 1500 2.845529 1500 24 594436 40.197626 1.221069 0.000000
0000 000000 0.000000 0.000000 0.000000 0.000000 1500 1500 2.846454 1500 24 644515 40.438910 1.231702 0.000000
0000 000000 0.000000 0.000000 0.000000 0.000000 1500 1500 2.846454 1500 24 694617 40.438910 1.231702 0.000000
0000 000000 0.000000 0.000000 0.000000 0.000000 1500 1500 2.847368 1500 24 744718 40.680343 1.242360 0.000000
0000 000000 0.000000 0.000000 0.000000 0.000000 1500 1500 2.847368 1500 24 794819 40.680343 1.242360 0.000000
0000 000000 0.000000 0.000000 0.000000 0.000000 1500 1500 2.848270 1500 24 844919 40.921922 1.253044 0.000000
0000 000000 0.000000 0.000000 0.000000 0.000000 1500 1500 2.848270 1500 24 895019 40.921922 1.253044 0.000000
0000 000000 0.000000 0.000000 0.000000 0.000000 1500 1500 2.849162 1500 24 945120 41.163646 1.263752 0.000000
0000 000000 0.000000 0.000000 0.000000 0.000000 1500 1500 2.849162 1500 24 995203 41.163646 1.263752 0.000000
0000 000000 0.000000 0.000000 0.000000 0.000000 1500 1500 2.850042 1500 25 45287 41.405512 1.274486 0.000000
0000 000000 0.000000 0.000000 0.000000 0.000000 1500 1500 2.850042 1500 25 95378 41.405512 1.274486 0.000000
0000 000000 0.000000 0.000000 0.000000 0.000000 1500 1500 2.850912 1500 25 145437 41.647519 1.285244 0.000000
0000 000000 0.000000 0.000000 0.000000 0.000000 1500 1500 2.850912 1500 25 195527 41.647519 1.285244 0.000000
0000 000000 0.000000 0.000000 0.000000 0.000000 1500 1500 2.851772 1500 25 245610 41.889664 1.296027 0.000000
0000 000000 0.000000 0.000000 0.000000 0.000000 1500 1500 2.851772 1500 25 295668 41.889664 1.296027 0.000000
0000 000000 0.000000 0.000000 0.000000 0.000000 1500 1500 2.852621 1500 25 345752 42.131946 1.306834 0.000000
0000 000000 0.000000 0.000000 0.000000 0.000000 1500 1500 2.852621 1500 25 395842 42.131946 1.306834 0.000000
0000 000000 0.000000 0.000000 0.000000 0.000000 1500 1500 2.853460 1500 25 445942 42.374363 1.317664 0.000000
0000 000000 0.000000 0.000000 0.000000 0.000000 1500 1500 2.853460 1500 25 496037 42.374363 1.317664 0.000000
0000 000000 0.000000 0.000000 0.000000 0.000000 1500 1500 2.854289 1500 25 546139 42.616913 1.328518 0.000000
0000 000000 0.000000 0.000000 0.000000 0.000000 1500 1500 2.854289 1500 25 596216 42.616913 1.328518 0.000000
0000 000000 0.000000 0.000000 0.000000 0.000000 1500 1500 2.855108 1500 25 646317 42.859595 1.339395 0.000000
0000 000000 0.000000 0.000000 0.000000 0.000000 1500 1500 2.855108 1500 25 696394 42.859595 1.339395 0.000000
0000 000000 0.000000 0.000000 0.000000 0.000000 1500 1500 2.855917 1500 25 746496 43.102406 1.350296 0.000000
0000 000000 0.000000 0.000000 0.000000 0.000000 1500 1500 2.855917 1500 25 796572 43.102406 1.350296 0.000000
0000 000000 0.000000 0.000000 0.000000 0.000000 1500 1500 2.856718 1500 25 846672 43.345344 1.361218 0.000000
0000 000000 0.000000 0.000000 0.000000 0.000000 1500 1500 2.856718 1500 25 896772 43.345344 1.361218 0.000000
0000 000000 0.000000 0.000000 0.000000 0.000000 1500 1500 2.857508 1500 25 946862 43.588409 1.372164 0.000000
0000 000000 0.000000 0.000000 0.000000 0.000000 1500 1500 2.857508 1500 25 996948 43.588409 1.372164 0.000000
0000 000000 0.000000 0.000000 0.000000 0.000000 1500 1500 2.858290 1500 26 47038 43.831598 1.383131 0.000000
0000 000000 0.000000 0.000000 0.000000 0.000000 1500 1500 2.858290 1500 26 97122 43.831598 1.383131 0.000000
0000 000000 0.000000 0.000000 0.000000 0.000000 1500 1500 2.859063 1500 26 147207 44.074910 1.394121 0.000000
0000 000000 0.000000 0.000000 0.000000 0.000000 1500 1500 2.859063 1500 26 197289 44.074910 1.394121 0.000000
0000 000000 0.000000 0.000000 0.000000 0.000000 1500 1500 2.859826 1500 26 247392 44.318342 1.405132 0.000000
0000 000000 0.000000 0.000000 0.000000 0.000000 1500 1500 2.859826 1500 26 297490 44.318342 1.405132 0.000000
0000 000000 0.000000 0.000000 0.000000 0.000000 1500 1500 2.860581 1500 26 347550 44.561894 1.416165 0.000000
0000 000000 0.000000 0.000000 0.000000 0.000000 1500 1500 2.860581 1500 26 397593 44.561894 1.416165 0.000000
0000 000000 0.000000 0.000000 0.000000 0.000000 1500 1500 2.861328 1500 26 447687 44.805564 1.427219 0.000000
0000 000000 0.000000 0.000000 0.000000 0.000000 1500 1500 2.861328 1500 26 497792 44.805564 1.427219 0.000000
0000 000000 0.000000 0.000000 0.000000 0.000000 1500 1500 2.862066 1500 26 547891 45.049350 1.438293 0.000000
0000 000000 0.000000 0.000000 0.000000 0.000000 1500 1500 2.862066 1500 26 597993 45.049350 1.438293 0.000000
0000 000000 0.000000 0.000000 0.000000 0.000000 1500 1500 2.862796 1500 26 648093 45.293250 1.449389 0.000000
0000 000000 0.000000 0.000000 0.000000 0.000000 1500 1500 2.862796 1500 26 698193 45.293250 1.449389 0.000000
0000 000000 0.000000 0.000000 0.000000 0.000000 1500 1500 2.863517 1500 26 748270 45.537263 1.460505 0.000000
0000 000000 0.000000 0.000000 0.000000 0.000000 1500 1500 2.863517 1500 26 798376 45.537263 1.460505 0.000000
0000 000000 0.000000 0.000000 0.000000 0.000000 1500 1500 2.864231 1500 26 848475 45.781388 1.471641 0.000000
0000 000000 0.000000 0.000000 0.000000 0.000000 1500 1500 2.864231 1500 26 898575 45.781388 1.471641 0.000000
0000 000000 0.000000 0.000000 0.000000 0.000000 1500 1500 2.864936 1500 26 948676 46.025623 1.482798 0.000000
0000 000000 0.000000 0.000000 0.000000 0.000000 1500 1500 2.864936 1500 26 998776 46.025623 1.482798 0.000000
0000 000000 0.000000 0.000000 0.000000 0.000000 1500 1500 2.865634 1500 27 48874 46.269966 1.493974 0.000000
0000 000000 0.000000 0.000000 0.000000 0.000000 1500 1500 2.865634 1500 27 98951 46.269966 1.493974 0.000000
0000 000000 0.000000 0.000000 0.000000 0.000000 1500 1500 2.866325 1500 27 149050 46.514417 1.505169 0.000000
0000 000000 0.000000 0.000000 0.000000 0.000000 1500 1500 2.866325 1500 27 199128 46.514417 1.505169 0.000000
0000 000000 0.000000 0.000000 0.000000 0.000000 1500 1500 2.867007 1500 27 249227 46.758973 1.516384 0.000000
0000 000000 0.000000 0.000000 0.000000 0.000000 1500 1500 2.867007 1500 27 299304 46.758973 1.516384 0.000000
0000 000000 0.000000 0.000000 0.000000 0.000000 1500 1500 2.867683 1500 27 349404 47.003633 1.527618 0.000000
0000 000000 0.000000 0.000000 0.000000 0.000000 1500 1500 2.867683 1500 27 399504 47.003633 1.527618 0.000000
0000 000000 0.000000 0.000000 0.000000 0.000000 1500 1500 2.868351 1500 27 449551 47.248395 1.538871 0.000000
0000 000000 0.000000 0.000000 0.000000 0.000000 1500 1500 2.868351 1500 27 499651 47.248395 1.538871 0.000000
0000 000000 0.000000 0.000000 0.000000 0.000000 1500 1500 2.869011 1500 27 549731 47.493260 1.550143 0.000000
0000 000000 0.000000 0.000000 0.000000 0.000000 1500 1500 2.869011 1500 27 599831 47.493260 1.550143 0.000000
0000 000000 0.000000 0.000000 0.000000 0.000000 1500 1500 2.869665 1500 27 649910 47.738224 1.561433 0.000000
0000 000000 0.000000 0.000000 0.000000 0.000000 1500 1500 2.869665 1500 27 700009 47.738224 1.561433 0.000000
0000 000000 0.000000 0.000000 0.000000 0.000000 1500 1500 2.870312 1500 27 750086 47.983286 1.572742 0.000000
0000 000000 0.000000 0.000000 0.000000 0.000000 1500 1500 2.870312 1500 27 800184 47.983286 1.572742 0.000000
0000 000000 0.000000 0.000000 0.000000 0.000000 1500 1500 2.870952 1500 27 850249 48.228446 1.584068 0.000000
0000 000000 0.000000 0.000000 0.000000 0.000000 1500 1500 2.870952 1500 27 900348 48.228446 1.584068 0.000000
0000 000000 0.000000 0.000000 0.000000 0.000000 1500 1500 2.871585 1500 27 950447 48.473702 1.595413 0.000000
0000 000000 0.000000 0.000000 0.000000 0.000000 1500 1500 2.871585 1500 28 546 48.473702 1.595413 0.000000
0000 000000 0.000000 0.000000 0.000000 0.000000 1500 1500 2.872212 1500 28 50623 48.719053 1.606775 0.000000
0000 000000 0.000000 0.000000 0.000000 0.000000 1500 1500 2.872212 1500 28 100723 48.719053 1.606775 0.000000
0000 000000 0.000000 0.000000 0.000000 0.000000 1500 1500 2.872832 1500 28 150799 48.964497 1.618154 0.000000
0000 000000 0.000000 0.000000 0.000000 0.000000 1500 1500 2.872832 1500 28 200902 48.964497 1.618154 0.000000
0000 000000 0.000000 0.000000 0.000000 0.000000 1500 1500 2.873445 1500 28 251000 49.210033 1.629551 0.000000
0000 000000 0.000000 0.000000 0.000000 0.000000 1500 1500 2.873445 1500 28 301078 49.210033 1.629551 0.000000
0000 000000 0.000000 0.000000 0.000000 0.000000 1500 1500 2.874052 1500 28 351177 49.455660 1.640965 0.000000
0000 000000 0.000000 0.000000 0.000000 0.000000 1500 1500 2.874052 1500 28 401253 49.455660 1.640965 0.000000
0000 000000 0.000000 0.000000 0.000000 0.000000 1500 1500 2.874653 1500 28 451355 49.701377 1.652396 0.000000
0000 000000 0.000000 0.000000 0.000000 0.000000 1500 1500 2.874653 1500 28 501454 49.701377 1.652396 0.000000
0000 000000 0.000000 0.000000 0.000000 0.000000 1500 1500 2.875248 1500 28 551519 49.947182 1.663843 0.000000
0000 000000 0.000000 0.000000 0.000000 0.000000 1500 1500 2.875248 1500 28 601598 49.947182 1.663843 0.000000
0000 000000 0.000000 0.000000 0.000000 0.000000 1500 1500 2.875836 1500 28 651676 50.193074 1.675307 0.000000
0000 000000 0.000000 0.000000 0.000000 0.000000 1500 1500 2.875836 1500 28 701766 50.193074 1.675307 0.000000
0000 000000 0.000000 0.000000 0.000000 0.000000 1500 1500 2.876419 1500 28 751867 50.439052 1.686787 0.000000
0000 000000 0.000000 0.000000 0.000000 0.000000 1500 1500 2.876419 1500 28 801968 50.439052 1.686787 0.000000
0000 000000 0.000000 0.000000 0.000000 0.000000 1500 1500 2.876996 1500 28 852069 50.685116 1.698283 0.000000
0000 000000 0.000000 0.000000 0.000000 0.000000 1500 1500 2.876996 1500 28 902134 50.685116 1.698283 0.000000
0000 000000 0.000000 0.000000 0.000000 0.000000 1500 1500 2.877567 1500 28 952234 50.931263 1.709796 0.000000
0000 000000 0.000000 0.000000 0.000000 0.000000 1500 1500 2.877567 1500 29 2311 50.931263 1.709796 0.000000
0000 000000 0.000000 0.000000 0.000000 0.000000 1500 1500 2.878132 1500 29 52387 51.177492 1.721323 0.000000
0000 000000 0.000000 0.000000 0.000000 0.000000 1500 1500 2.878132 1500 29 102486 51.177492 1.721323 0.000000
0000 000000 0.000000 0.000000 0.000000 0.000000 1500 1500 2.878692 1500 29 152587 51.423803 1.732867 0.000000
0000 000000 0.000000 0.000000 0.000000 0.000000 1500 1500 2.878692 1500 29 202687 51.423803 1.732867 0.000000
0000 000000 0.000000 0.000000 0.000000 0.000000 1500 1500 2.879246 1500 29 252787 51.670195 1.744426 0.000000
0000 000000 0.000000 0.000000 0.000000 0.000000 1500 1500 2.879246 1500 29 302887 51.670195 1.744426 0.000000
0000 000000 0.000000 0.000000 0.000000 0.000000 1500 1500 2.879794 1500 29 352962 51.916666 1.756000 0.000000
0000 000000 0.000000 0.000000 0.000000 0.000000 1500 1500 2.879794 1500 29 403041 51.916666 1.756000 0.000000
0000 000000 0.000000 0.000000 0.000000 0.000000 1500 1500 2.880337 1500 29 453100 52.163215 1.767589 0.000000
0000 000000 0.000000 0.000000 0.000000 0.000000 1500 1500 2.880337 1500 29 503179 52.163215 1.767589 0.000000
0000 000000 0.000000 0.000000 0.000000 0.000000 1500 1500 2.880875 1500 29 553299 52.409841 1.779193 0.000000
0000 000000 0.000000 0.000000 0.000000 0.000000 1500 1500 2.880875 1500 29 603383 52.409841 1.779193 0.000000
0000 000000 0.000000 0.000000 0.000000 0.000000 1500 1500 2.881408 1500 29 653482 52.656543 1.790812 0.000000
0000 000000 0.000000 0.000000 0.000000 0.000000 1500 1500 2.881408 1500 29 703567 52.656543 1.790812 0.000000
0000 000000 0.000000 0.000000 0.000000 0.000000 1500 1500 2.881935 1500 29 753653 52.903321 1.802445 0.000000
0000 000000 0.000000 0.000000 0.000000 0.000000 1500 1500 2.881935 1500 29 803752 52.903321 1.802445 0.000000
0000 000000 0.000000 0.000000 0.000000 0.000000 1500 1500 2.882457 1500 29 853868 53.150172 1.814093 0.000000
0000 000000 0.000000 0.000000 0.000000 0.000000 1500 1500 2.882457 1500 29 903966 53.150172 1.814093 0.000000
0000 000000 0.000000 0.000000 0.000000 0.000000 1500 1500 2.882974 1500 29 954045 53.397097 1.825755 0.000000
0000 000000 0.000000 0.000000 0.000000 0.000000 1500 1500 2.882974 1500 30 4144 53.397097 1.825755 0.000000
0000 000000 0.000000 0.000000 0.000000 0.000000 1500 1500 2.883487 1500 30 54246 53.644093 1.837430 0.000000
0000 000000 0.000000 0.000000 0.000000 0.000000 1500 1500 2.883487 1500 30 104328 53.644093 1.837430 0.000000
0000 000000 0.000000 0.000000 0.000000 0.000000 1500 1500 2.883994 1500 30 154384 53.891161 1.849120 0.000000
0000 000000 0.000000 0.000000 0.000000 0.000000 1500 1500 2.883994 1500 30 204465 53.891161 1.849120 0.000000
0000 000000 0.000000 0.000000 0.000000 0.000000 1500 1500 2.884496 1500 30 254550 54.138299 1.860824 0.000000
0000 000000 0.000000 0.000000 0.000000 0.000000 1500 1500 2.884496 1500 30 304648 54.138299 1.860824 0.000000
0000 000000 0.000000 0.000000 0.000000 0.000000 1500 1500 2.884994 1500 30 354725 54.385506 1.872541 0.000000
0000 000000 0.000000 0.000000 0.000000 0.000000 1500 1500 2.884994 1500 30 404825 54.385506 1.872541 0.000000
0000 000000 0.000000 0.000000 0.000000 0.000000 1500 1500 2.885487 1500 30 454926 54.632781 1.884271 0.000000
0000 000000 0.000000 0.000000 0.000000 0.000000 1500 1500 2.885487 1500 30 505010 54.632781 1.884271 0.000000
0000 000000 0.000000 0.000000 0.000000 0.000000 1500 1500 2.885976 1500 30 555071 54.880124 1.896015 0.000000
0000 000000 0.000000 0.000000 0.000000 0.000000 1500 1500 2.885976 1500 30 605170 54.880124 1.896015 0.000000
0000 000000 0.000000 0.000000 0.000000 0.000000 1500 1500 2.886459 1500 30 655271 55.127533 1.907772 0.000000
0000 000000 0.000000 0.000000 0.000000 0.000000 1500 1500 2.886459 1500 30 705371 55.127533 1.907772 0.000000
0000 000000 0.000000 0.000000 0.000000 0.000000 1500 1500 2.886939 1500 30 755471 55.375008 1.919542 0.000000
0000 000000 0.000000 0.000000 0.000000 0.000000 1500 1500 2.886939 1500 30 805569 55.375008 1.919542 0.000000
0000 000000 0.000000 0.000000 0.000000 0.000000 1500 1500 2.887414 1500 30 855669 55.622547 1.931324 0.000000
0000 000000 0.000000 0.000000 0.000000 0.000000 1500 1500 2.887414 1500 30 905769 55.622547 1.931324 0.000000
0000 000000 0.000000 0.000000 0.000000 0.000000 1500 1500 2.887884 1500 30 955869 55.870150 1.943120 0.000000
0000 000000 0.000000 0.000000 0.000000 0.000000 1500 1500 2.887884 1500 31 5971 55.870150 1.943120 0.000000
0000 000000 0.000000 0.000000 0.000000 0.000000 1500 1500 2.888350 1500 31 56070 56.117816 1.954928 0.000000
0000 000000 0.000000 0.000000 0.000000 0.000000 1500 1500 2.888350 1500 31 106145 56.117816 1.954928 0.000000
0000 000000 0.000000 0.000000 0.000000 0.000000 1500 1500 2.888812 1500 31 156244 56.365544 1.966748 0.000000
0000 000000 0.000000 0.000000 0.000000 0.000000 1500 1500 2.888812 1500 31 206344 56.365544 1.966748 0.000000
0000 000000 0.000000 0.000000 0.000000 0.000000 1500 1500 2.889270 1500 31 256444 56.613333 1.978581 0.000000
0000 000000 0.000000 0.000000 0.000000 0.000000 1500 1500 2.889270 1500 31 306524 56.613333 1.978581 0.000000
0000 000000 0.000000 0.000000 0.000000 0.000000 1500 1500 2.889723 1500 31 356625 56.861182 1.990425 0.000000
0000 000000 0.000000 0.000000 0.000000 0.000000 1500 1500 2.889723 1500 31 406725 56.861182 1.990425 0.000000
0000 000000 0.000000 0.000000 0.000000 0.000000 1500 1500 2.890173 1500 31 456824 57.109092 2.002282 0.000000
0000 000000 0.000000 0.000000 0.000000 0.000000 1500 1500 2.890173 1500 31 506924 57.109092 2.002282 0.000000
0000 000000 0.000000 0.000000 0.000000 0.000000 1500 1500 2.890618 1500 31 556993 57.357059 2.014151 0.000000
0000 000000 0.000000 0.000000 0.000000 0.000000 1500 1500 2.890618 1500 31 607093 57.357059 2.014151 0.000000
0000 000000 0.000000 0.000000 0.000000 0.000000 1500 1500 2.891060 1500 31 657173 57.605085 2.026031 0.000000
0000 000000 0.000000 0.000000 0.000000 0.000000 1500 1500 2.891060 1500 31 707271 57.605085 2.026031 0.000000
0000 000000 0.000000 0.000000 0.000000 0.000000 1500 1500 2.891497 1500 31 757371 57.853168 2.037923 0.000000
0000 000000 0.000000 0.000000 0.000000 0.000000 1500 1500 2.891497 1500 31 807470 57.853168 2.037923 0.000000
0000 000000 0.000000 0.000000 0.000000 0.000000 1500 1500 2.891931 1500 31 857569 58.101308 2.049826 0.000000
0000 000000 0.000000 0.000000 0.000000 0.000000 1500 1500 2.891931 1500 31 907668 58.101308 2.049826 0.000000
0000 000000 0.000000 0.000000 0.000000 0.000000 1500 1500 2.892360 1500 31 957767 58.349503 2.061740 0.000000
0000 000000 0.000000 0.000000 0.000000 0.000000 1500 1500 2.892360 1500 32 7867 58.349503 2.061740 0.000000
0000 000000 0.000000 0.000000 0.000000 0.000000 1500 1500 2.892786 1500 32 57973 58.597753 2.073666 0.000000
0000 000000 0.000000 0.000000 0.000000 0.000000 1500 1500 2.892786 1500 32 108056 58.597753 2.073666 0.000000
0000 000000 0.000000 0.000000 0.000000 0.000000 1500 1500 2.893208 1500 32 158140 58.846057 2.085603 0.000000
0000 000000 0.000000 0.000000 0.000000 0.000000 1500 1500 2.893208 1500 32 208239 58.846057 2.085603 0.000000
0000 000000 0.000000 0.000000 0.000000 0.000000 1500 1500 2.893627 1500 32 258340 59.094414 2.097551 0.000000
0000 000000 0.000000 0.000000 0.000000 0.000000 1500 1500 2.893627 1500 32 308417 59.094414 2.097551 0.000000
0000 000000 0.000000 0.000000 0.000000 0.000000 1500 1500 2.894042 1500 32 358519 59.342824 2.109510 0.000000
0000 000000 0.000000 0.000000 0.000000 0.000000 1500 1500 2.894042 1500 32 408596 59.342824 2.109510 0.000000
0000 000000 0.000000 0.000000 0.000000 0.000000 1500 1500 2.894453 1500 32 458696 59.591287 2.121479 0.000000
0000 000000 0.000000 0.000000 0.000000 0.000000 1500 1500 2.894453 1500 32 508797 59.591287 2.121479 0.000000
0000 000000 0.000000 0.000000 0.000000 0.000000 1500 1500 2.894860 1500 32 558897 59.839800 2.133459 0.000000
0000 000000 0.000000 0.000000 0.000000 0.000000 1500 1500 2.894860 1500 32 608998 59.839800 2.133459 0.000000
0000 000000 0.000000 0.000000 0.000000 0.000000 1500 1500 2.895265 1500 32 659099 60.088364 2.145449 0.000000
0000 000000 0.000000 0.000000 0.000000 0.000000 1500 1500 2.895265 1500 32 709200 60.088364 2.145449 0.000000
0000 000000 0.000000 0.000000 0.000000 0.000000 1500 1500 2.895665 1500 32 759299 60.336978 2.157450 0.000000
0000 000000 0.000000 0.000000 0.000000 0.000000 1500 1500 2.895665 1500 32 809400 60.336978 2.157450 0.000000
0000 000000 0.000000 0.000000 0.000000 0.000000 1500 1500 2.896062 1500 32 859500 60.585641 2.169461 0.000000
0000 000000 0.000000 0.000000 0.000000 0.000000 1500 1500 2.896062 1500 32 909599 60.585641 2.169461 0.000000
0000 000000 0.000000 0.000000 0.000000 0.000000 1500 1500 2.896456 1500 32 959698 60.834353 2.181482 0.000000
0000 000000 0.000000 0.000000 0.000000 0.000000 1500 1500 2.896456 1500 33 9775 60.834353 2.181482 0.000000
0000 000000 0.000000 0.000000 0.000000 0.000000 1500 1500 2.896847 1500 33 59876 61.083112 2.193513 0.000000
0000 000000 0.000000 0.000000 0.000000 0.000000 1500 1500 2.896847 1500 33 109959 61.083112 2.193513 0.000000
0000 000000 0.000000 0.000000 0.000000 0.000000 1500 1500 2.897234 1500 33 160058 61.331919 2.205554 0.000000
0000 000000 0.000000 0.000000 0.000000 0.000000 1500 1500 2.897234 1500 33 210136 61.331919 2.205554 0.000000
0000 000000 0.000000 0.000000 0.000000 0.000000 1500 1500 2.897618 1500 33 260236 61.580772 2.217605 0.000000
0000 000000 0.000000 0.000000 0.000000 0.000000 1500 1500 2.897618 1500 33 310337 61.580772 2.217605 0.000000
0000 000000 0.000000 0.000000 0.000000 0.000000 1500 1500 2.897999 1500 33 360438 61.829672 2.229665 0.000000
0000 000000 0.000000 0.000000 0.000000 0.000000 1500 1500 2.897999 1500 33 410538 61.829672 2.229665 0.000000
0000 000000 0.000000 0.000000 0.000000 0.000000 1500 1500 2.898376 1500 33 460638 62.078617 2.241735 0.000000
0000 000000 0.000000 0.000000 0.000000 0.000000 1500 1500 2.898376 1500 33 510737 62.078617 2.241735 0.000000
0000 000000 0.000000 0.000000 0.000000 0.000000 1500 1500 2.898751 1500 33 560809 62.327606 2.253815 0.000000
0000 000000 0.000000 0.000000 0.000000 0.000000 1500 1500 2.898751 1500 33 610909 62.327606 2.253815 0.000000
0000 000000 0.000000 0.000000 0.000000 0.000000 1500 1500 2.899122 1500 33 661008 62.576640 2.265903 0.000000
0000 000000 0.000000 0.000000 0.000000 0.000000 1500 1500 2.899122 1500 33 711108 62.576640 2.265903 0.000000
0000 000000 0.000000 0.000000 0.000000 0.000000 1500 1500 2.899490 1500 33 761209 62.825717 2.278001 0.000000
0000 000000 0.000000 0.000000 0.000000 0.000000 1500 1500 2.899490 1500 33 811311 62.825717 2.278001 0.000000
0000 000000 0.000000 0.000000 0.000000 0.000000 1500 1500 2.899855 1500 33 861409 63.074837 2.290109 0.000000
0000 000000 0.000000 0.000000 0.000000 0.000000 1500 1500 2.899855 1500 33 911488 63.074837 2.290109 0.000000
0000 000000 0.000000 0.000000 0.000000 0.000000 1500 1500 2.900217 1500 33 961587 63.323999 2.302225 0.000000
0000 000000 0.000000 0.000000 0.000000 0.000000 1500 1500 2.900217 1500 34 11688 63.323999 2.302225 0.000000
0000 000000 0.000000 0.000000 0.000000 0.000000 1500 1500 2.900577 1500 34 61789 63.573203 2.314350 0.000000
0000 000000 0.000000 0.000000 0.000000 0.000000 1500 1500 2.900577 1500 34 111876 63.573203 2.314350 0.000000
0000 000000 0.000000 0.000000 0.000000 0.000000 1500 1500 2.900933 1500 34 161961 63.822449 2.326484 0.000000
0000 000000 0.000000 0.000000 0.000000 0.000000 1500 1500 2.900933 1500 34 212046 63.822449 2.326484 0.000000
0000 000000 0.000000 0.000000 0.000000 0.000000 1500 1500 2.901286 1500 34 262146 64.071735 2.338627 0.000000
0000 000000 0.000000 0.000000 0.000000 0.000000 1500 1500 2.901286 1500 34 312246 64.071735 2.338627 0.000000
0000 000000 0.000000 0.000000 0.000000 0.000000 1500 1500 2.901637 1500 34 362323 64.321061 2.350778 0.000000
0000 000000 0.000000 0.000000 0.000000 0.000000 1500 1500 2.901637 1500 34 412423 64.321061 2.350778 0.000000
0000 000000 0.000000 0.000000 0.000000 0.000000 1500 1500 2.901985 1500 34 462515 64.570427 2.362938 0.000000
0000 000000 0.000000 0.000000 0.000000 0.000000 1500 1500 2.901985 1500 34 512613 64.570427 2.362938 0.000000
0000 000000 0.000000 0.000000 0.000000 0.000000 1500 1500 2.902330 1500 34 562690 64.819832 2.375107 0.000000
0000 000000 0.000000 0.000000 0.000000 0.000000 1500 1500 2.902330 1500 34 612790 64.819832 2.375107 0.000000
0000 000000 0.000000 0.000000 0.000000 0.000000 1500 1500 2.902672 1500 34 662890 65.069275 2.387283 0.000000
0000 000000 0.000000 0.000000 0.000000 0.000000 1500 1500 2.902672 1500 34 712990 65.069275 2.387283 0.000000
0000 000000 0.000000 0.000000 0.000000 0.000000 1500 1500 2.903011 1500 34 763090 65.318757 2.399469 0.000000
0000 000000 0.000000 0.000000 0.000000 0.000000 1500 1500 2.903011 1500 34 813190 65.318757 2.399469 0.000000
0000 000000 0.000000 0.000000 0.000000 0.000000 1500 1500 2.903348 1500 34 863290 65.568275 2.411662 0.000000
0000 000000 0.000000 0.000000 0.000000 0.000000 1500 1500 2.903348 1500 34 913394 65.568275 2.411662 0.000000
0000 000000 0.000000 0.000000 0.000000 0.000000 1500 1500 2.903682 1500 34 963494 65.817831 2.423863 0.000000
0000 000000 0.000000 0.000000 0.000000 0.000000 1500 1500 2.903682 1500 35 13580 65.817831 2.423863 0.000000
0000 000000 0.000000 0.000000 0.000000 0.000000 1500 1500 2.904014 1500 35 63680 66.067423 2.436072 0.000000
0000 000000 0.000000 0.000000 0.000000 0.000000 1500 1500 2.904014 1500 35 113779 66.067423 2.436072 0.000000
0000 000000 0.000000 0.000000 0.000000 0.000000 1500 1500 2.904343 1500 35 163878 66.317052 2.448290 0.000000
0000 000000 0.000000 0.000000 0.000000 0.000000 1500 1500 2.904343 1500 35 213978 66.317052 2.448290 0.000000
0000 000000 0.000000 0.000000 0.000000 0.000000 1500 1500 2.904669 1500 35 264050 66.566715 2.460515 0.000000
0000 000000 0.000000 0.000000 0.000000 0.000000 1500 1500 2.904669 1500 35 314150 66.566715 2.460515 0.000000
0000 000000 0.000000 0.000000 0.000000 0.000000 1500 1500 2.904993 1500 35 364251 66.816414 2.472748 0.000000
0000 000000 0.000000 0.000000 0.000000 0.000000 1500 1500 2.904993 1500 35 414351 66.816414 2.472748 0.000000
0000 000000 0.000000 0.000000 0.000000 0.000000 1500 1500 2.905314 1500 35 464435 67.066147 2.484988 0.000000
0000 000000 0.000000 0.000000 0.000000 0.000000 1500 1500 2.905314 1500 35 514518 67.066147 2.484988 0.000000
0000 000000 0.000000 0.000000 0.000000 0.000000 1500 1500 2.905633 1500 35 564618 67.315914 2.497236 0.000000
0000 000000 0.000000 0.000000 0.000000 0.000000 1500 1500 2.905633 1500 35 614719 67.315914 2.497236 0.000000
0000 000000 0.000000 0.000000 0.000000 0.000000 1500 1500 2.905949 1500 35 664820 67.565715 2.509492 0.000000
0000 000000 0.000000 0.000000 0.000000 0.000000 1500 1500 2.905949 1500 35 714920 67.565715 2.509492 0.000000
0000 000000 0.000000 0.000000 0.000000 0.000000 1500 1500 2.906263 1500 35 765020 67.815549 2.521755 0.000000
0000 000000 0.000000 0.000000 0.000000 0.000000 1500 1500 2.906263 1500 35 815122 67.815549 2.521755 0.000000
0000 000000 0.000000 0.000000 0.000000 0.000000 1500 1500 2.906574 1500 35 865222 68.065416 2.534025 0.000000
0000 000000 0.000000 0.000000 0.000000 0.000000 1500 1500 2.906574 1500 35 915322 68.065416 2.534025 0.000000
0000 000000 0.000000 0.000000 0.000000 0.000000 1500 1500 2.906884 1500 35 965426 68.315315 2.546302 0.000000
0000 000000 0.000000 0.000000 0.000000 0.000000 1500 1500 2.906884 1500 36 15526 68.315315 2.546302 0.000000
0000 000000 0.000000 0.000000 0.000000 0.000000 1500 1500 2.907190 1500 36 65599 68.565246 2.558587 0.000000
0000 000000 0.000000 0.000000 0.000000 0.000000 1500 1500 2.907190 1500 36 115703 68.565246 2.558587 0.000000
0000 000000 0.000000 0.000000 0.000000 0.000000 1500 1500 2.907495 1500 36 165804 68.815208 2.570879 0.000000
0000 000000 0.000000 0.000000 0.000000 0.000000 1500 1500 2.907495 1500 36 215904 68.815208 2.570879 0.000000
0000 000000 0.000000 0.000000 0.000000 0.000000 1500 1500 2.907797 1500 36 266006 69.065201 2.583177 0.000000
0000 000000 0.000000 0.000000 0.000000 0.000000 1500 1500 2.907797 1500 36 316107 69.065201 2.583177 0.000000
0000 000000 0.000000 0.000000 0.000000 0.000000 1500 1500 2.908097 1500 36 366209 69.315225 2.595483 0.000000
0000 000000 0.000000 0.000000 0.000000 0.000000 1500 1500 2.908097 1500 36 416290 69.315225 2.595483 0.000000
0000 000000 0.000000 0.000000 0.000000 0.000000 1500 1500 2.908395 1500 36 466392 69.565279 2.607796 0.000000
0000 000000 0.000000 0.000000 0.000000 0.000000 1500 1500 2.908395 1500 36 516492 69.565279 2.607796 0.000000
0000 000000 0.000000 0.000000 0.000000 0.000000 1500 1500 2.908690 1500 36 566594 69.815362 2.620115 0.000000
0000 000000 0.000000 0.000000 0.000000 0.000000 1500 1500 2.908690 1500 36 616694 69.815362 2.620115 0.000000
0000 000000 0.000000 0.000000 0.000000 0.000000 1500 1500 2.908983 1500 36 666796 70.065475 2.632441 0.000000
0000 000000 0.000000 0.000000 0.000000 0.000000 1500 1500 2.908983 1500 36 716898 70.065475 2.632441 0.000000
0000 000000 0.000000 0.000000 0.000000 0.000000 1500 1500 2.909274 1500 36 766999 70.315617 2.644774 0.000000
0000 000000 0.000000 0.000000 0.000000 0.000000 1500 1500 2.909274 1500 36 817097 70.315617 2.644774 0.000000
0000 000000 0.000000 0.000000 0.000000 0.000000 1500 1500 2.909563 1500 36 867196 70.565787 2.657113 0.000000
0000 000000 0.000000 0.000000 0.000000 0.000000 1500 1500 2.909563 1500 36 917294 70.565787 2.657113 0.000000
0000 000000 0.000000 0.000000 0.000000 0.000000 1500 1500 2.909850 1500 36 967394 70.815985 2.669459 0.000000
0000 000000 0.000000 0.000000 0.000000 0.000000 1500 1500 2.909850 1500 37 17495 70.815985 2.669459 0.000000
0000 000000 0.000000 0.000000 0.000000 0.000000 1500 1500 2.910135 1500 37 67595 71.066212 2.681811 0.000000
0000 000000 0.000000 0.000000 0.000000 0.000000 1500 1500 2.910135 1500 37 117693 71.066212 2.681811 0.000000
0000 000000 0.000000 0.000000 0.000000 0.000000 1500 1500 2.910417 1500 37 167767 71.316465 2.694169 0.000000
0000 000000 0.000000 0.000000 0.000000 0.000000 1500 1500 2.910417 1500 37 217866 71.316465 2.694169 0.000000
0000 000000 0.000000 0.000000 0.000000 0.000000 1500 1500 2.910698 1500 37 267965 71.566746 2.706534 0.000000
0000 000000 0.000000 0.000000 0.000000 0.000000 1500 1500 2.910698 1500 37 318064 71.566746 2.706534 0.000000
0000 000000 0.000000 0.000000 0.000000 0.000000 1500 1500 2.910976 1500 37 368166 71.817053 2.718905 0.000000
0000 000000 0.000000 0.000000 0.000000 0.000000 1500 1500 2.910976 1500 37 418249 71.817053 2.718905 0.000000
0000 000000 0.000000 0.000000 0.000000 0.000000 1500 1500 2.911253 1500 37 468343 72.067387 2.731282 0.000000
0000 000000 0.000000 0.000000 0.000000 0.000000 1500 1500 2.911253 1500 37 518441 72.067387 2.731282 0.000000
0000 000000 0.000000 0.000000 0.000000 0.000000 1500 1500 2.911527 1500 37 568542 72.317746 2.743665 0.000000
0000 000000 0.000000 0.000000 0.000000 0.000000 1500 1500 2.911527 1500 37 618644 72.317746 2.743665 0.000000
0000 000000 0.000000 0.000000 0.000000 0.000000 1500 1500 2.911800 1500 37 668745 72.568131 2.756055 0.000000
0000 000000 0.000000 0.000000 0.000000 0.000000 1500 1500 2.911800 1500 37 718845 72.568131 2.756055 0.000000
0000 000000 0.000000 0.000000 0.000000 0.000000 1500 1500 2.912071 1500 37 768911 72.818541 2.768450 0.000000
0000 000000 0.000000 0.000000 0.000000 0.000000 1500 1500 2.912071 1500 37 819030 72.818541 2.768450 0.000000
0000 000000 0.000000 0.000000 0.000000 0.000000 1500 1500 2.912339 1500 37 869128 73.068976 2.780851 0.000000
0000 000000 0.000000 0.000000 0.000000 0.000000 1500 1500 2.912339 1500 37 919192 73.068976 2.780851 0.000000
0000 000000 0.000000 0.000000 0.000000 0.000000 1500 1500 2.912606 1500 37 969290 73.319436 2.793258 0.000000
0000 000000 0.000000 0.000000 0.000000 0.000000 1500 1500 2.912606 1500 38 19371 73.319436 2.793258 0.000000
0000 000000 0.000000 0.000000 0.000000 0.000000 1500 1500 2.912871 1500 38 69470 73.569920 2.805670 0.000000
0000 000000 0.000000 0.000000 0.000000 0.000000 1500 1500 2.912871 1500 38 119554 73.569920 2.805670 0.000000
0000 000000 0.000000 0.000000 0.000000 0.000000 1500 1500 2.913134 1500 38 169641 73.820428 2.818089 0.000000
0000 000000 0.000000 0.000000 0.000000 0.000000 1500 1500 2.913134 1500 38 219717 73.820428 2.818089 0.000000
0000 000000 0.000000 0.000000 0.000000 0.000000 1500 1500 2.913395 1500 38 269821 74.070959 2.830513 0.000000
0000 000000 0.000000 0.000000 0.000000 0.000000 1500 1500 2.913395 1500 38 319920 74.070959 2.830513 0.000000
0000 000000 0.000000 0.000000 0.000000 0.000000 1500 1500 2.913654 1500 38 370020 74.321514 2.842942 0.000000
0000 000000 0.000000 0.000000 0.000000 0.000000 1500 1500 2.913654 1500 38 420098 74.321514 2.842942 0.000000
0000 000000 0.000000 0.000000 0.000000 0.000000 1500 1500 2.913912 1500 38 470179 74.572091 2.855377 0.000000
0000 000000 0.000000 0.000000 0.000000 0.000000 1500 1500 2.913912 1500 38 520262 74.572091 2.855377 0.000000
0000 000000 0.000000 0.000000 0.000000 0.000000 1500 1500 2.914167 1500 38 570346 74.822692 2.867818 0.000000
0000 000000 0.000000 0.000000 0.000000 0.000000 1500 1500 2.914167 1500 38 620445 74.822692 2.867818 0.000000
0000 000000 0.000000 0.000000 0.000000 0.000000 1500 1500 2.914421 1500 38 670525 75.073314 2.880263 0.000000
0000 000000 0.000000 0.000000 0.000000 0.000000 1500 1500 2.914421 1500 38 720626 75.073314 2.880263 0.000000
0000 000000 0.000000 0.000000 0.000000 0.000000 1500 1500 2.914673 1500 38 770728 75.323959 2.892715 0.000000
0000 000000 0.000000 0.000000 0.000000 0.000000 1500 1500 2.914673 1500 38 820827 75.323959 2.892715 0.000000
0000 000000 0.000000 0.000000 0.000000 0.000000 1500 1500 2.914924 1500 38 870927 75.574625 2.905171 0.000000
0000 000000 0.000000 0.000000 0.000000 0.000000 1500 1500 2.914924 1500 38 921025 75.574625 2.905171 0.000000
0000 000000 0.000000 0.000000 0.000000 0.000000 1500 1500 2.915173 1500 38 971126 75.825313 2.917633 0.000000
0000 000000 0.000000 0.000000 0.000000 0.000000 1500 1500 2.915173 1500 39 21224 75.825313 2.917633 0.000000
0000 000000 0.000000 0.000000 0.000000 0.000000 1500 1500 2.915420 1500 39 71324 76.076021 2.930100 0.000000
0000 000000 0.000000 0.000000 0.000000 0.000000 1500 1500 2.915420 1500 39 121424 76.076021 2.930100 0.000000
0000 000000 0.000000 0.000000 0.000000 0.000000 1500 1500 2.915665 1500 39 171525 76.326751 2.942572 0.000000
0000 000000 0.000000 0.000000 0.000000 0.000000 1500 1500 2.915665 1500 39 221623 76.326751 2.942572 0.000000
0000 000000 0.000000 0.000000 0.000000 0.000000 1500 1500 2.915909 1500 39 271723 76.577501 2.955049 0.000000
0000 000000 0.000000 0.000000 0.000000 0.000000 1500 1500 2.915909 1500 39 321821 76.577501 2.955049 0.000000
0000 000000 0.000000 0.000000 0.000000 0.000000 1500 1500 2.916150 1500 39 371920 76.828272 2.967531 0.000000
0000 000000 0.000000 0.000000 0.000000 0.000000 1500 1500 2.916150 1500 39 422018 76.828272 2.967531 0.000000
0000 000000 0.000000 0.000000 0.000000 0.000000 1500 1500 2.916391 1500 39 472117 77.079062 2.980018 0.000000
0000 000000 0.000000 0.000000 0.000000 0.000000 1500 1500 2.916391 1500 39 522217 77.079062 2.980018 0.000000
0000 000000 0.000000 0.000000 0.000000 0.000000 1500 1500 2.916630 1500 39 572319 77.329873 2.992510 0.000000
0000 000000 0.000000 0.000000 0.000000 0.000000 1500 1500 2.916630 1500 39 622396 77.329873 2.992510 0.000000
0000 000000 0.000000 0.000000 0.000000 0.000000 1500 1500 2.916867 1500 39 672495 77.580702 3.005007 0.000000
0000 000000 0.000000 0.000000 0.000000 0.000000 1500 1500 2.916867 1500 39 722594 77.580702 3.005007 0.000000
0000 000000 0.000000 0.000000 0.000000 0.000000 1500 1500 2.917102 1500 39 772695 77.831551 3.017509 0.000000
0000 000000 0.000000 0.000000 0.000000 0.000000 1500 1500 2.917102 1500 39 822794 77.831551 3.017509 0.000000
0000 000000 0.000000 0.000000 0.000000 0.000000 1500 1500 2.917336 1500 39 872857 78.082419 3.030015 0.000000
0000 000000 0.000000 0.000000 0.000000 0.000000 1500 1500 2.917336 1500 39 922957 78.082419 3.030015 0.000000
0000 000000 0.000000 0.000000 0.000000 0.000000 1500 1500 2.917569 1500 39 973055 78.333306 3.042526 0.000000
0000 000000 0.000000 0.000000 0.000000 0.000000 1500 1500 2.917569 1500 40 23138 78.333306 3.042526 0.000000
