0000 000000 0.000000 0.000000 0.000000 0.000000 1500 1500 0.000000 950 0 500371 0.000000 0.000000 0.000000
0000 000000 0.000000 0.000000 0.000000 0.000000 1500 1500 0.000000 950 0 550471 0.000000 0.000000 0.000000
0000 000000 0.000000 0.000000 0.000000 0.000000 1500 1500 0.000000 950 0 600544 0.000000 0.000000 0.000000
0000 000000 0.000000 0.000000 0.000000 0.000000 1500 1500 0.000000 950 0 650642 0.000000 0.000000 0.000000
0000 000000 0.000000 0.000000 0.000000 0.000000 1500 1500 0.000000 950 0 700740 0.000000 0.000000 0.000000
0000 000000 0.000000 0.000000 0.000000 0.000000 1500 1500 0.000000 950 0 750837 0.000000 0.000000 0.000000
0000 000000 0.000000 0.000000 0.000000 0.000000 1500 1500 0.000000 950 0 800938 0.000000 0.000000 0.000000
0000 000000 0.000000 0.000000 0.000000 0.000000 1500 1500 0.000000 950 0 851035 0.000000 0.000000 0.000000
0000 000000 0.000000 0.000000 0.000000 0.000000 1500 1500 0.000000 950 0 901135 0.000000 0.000000 0.000000
0000 000000 0.000000 0.000000 0.000000 0.000000 1500 1500 0.000000 950 0 951236 0.000000 0.000000 0.000000
0000 000000 0.000000 0.000000 0.000000 0.000000 1500 1500 0.000000 950 1 1336 0.000000 0.000000 0.000000
0000 000000 0.000000 0.000000 0.000000 0.000000 1500 1500 0.000000 950 1 51434 0.000000 0.000000 0.000000
0000 000000 0.000000 0.000000 0.000000 0.000000 1500 1500 0.000000 950 1 101534 0.000000 0.000000 0.000000
0000 000000 0.000000 0.000000 0.000000 0.000000 1500 1500 0.000000 950 1 151631 0.000000 0.000000 0.000000
0000 000000 0.000000 0.000000 0.000000 0.000000 1500 1500 0.000000 950 1 201731 0.000000 0.000000 0.000000
0000 000000 0.000000 0.000000 0.000000 0.000000 1500 1500 0.000000 950 1 251828 0.000000 0.000000 0.000000
0000 000000 0.000000 0.000000 0.000000 0.000000 1500 1500 0.000000 950 1 301927 0.000000 0.000000 0.000000
0000 000000 0.000000 0.000000 0.000000 0.000000 1500 1500 0.000000 950 1 352025 0.000000 0.000000 0.000000
0000 000000 0.000000 0.000000 0.000000 0.000000 1500 1500 0.000000 950 1 402124 0.000000 0.000000 0.000000
0000 000000 0.000000 0.000000 0.000000 0.000000 1500 1500 0.000000 950 1 452221 0.000000 0.000000 0.000000
0000 000000 0.000000 0.000000 0.000000 0.000000 1500 1500 0.000000 950 1 502320 0.000000 0.000000 0.000000
0000 000000 0.000000 0.000000 0.000000 0.000000 1500 1500 0.000000 950 1 552418 0.000000 0.000000 0.000000
0000 000000 0.000000 0.000000 0.000000 0.000000 1500 1500 0.000000 950 1 602489 0.000000 0.000000 0.000000
0000 000000 0.000000 0.000000 0.000000 0.000000 1500 1500 0.000000 950 1 652588 0.000000 0.000000 0.000000
0000 000000 0.000000 0.000000 0.000000 0.000000 1500 1500 0.000000 950 1 702686 0.000000 0.000000 0.000000
0000 000000 0.000000 0.000000 0.000000 0.000000 1500 1500 0.000000 950 1 752784 0.000000 0.000000 0.000000
0000 000000 0.000000 0.000000 0.000000 0.000000 1500 1500 0.000000 950 1 802880 0.000000 0.000000 0.000000
0000 000000 0.000000 0.000000 0.000000 0.000000 1500 1500 0.000000 950 1 852977 0.000000 0.000000 0.000000
0000 000000 0.000000 0.000000 0.000000 0.000000 1500 1500 0.000000 950 1 903074 0.000000 0.000000 0.000000
0000 000000 0.000000 0.000000 0.000000 0.000000 1500 1500 0.000000 950 1 953174 0.000000 0.000000 0.000000
0000 000000 0.000000 0.000000 0.000000 0.000000 1500 1500 0.000000 950 2 3255 0.000000 0.000000 0.000000
0000 000000 0.000000 0.000000 0.000000 0.000000 1500 1500 0.000000 950 2 53351 0.000000 0.000000 0.000000
0000 000000 0.000000 0.000000 0.000000 0.000000 1500 1500 0.000000 950 2 103447 0.000000 0.000000 0.000000
0000 000000 0.000000 0.000000 0.000000 0.000000 1500 1500 0.000000 950 2 153544 0.000000 0.000000 0.000000
0000 000000 0.000000 0.000000 0.000000 0.000000 1500 1500 0.000000 950 2 203640 0.000000 0.000000 0.000000
0000 000000 0.000000 0.000000 0.000000 0.000000 1500 1500 0.000000 950 2 253736 0.000000 0.000000 0.000000
0000 000000 0.000000 0.000000 0.000000 0.000000 1500 1500 0.000000 950 2 303832 0.000000 0.000000 0.000000
0000 000000 0.000000 0.000000 0.000000 0.000000 1500 1500 0.000000 950 2 353929 0.000000 0.000000 0.000000
0000 000000 0.000000 0.000000 0.000000 0.000000 1500 1500 0.000000 950 2 404026 0.000000 0.000000 0.000000
0000 000000 0.000000 0.000000 0.000000 0.000000 1500 1500 0.000000 950 2 454122 0.000000 0.000000 0.000000
0000 000000 0.000000 0.000000 0.000000 0.000000 1500 1500 0.000000 950 2 504218 0.000000 0.000000 0.000000
0000 000000 0.000000 0.000000 0.000000 0.000000 1500 1500 0.000000 950 2 554400 0.000000 0.000000 0.000000
0000 000000 0.000000 0.000000 0.000000 0.000000 1500 1500 0.000000 950 2 604500 0.000000 0.000000 0.000000
0000 000000 0.000000 0.000000 0.000000 0.000000 1500 1500 0.000000 950 2 654596 0.000000 0.000000 0.000000
0000 000000 0.000000 0.000000 0.000000 0.000000 1500 1500 0.000000 950 2 704676 0.000000 0.000000 0.000000
0000 000000 0.000000 0.000000 0.000000 0.000000 1500 1500 0.000000 950 2 754774 0.000000 0.000000 0.000000
0000 000000 0.000000 0.000000 0.000000 0.000000 1500 1500 0.000000 950 2 804848 0.000000 0.000000 0.000000
0000 000000 0.000000 0.000000 0.000000 0.000000 1500 1500 0.450683 1500 2 854948 0.003413 0.000000 0.000000
0000 000000 0.000000 0.000000 0.000000 0.000000 1500 1500 0.451866 1500 2 905027 0.010107 0.000763 0.000000
0000 000000 0.000000 0.000000 0.000000 0.000000 1500 1500 0.453448 1500 2 955091 0.019930 0.002649 0.000000
0000 000000 0.000000 0.000000 0.000000 0.000000 1500 1500 0.455377 1500 3 5192 0.032769 0.005826 0.000000
0000 000000 0.000000 0.000000 0.000000 0.000000 1500 1500 0.457629 1500 3 55269 0.048544 0.010370 0.000000
0000 000000 0.000000 0.000000 0.000000 0.000000 1500 1500 0.460193 1500 3 105362 0.067191 0.016311 0.000000
0000 000000 0.000000 0.000000 0.000000 0.000000 1500 1500 0.463069 1500 3 155438 0.088658 0.023660 0.000000
0000 000000 0.000000 0.000000 0.000000 0.000000 1500 1500 0.466258 1500 3 205503 0.112897 0.032415 0.000000
0000 000000 0.000000 0.000000 0.000000 0.000000 1500 1500 0.469767 1500 3 255586 0.139866 0.042573 0.000000
0000 000000 0.000000 0.000000 0.000000 0.000000 1500 1500 0.473604 1500 3 305669 0.169519 0.054126 0.000000
0000 000000 0.000000 0.000000 0.000000 0.000000 1500 1500 0.477778 1500 3 355748 0.201816 0.067067 0.000000
0000 000000 0.000000 0.000000 0.000000 0.000000 1500 1500 0.482300 1500 3 405846 0.236713 0.081391 0.000000
0000 000000 0.000000 0.000000 0.000000 0.000000 1500 1500 0.487183 1500 3 455911 0.274169 0.097091 0.000000
0000 000000 0.000000 0.000000 0.000000 0.000000 1500 1500 0.492440 1500 3 506010 0.314143 0.114163 0.000000
0000 000000 0.000000 0.000000 0.000000 0.000000 1500 1500 0.498086 1500 3 556090 0.356592 0.132603 0.000000
0000 000000 0.000000 0.000000 0.000000 0.000000 1500 1500 0.504136 1500 3 606190 0.401475 0.152409 0.000000
0000 000000 0.000000 0.000000 0.000000 0.000000 1500 1500 0.510607 1500 3 656270 0.448748 0.173579 0.000000
0000 000000 0.000000 0.000000 0.000000 0.000000 1500 1500 0.517517 1500 3 706371 0.498371 0.196113 0.000000
0000 000000 0.000000 0.000000 0.000000 0.000000 1500 1500 0.524883 1500 3 756436 0.550301 0.220011 0.000000
0000 000000 0.000000 0.000000 0.000000 0.000000 1500 1500 0.532726 1500 3 806537 0.604494 0.245277 0.000000
0000 000000 0.000000 0.000000 0.000000 0.000000 1500 1500 0.541065 1500 3 856635 0.660908 0.271913 0.000000
0000 000000 0.000000 0.000000 0.000000 0.000000 1500 1500 0.549920 1500 3 906737 0.719499 0.299924 0.000000
0000 000000 0.000000 0.000000 0.000000 0.000000 1500 1500 0.559313 1500 3 956842 0.780223 0.329316 0.000000
0000 000000 0.000000 0.000000 0.000000 0.000000 1500 1500 0.569266 1500 4 6919 0.843036 0.360096 0.000000
0000 000000 0.000000 0.000000 0.000000 0.000000 1500 1500 0.579800 1500 4 57020 0.907891 0.392272 0.000000
0000 000000 0.000000 0.000000 0.000000 0.000000 1500 1500 0.590937 1500 4 107098 0.974745 0.425855 0.000000
0000 000000 0.000000 0.000000 0.000000 0.000000 1500 1500 0.602700 1500 4 157199 1.043549 0.460856 0.000000
0000 000000 0.000000 0.000000 0.000000 0.000000 1500 1500 0.615110 1500 4 207280 1.114257 0.497288 0.000000
0000 000000 0.000000 0.000000 0.000000 0.000000 1500 1500 0.628189 1500 4 257384 1.186819 0.535163 0.000000
0000 000000 0.000000 0.000000 0.000000 0.000000 1500 1500 0.641958 1500 4 307482 1.261188 0.574498 0.000000
0000 000000 0.000000 0.000000 0.000000 0.000000 1500 1500 0.656439 1500 4 357553 1.337312 0.615310 0.000000
0000 000000 0.000000 0.000000 0.000000 0.000000 1500 1500 0.671650 1500 4 407650 1.415139 0.657615 0.000000
0000 000000 0.000000 0.000000 0.000000 0.000000 1500 1500 0.687610 1500 4 457719 1.494617 0.701434 0.000000
0000 000000 0.000000 0.000000 0.000000 0.000000 1500 1500 0.704337 1500 4 507817 1.575692 0.746786 0.000000
0000 000000 0.000000 0.000000 0.000000 0.000000 1500 1500 0.721847 1500 4 557898 1.658306 0.793694 0.000000
0000 000000 0.000000 0.000000 0.000000 0.000000 1500 1500 0.740154 1500 4 607997 1.742404 0.842181 0.000000
0000 000000 0.000000 0.000000 0.000000 0.000000 1500 1500 0.759269 1500 4 658080 1.827925 0.892269 0.000000
0000 000000 0.000000 0.000000 0.000000 0.000000 1500 1500 0.779205 1500 4 708166 1.914809 0.943984 0.000000
0000 000000 0.000000 0.000000 0.000000 0.000000 1500 1500 0.799967 1500 4 758248 2.002993 0.997353 0.000000
0000 000000 0.000000 0.000000 0.000000 0.000000 1500 1500 0.821562 1500 4 808327 2.092412 1.052400 0.000000
0000 000000 0.000000 0.000000 0.000000 0.000000 1500 1500 0.843992 1500 4 858418 2.182998 1.109154 0.000000
0000 000000 0.000000 0.000000 0.000000 0.000000 1500 1500 0.867257 1500 4 908502 2.274683 1.167642 0.000000
0000 000000 0.000000 0.000000 0.000000 0.000000 1500 1500 0.891355 1500 4 958592 2.367394 1.227892 0.000000
0000 000000 0.000000 0.000000 0.000000 0.000000 1500 1500 0.916278 1500 5 8679 2.461059 1.289933 0.000000
0000 000000 0.000000 0.000000 0.000000 0.000000 1500 1500 0.942019 1500 5 58777 2.555601 1.353793 0.000000
0000 000000 0.000000 0.000000 0.000000 0.000000 1500 1500 0.968564 1500 5 108877 2.650940 1.419499 0.000000
0000 000000 0.000000 0.000000 0.000000 0.000000 1500 1500 0.995898 1500 5 158977 2.746997 1.487079 0.000000
0000 000000 0.000000 0.000000 0.000000 0.000000 1500 1500 1.024002 1500 5 209078 2.843686 1.556560 0.000000
0000 000000 0.000000 0.000000 0.000000 0.000000 1500 1500 1.052856 1500 5 259143 2.940923 1.627968 0.000000
0000 000000 0.000000 0.000000 0.000000 0.000000 1500 1500 1.082434 1500 5 309244 3.038618 1.701328 0.000000
0000 000000 0.000000 0.000000 0.000000 0.000000 1500 1500 1.112709 1500 5 359344 3.136681 1.776664 0.000000
0000 000000 0.000000 0.000000 0.000000 0.000000 1500 1500 1.287211 1500 5 409446 3.235018 1.853997 0.000000
0000 000000 0.000000 0.000000 0.000000 0.000000 1500 1500 1.293165 1500 5 459545 3.333309 1.933447 0.000000
0000 000000 0.000000 0.000000 0.000000 0.000000 1500 1500 1.299251 1500 5 509646 3.431384 2.015051 0.000000
0000 000000 0.000000 0.000000 0.000000 0.000000 1500 1500 1.305475 1500 5 559746 3.529147 2.098812 0.000000
0000 000000 0.000000 0.000000 0.000000 0.000000 1500 1500 1.311849 1500 5 609811 3.626544 2.184718 0.000000
0000 000000 0.000000 0.000000 0.000000 0.000000 1500 1500 1.318387 1500 5 659912 3.723539 2.272751 0.000000
0000 000000 0.000000 0.000000 0.000000 0.000000 1500 1500 1.325106 1500 5 710013 3.820106 2.362891 0.000000
0000 000000 0.000000 0.000000 0.000000 0.000000 1500 1500 1.332028 1500 5 760113 3.916225 2.455118 0.000000
0000 000000 0.000000 0.000000 0.000000 0.000000 1500 1500 1.339175 1500 5 810213 4.011878 2.549408 0.000000
0000 000000 0.000000 0.000000 0.000000 0.000000 1500 1500 1.346571 1500 5 860318 4.107046 2.645740 0.000000
0000 000000 0.000000 0.000000 0.000000 0.000000 1500 1500 1.354247 1500 5 910396 4.201711 2.744093 0.000000
0000 000000 0.000000 0.000000 0.000000 0.000000 1500 1500 1.362235 1500 5 960492 4.295855 2.844444 0.000000
0000 000000 0.000000 0.000000 0.000000 0.000000 1500 1500 1.370571 1500 6 10597 4.389459 2.946773 0.000000
0000 000000 0.000000 0.000000 0.000000 0.000000 1500 1500 1.379298 1500 6 60698 4.482505 3.051059 0.000000
0000 000000 0.000000 0.000000 0.000000 0.000000 1500 1500 1.388464 1500 6 110799 4.574971 3.157280 0.000000
0000 000000 0.000000 0.000000 0.000000 0.000000 1500 1500 1.398124 1500 6 160901 4.666835 3.265418 0.000000
0000 000000 0.000000 0.000000 0.000000 0.000000 1500 1500 1.408343 1500 6 211001 4.758076 3.375451 0.000000
0000 000000 0.000000 0.000000 0.000000 0.000000 1500 1500 1.419195 1500 6 261103 4.848668 3.487359 0.000000
0000 000000 0.000000 0.000000 0.000000 0.000000 1500 1500 1.430769 1500 6 311203 4.938586 3.601124 0.000000
0000 000000 0.000000 0.000000 0.000000 0.000000 1500 1500 1.443168 1500 6 361283 5.027803 3.716726 0.000000
0000 000000 0.000000 0.000000 0.000000 0.000000 1500 1500 1.456515 1500 6 411383 5.116287 3.834146 0.000000
0000 000000 0.000000 0.000000 0.000000 0.000000 1500 1500 1.470959 1500 6 461483 5.204008 3.953365 0.000000
0000 000000 0.000000 0.000000 0.000000 0.000000 1500 1500 1.486677 1500 6 511549 5.290929 4.074365 0.000000
0000 000000 0.000000 0.000000 0.000000 0.000000 1500 1500 1.502523 1500 6 561650 5.377012 4.197126 0.000000
0000 000000 0.000000 0.000000 0.000000 0.000000 1500 1500 1.515392 1500 6 611750 5.462216 4.321629 0.000000
0000 000000 0.000000 0.000000 0.000000 0.000000 1500 1500 1.527997 1500 6 661840 5.546506 4.447855 0.000000
0000 000000 0.000000 0.000000 0.000000 0.000000 1500 1500 1.540331 1500 6 711938 5.629848 4.575782 0.000000
0000 000000 0.000000 0.000000 0.000000 0.000000 1500 1500 1.552385 1500 6 762011 5.712211 4.705392 0.000000
0000 000000 0.000000 0.000000 0.000000 0.000000 1500 1500 1.564155 1500 6 812109 5.793567 4.836661 0.000000
0000 000000 0.000000 0.000000 0.000000 0.000000 1500 1500 1.575634 1500 6 862208 5.873888 4.969569 0.000000
0000 000000 0.000000 0.000000 0.000000 0.000000 1500 1500 1.586819 1500 6 912307 5.953146 5.104094 0.000000
0000 000000 0.000000 0.000000 0.000000 0.000000 1500 1500 1.597705 1500 6 962396 6.031318 5.240214 0.000000
0000 000000 0.000000 0.000000 0.000000 0.000000 1500 1500 1.608290 1500 7 12457 6.108381 5.377908 0.000000
0000 000000 0.000000 0.000000 0.000000 0.000000 1500 1500 1.618570 1500 7 62562 6.184311 5.517153 0.000000
0000 000000 0.000000 0.000000 0.000000 0.000000 1500 1500 1.628544 1500 7 112661 6.259088 5.657927 0.000000
0000 000000 0.000000 0.000000 0.000000 0.000000 1500 1500 1.638211 1500 7 162761 6.332692 5.800208 0.000000
0000 000000 0.000000 0.000000 0.000000 0.000000 1500 1500 1.647569 1500 7 212838 6.405106 5.943974 0.000000
0000 000000 0.000000 0.000000 0.000000 0.000000 1500 1500 1.656618 1500 7 262937 6.476313 6.089203 0.000000
0000 000000 0.000000 0.000000 0.000000 0.000000 1500 1500 1.665359 1500 7 313006 6.546296 6.235872 0.000000
0000 000000 0.000000 0.000000 0.000000 0.000000 1500 1500 1.673791 1500 7 363106 6.615042 6.383960 0.000000
0000 000000 0.000000 0.000000 0.000000 0.000000 1500 1500 1.681915 1500 7 413207 6.682538 6.533445 0.000000
0000 000000 0.000000 0.000000 0.000000 0.000000 1500 1500 1.689734 1500 7 463312 6.748772 6.684305 0.000000
0000 000000 0.000000 0.000000 0.000000 0.000000 1500 1500 1.697247 1500 7 513413 6.813734 6.836519 0.000000
0000 000000 0.000000 0.000000 0.000000 0.000000 1500 1500 1.704457 1500 7 563513 6.877413 6.990065 0.000000
0000 000000 0.000000 0.000000 0.000000 0.000000 1500 1500 1.711366 1500 7 613578 6.939803 7.144923 0.000000
0000 000000 0.000000 0.000000 0.000000 0.000000 1500 1500 1.717977 1500 7 663677 7.000896 7.301070 0.000000
0000 000000 0.000000 0.000000 0.000000 0.000000 1500 1500 1.724291 1500 7 713753 7.060686 7.458487 0.000000
0000 000000 0.000000 0.000000 0.000000 0.000000 1500 1500 1.730311 1500 7 763852 7.119169 7.617154 0.000000
0000 000000 0.000000 0.000000 0.000000 0.000000 1500 1500 1.736040 1500 7 813952 7.176340 7.777049 0.000000
0000 000000 0.000000 0.000000 0.000000 0.000000 1500 1500 1.741480 1500 7 864016 7.232197 7.938154 0.000000
0000 000000 0.000000 0.000000 0.000000 0.000000 1500 1500 1.746636 1500 7 914118 7.286740 8.100449 0.000000
0000 000000 0.000000 0.000000 0.000000 0.000000 1500 1500 1.751509 1500 7 964145 7.339966 8.263914 0.000000
0000 000000 0.000000 0.000000 0.000000 0.000000 1500 1500 1.756103 1500 8 14250 7.391877 8.428531 0.000000
0000 000000 0.000000 0.000000 0.000000 0.000000 1500 1500 1.760421 1500 8 64338 7.442474 8.594281 0.000000
0000 000000 0.000000 0.000000 0.000000 0.000000 1500 1500 1.764467 1500 8 114415 7.491760 8.761146 0.000000
0000 000000 0.000000 0.000000 0.000000 0.000000 1500 1500 1.768243 1500 8 164515 7.539737 8.929109 0.000000
0000 000000 0.000000 0.000000 0.000000 0.000000 1500 1500 1.771753 1500 8 214614 7.586409 9.098151 0.000000
0000 000000 0.000000 0.000000 0.000000 0.000000 1500 1500 1.775000 1500 8 264692 7.631782 9.268256 0.000000
0000 000000 0.000000 0.000000 0.000000 0.000000 1500 1500 1.777988 1500 8 314791 7.675862 9.439407 0.000000
0000 000000 0.000000 0.000000 0.000000 0.000000 1500 1500 1.780719 1500 8 364878 7.718655 9.611588 0.000000
0000 000000 0.000000 0.000000 0.000000 0.000000 1500 1500 1.783197 1500 8 414956 7.760168 9.784782 0.000000
0000 000000 0.000000 0.000000 0.000000 0.000000 1500 1500 1.785425 1500 8 465041 7.800409 9.958975 0.000000
0000 000000 0.000000 0.000000 0.000000 0.000000 1500 1500 1.787406 1500 8 515122 7.839389 10.134150 0.000000
0000 000000 0.000000 0.000000 0.000000 0.000000 1500 1500 1.789144 1500 8 565221 7.877115 10.310293 0.000000
0000 000000 0.000000 0.000000 0.000000 0.000000 1500 1500 1.790642 1500 8 615304 7.913599 10.487389 0.000000
0000 000000 0.000000 0.000000 0.000000 0.000000 1500 1500 1.791902 1500 8 665364 7.948851 10.665425 0.000000
0000 000000 0.000000 0.000000 0.000000 0.000000 1500 1500 1.792927 1500 8 715458 7.982883 10.844386 0.000000
0000 000000 0.000000 0.000000 0.000000 0.000000 1500 1500 1.793722 1500 8 765557 8.015708 11.024258 0.000000
0000 000000 0.000000 0.000000 0.000000 0.000000 1500 1500 1.794288 1500 8 815652 8.047338 11.205030 0.000000
0000 000000 0.000000 0.000000 0.000000 0.000000 1500 1500 1.794629 1500 8 865750 8.077786 11.386688 0.000000
0000 000000 0.000000 0.000000 0.000000 0.000000 1500 1500 1.794747 1500 8 915849 8.107068 11.569219 0.000000
0000 000000 0.000000 0.000000 0.000000 0.000000 1500 1500 1.794646 1500 8 965951 8.135197 11.752612 0.000000
0000 000000 0.000000 0.000000 0.000000 0.000000 1500 1500 1.794329 1500 9 16050 8.162188 11.936855 0.000000
0000 000000 0.000000 0.000000 0.000000 0.000000 1500 1500 1.793797 1500 9 66150 8.188058 12.121936 0.000000
0000 000000 0.000000 0.000000 0.000000 0.000000 1500 1500 1.793054 1500 9 116253 8.212822 12.307845 0.000000
0000 000000 0.000000 0.000000 0.000000 0.000000 1500 1500 1.792103 1500 9 166352 8.236497 12.494570 0.000000
0000 000000 0.000000 0.000000 0.000000 0.000000 1500 1500 1.790947 1500 9 216416 8.259101 12.682101 0.000000
0000 000000 0.000000 0.000000 0.000000 0.000000 1500 1500 1.789588 1500 9 266515 8.280651 12.870428 0.000000
0000 000000 0.000000 0.000000 0.000000 0.000000 1500 1500 1.788028 1500 9 316614 8.301165 13.059542 0.000000
0000 000000 0.000000 0.000000 0.000000 0.000000 1500 1500 1.786271 1500 9 366714 8.320662 13.249431 0.000000
0000 000000 0.000000 0.000000 0.000000 0.000000 1500 1500 1.784320 1500 9 416813 8.339160 13.440088 0.000000
0000 000000 0.000000 0.000000 0.000000 0.000000 1500 1500 1.782176 1500 9 466913 8.356679 13.631503 0.000000
0000 000000 0.000000 0.000000 0.000000 0.000000 1500 1500 1.779844 1500 9 516979 8.373238 13.823667 0.000000
0000 000000 0.000000 0.000000 0.000000 0.000000 1500 1500 1.777324 1500 9 567056 8.388859 14.016571 0.000000
0000 000000 0.000000 0.000000 0.000000 0.000000 1500 1500 1.774621 1500 9 617156 8.403560 14.210208 0.000000
0000 000000 0.000000 0.000000 0.000000 0.000000 1500 1500 1.771737 1500 9 667254 8.417364 14.404569 0.000000
0000 000000 0.000000 0.000000 0.000000 0.000000 1500 1500 1.768675 1500 9 717353 8.430291 14.599646 0.000000
0000 000000 0.000000 0.000000 0.000000 0.000000 1500 1500 1.765437 1500 9 767430 8.442362 14.795431 0.000000
0000 000000 0.000000 0.000000 0.000000 0.000000 1500 1500 1.762027 1500 9 817506 8.453600 14.991918 0.000000
0000 000000 0.000000 0.000000 0.000000 0.000000 1500 1500 1.758447 1500 9 867605 8.464027 15.189098 0.000000
0000 000000 0.000000 0.000000 0.000000 0.000000 1500 1500 1.754701 1500 9 917705 8.473664 15.386965 0.000000
0000 000000 0.000000 0.000000 0.000000 0.000000 1500 1500 1.750790 1500 9 967793 8.482535 15.585511 0.000000
0000 000000 0.000000 0.000000 0.000000 0.000000 1500 1500 1.746720 1500 10 17892 8.490663 15.784730 0.000000
0000 000000 0.000000 0.000000 0.000000 0.000000 1500 1500 1.742491 1500 10 67994 8.498070 15.984615 0.000000
0000 000000 0.000000 0.000000 0.000000 0.000000 1500 1500 1.738108 1500 10 118071 8.504780 16.185159 0.000000
0000 000000 0.000000 0.000000 0.000000 0.000000 1500 1500 1.733574 1500 10 168171 8.510817 16.386357 0.000000
0000 000000 0.000000 0.000000 0.000000 0.000000 1500 1500 1.728892 1500 10 218270 8.516204 16.588201 0.000000
0000 000000 0.000000 0.000000 0.000000 0.000000 1500 1500 1.724066 1500 10 268371 8.520967 16.790686 0.000000
0000 000000 0.000000 0.000000 0.000000 0.000000 1500 1500 1.719099 1500 10 318469 8.525127 16.993805 0.000000
0000 000000 0.000000 0.000000 0.000000 0.000000 1500 1500 1.713995 1500 10 368568 8.528711 17.197553 0.000000
0000 000000 0.000000 0.000000 0.000000 0.000000 1500 1500 1.708756 1500 10 418667 8.531743 17.401923 0.000000
0000 000000 0.000000 0.000000 0.000000 0.000000 1500 1500 1.703388 1500 10 468767 8.534247 17.606910 0.000000
0000 000000 0.000000 0.000000 0.000000 0.000000 1500 1500 1.697893 1500 10 518870 8.536248 17.812507 0.000000
0000 000000 0.000000 0.000000 0.000000 0.000000 1500 1500 1.692277 1500 10 568949 8.537772 18.018710 0.000000
0000 000000 0.000000 0.000000 0.000000 0.000000 1500 1500 1.686542 1500 10 619013 8.538843 18.225512 0.000000
0000 000000 0.000000 0.000000 0.000000 0.000000 1500 1500 1.680693 1500 10 669114 8.539485 18.432907 0.000000
0000 000000 0.000000 0.000000 0.000000 0.000000 1500 1500 1.674733 1500 10 719213 8.539726 18.640890 0.000000
0000 000000 0.000000 0.000000 0.000000 0.000000 1500 1500 1.668669 1500 10 769314 8.539589 18.849455 0.000000
0000 000000 0.000000 0.000000 0.000000 0.000000 1500 1500 1.662503 1500 10 819391 8.539101 19.058597 0.000000
0000 000000 0.000000 0.000000 0.000000 0.000000 1500 1500 1.656240 1500 10 869492 8.538286 19.268309 0.000000
0000 000000 0.000000 0.000000 0.000000 0.000000 1500 1500 1.649885 1500 10 919569 8.537169 19.478586 0.000000
0000 000000 0.000000 0.000000 0.000000 0.000000 1500 1500 1.643443 1500 10 969676 8.535777 19.689422 0.000000
0000 000000 0.000000 0.000000 0.000000 0.000000 1500 1500 1.636918 1500 11 19788 8.534134 19.900812 0.000000
0000 000000 0.000000 0.000000 0.000000 0.000000 1500 1500 1.630315 1500 11 69865 8.532266 20.112749 0.000000
0000 000000 0.000000 0.000000 0.000000 0.000000 1500 1500 1.623639 1500 11 119946 8.530198 20.325229 0.000000
0000 000000 0.000000 0.000000 0.000000 0.000000 1500 1500 1.616895 1500 11 170045 8.527955 20.538244 0.000000
0000 000000 0.000000 0.000000 0.000000 0.000000 1500 1500 1.610088 1500 11 220129 8.525563 20.751789 0.000000
0000 000000 0.000000 0.000000 0.000000 0.000000 1500 1500 1.603224 1500 11 270228 8.523045 20.965857 0.000000
0000 000000 0.000000 0.000000 0.000000 0.000000 1500 1500 1.596307 1500 11 320304 8.520428 21.180444 0.000000
0000 000000 0.000000 0.000000 0.000000 0.000000 1500 1500 1.589342 1500 11 370388 8.517736 21.395542 0.000000
0000 000000 0.000000 0.000000 0.000000 0.000000 1500 1500 1.582336 1500 11 420488 8.514993 21.611146 0.000000
0000 000000 0.000000 0.000000 0.000000 0.000000 1500 1500 1.575293 1500 11 470553 8.512224 21.827248 0.000000
0000 000000 0.000000 0.000000 0.000000 0.000000 1500 1500 1.568219 1500 11 520677 8.509454 22.043844 0.000000
0000 000000 0.000000 0.000000 0.000000 0.000000 1500 1500 1.561118 1500 11 570758 8.506705 22.260925 0.000000
0000 000000 0.000000 0.000000 0.000000 0.000000 1500 1500 1.553998 1500 11 620881 8.504003 22.478486 0.000000
0000 000000 0.000000 0.000000 0.000000 0.000000 1500 1500 1.546862 1500 11 670963 8.501370 22.696521 0.000000
0000 000000 0.000000 0.000000 0.000000 0.000000 1500 1500 1.539717 1500 11 721064 8.498830 22.915021 0.000000
0000 000000 0.000000 0.000000 0.000000 0.000000 1500 1500 1.532567 1500 11 771164 8.496407 23.133981 0.000000
0000 000000 0.000000 0.000000 0.000000 0.000000 1500 1500 1.525419 1500 11 821263 8.494122 23.353394 0.000000
0000 000000 0.000000 0.000000 0.000000 0.000000 1500 1500 1.518278 1500 11 871362 8.491998 23.573253 0.000000
0000 000000 0.000000 0.000000 0.000000 0.000000 1500 1500 1.511148 1500 11 921462 8.490058 23.793550 0.000000
0000 000000 0.000000 0.000000 0.000000 0.000000 1500 1500 1.504035 1500 11 971565 8.488324 24.014278 0.000000
0000 000000 0.000000 0.000000 0.000000 0.000000 1500 1500 1.496945 1500 12 21664 8.486816 24.235431 0.000000
0000 000000 0.000000 0.000000 0.000000 0.000000 1500 1500 1.489883 1500 12 71766 8.485556 24.457001 0.000000
0000 000000 0.000000 0.000000 0.000000 0.000000 1500 1500 1.482854 1500 12 121866 8.484565 24.678981 0.000000
0000 000000 0.000000 0.000000 0.000000 0.000000 1500 1500 1.475862 1500 12 171919 8.483864 24.901363 0.000000
0000 000000 0.000000 0.000000 0.000000 0.000000 1500 1500 1.468913 1500 12 222020 8.483471 25.124140 0.000000
0000 000000 0.000000 0.000000 0.000000 0.000000 1500 1500 1.462012 1500 12 272086 8.483407 25.347304 0.000000
0000 000000 0.000000 0.000000 0.000000 0.000000 1500 1500 1.455163 1500 12 322187 8.483691 25.570849 0.000000
0000 000000 0.000000 0.000000 0.000000 0.000000 1500 1500 1.448372 1500 12 372263 8.484342 25.794765 0.000000
0000 000000 0.000000 0.000000 0.000000 0.000000 1500 1500 1.441642 1500 12 422363 8.485377 26.019046 0.000000
0000 000000 0.000000 0.000000 0.000000 0.000000 1500 1500 1.434978 1500 12 472440 8.486815 26.243684 0.000000
0000 000000 0.000000 0.000000 0.000000 0.000000 1500 1500 1.428385 1500 12 522539 8.488673 26.468670 0.000000
0000 000000 0.000000 0.000000 0.000000 0.000000 1500 1500 1.421866 1500 12 572638 8.490968 26.693999 0.000000
0000 000000 0.000000 0.000000 0.000000 0.000000 1500 1500 1.415426 1500 12 622714 8.493716 26.919661 0.000000
0000 000000 0.000000 0.000000 0.000000 0.000000 1500 1500 1.409068 1500 12 672813 8.496933 27.145649 0.000000
0000 000000 0.000000 0.000000 0.000000 0.000000 1500 1500 1.402797 1500 12 722913 8.500634 27.371955 0.000000
0000 000000 0.000000 0.000000 0.000000 0.000000 1500 1500 1.396616 1500 12 773017 8.504835 27.598572 0.000000
0000 000000 0.000000 0.000000 0.000000 0.000000 1500 1500 1.390529 1500 12 823116 8.509550 27.825492 0.000000
0000 000000 0.000000 0.000000 0.000000 0.000000 1500 1500 1.384538 1500 12 873204 8.514792 28.052707 0.000000
0000 000000 0.000000 0.000000 0.000000 0.000000 1500 1500 1.378647 1500 12 923303 8.520574 28.280209 0.000000
0000 000000 0.000000 0.000000 0.000000 0.000000 1500 1500 1.372860 1500 12 973393 8.526911 28.507991 0.000000
0000 000000 0.000000 0.000000 0.000000 0.000000 1500 1500 1.367178 1500 13 23492 8.533813 28.736046 0.000000
0000 000000 0.000000 0.000000 0.000000 0.000000 1500 1500 1.361605 1500 13 73564 8.541293 28.964365 0.000000
0000 000000 0.000000 0.000000 0.000000 0.000000 1500 1500 1.356144 1500 13 123642 8.549362 29.192942 0.000000
0000 000000 0.000000 0.000000 0.000000 0.000000 1500 1500 1.350796 1500 13 173686 8.558030 29.421769 0.000000
0000 000000 0.000000 0.000000 0.000000 0.000000 1500 1500 1.345564 1500 13 223762 8.567307 29.650838 0.000000
0000 000000 0.000000 0.000000 0.000000 0.000000 1500 1500 1.340451 1500 13 273818 8.577204 29.880143 0.000000
0000 000000 0.000000 0.000000 0.000000 0.000000 1500 1500 1.335458 1500 13 323918 8.587729 30.109677 0.000000
0000 000000 0.000000 0.000000 0.000000 0.000000 1500 1500 1.330586 1500 13 373997 8.598890 30.339432 0.000000
0000 000000 0.000000 0.000000 0.000000 0.000000 1500 1500 1.325839 1500 13 424097 8.610696 30.569401 0.000000
0000 000000 0.000000 0.000000 0.000000 0.000000 1500 1500 1.321217 1500 13 474197 8.623155 30.799578 0.000000
0000 000000 0.000000 0.000000 0.000000 0.000000 1500 1500 1.316722 1500 13 524297 8.636272 31.029955 0.000000
0000 000000 0.000000 0.000000 0.000000 0.000000 1500 1500 1.312355 1500 13 574374 8.650054 31.260527 0.000000
0000 000000 0.000000 0.000000 0.000000 0.000000 1500 1500 1.308117 1500 13 624474 8.664508 31.491287 0.000000
0000 000000 0.000000 0.000000 0.000000 0.000000 1500 1500 1.304010 1500 13 674552 8.679639 31.722229 0.000000
0000 000000 0.000000 0.000000 0.000000 0.000000 1500 1500 1.300034 1500 13 724629 8.695451 31.953346 0.000000
0000 000000 0.000000 0.000000 0.000000 0.000000 1500 1500 1.296190 1500 13 774707 8.711948 32.184633 0.000000
0000 000000 0.000000 0.000000 0.000000 0.000000 1500 1500 1.292479 1500 13 824806 8.729135 32.416082 0.000000
0000 000000 0.000000 0.000000 0.000000 0.000000 1500 1500 1.288901 1500 13 874883 8.747015 32.647690 0.000000
0000 000000 0.000000 0.000000 0.000000 0.000000 1500 1500 1.285457 1500 13 924985 8.765591 32.879450 0.000000
0000 000000 0.000000 0.000000 0.000000 0.000000 1500 1500 1.282147 1500 13 975081 8.784865 33.111357 0.000000
0000 000000 0.000000 0.000000 0.000000 0.000000 1500 1500 1.278971 1500 14 25160 8.804838 33.343405 0.000000
0000 000000 0.000000 0.000000 0.000000 0.000000 1500 1500 1.275930 1500 14 75260 8.825513 33.575589 0.000000
0000 000000 0.000000 0.000000 0.000000 0.000000 1500 1500 1.273023 1500 14 125337 8.846890 33.807905 0.000000
0000 000000 0.000000 0.000000 0.000000 0.000000 1500 1500 1.270251 1500 14 175401 8.868970 34.040347 0.000000
0000 000000 0.000000 0.000000 0.000000 0.000000 1500 1500 1.267613 1500 14 225479 8.891752 34.272912 0.000000
0000 000000 0.000000 0.000000 0.000000 0.000000 1500 1500 1.265110 1500 14 275582 8.915236 34.505594 0.000000
0000 000000 0.000000 0.000000 0.000000 0.000000 1500 1500 1.262740 1500 14 325681 8.939422 34.738389 0.000000
0000 000000 0.000000 0.000000 0.000000 0.000000 1500 1500 1.260504 1500 14 375758 8.964307 34.971294 0.000000
0000 000000 0.000000 0.000000 0.000000 0.000000 1500 1500 1.258400 1500 14 425859 8.989891 35.204304 0.000000
0000 000000 0.000000 0.000000 0.000000 0.000000 1500 1500 1.256429 1500 14 475938 9.016171 35.437415 0.000000
0000 000000 0.000000 0.000000 0.000000 0.000000 1500 1500 1.254590 1500 14 526038 9.043144 35.670625 0.000000
0000 000000 0.000000 0.000000 0.000000 0.000000 1500 1500 1.252882 1500 14 576119 9.070807 35.903929 0.000000
0000 000000 0.000000 0.000000 0.000000 0.000000 1500 1500 1.251304 1500 14 626230 9.099158 36.137325 0.000000
0000 000000 0.000000 0.000000 0.000000 0.000000 1500 1500 1.249856 1500 14 676328 9.128192 36.370808 0.000000
0000 000000 0.000000 0.000000 0.000000 0.000000 1500 1500 1.248537 1500 14 726428 9.157906 36.604378 0.000000
0000 000000 0.000000 0.000000 0.000000 0.000000 1500 1500 1.247345 1500 14 776509 9.188294 36.838030 0.000000
0000 000000 0.000000 0.000000 0.000000 0.000000 1500 1500 1.246280 1500 14 826608 9.219352 37.071762 0.000000
0000 000000 0.000000 0.000000 0.000000 0.000000 1500 1500 1.245340 1500 14 876709 9.251075 37.305572 0.000000
0000 000000 0.000000 0.000000 0.000000 0.000000 1500 1500 1.244525 1500 14 926773 9.283457 37.539458 0.000000
0000 000000 0.000000 0.000000 0.000000 0.000000 1500 1500 1.243833 1500 14 976875 9.316493 37.773417 0.000000
0000 000000 0.000000 0.000000 0.000000 0.000000 1500 1500 1.243264 1500 15 26973 9.350175 38.007448 0.000000
0000 000000 0.000000 0.000000 0.000000 0.000000 1500 1500 1.242815 1500 15 77037 9.384499 38.241549 0.000000
0000 000000 0.000000 0.000000 0.000000 0.000000 1500 1500 1.242486 1500 15 127120 9.419456 38.475718 0.000000
0000 000000 0.000000 0.000000 0.000000 0.000000 1500 1500 1.242275 1500 15 177221 9.455039 38.709954 0.000000
0000 000000 0.000000 0.000000 0.000000 0.000000 1500 1500 1.242181 1500 15 227298 9.491243 38.944256 0.000000
0000 000000 0.000000 0.000000 0.000000 0.000000 1500 1500 1.242202 1500 15 277397 9.528057 39.178623 0.000000
0000 000000 0.000000 0.000000 0.000000 0.000000 1500 1500 1.242337 1500 15 327498 9.565476 39.413053 0.000000
0000 000000 0.000000 0.000000 0.000000 0.000000 1500 1500 1.242584 1500 15 377598 9.603490 39.647546 0.000000
0000 000000 0.000000 0.000000 0.000000 0.000000 1500 1500 1.242942 1500 15 427675 9.642091 39.882100 0.000000
0000 000000 0.000000 0.000000 0.000000 0.000000 1500 1500 1.243409 1500 15 477774 9.681270 40.116717 0.000000
0000 000000 0.000000 0.000000 0.000000 0.000000 1500 1500 1.243984 1500 15 527851 9.721018 40.351394 0.000000
0000 000000 0.000000 0.000000 0.000000 0.000000 1500 1500 1.244664 1500 15 577951 9.761327 40.586132 0.000000
0000 000000 0.000000 0.000000 0.000000 0.000000 1500 1500 1.245449 1500 15 628049 9.802186 40.820931 0.000000
0000 000000 0.000000 0.000000 0.000000 0.000000 1500 1500 1.246335 1500 15 678112 9.843586 41.055790 0.000000
0000 000000 0.000000 0.000000 0.000000 0.000000 1500 1500 1.247322 1500 15 728210 9.885518 41.290710 0.000000
0000 000000 0.000000 0.000000 0.000000 0.000000 1500 1500 1.248408 1500 15 778310 9.927970 41.525690 0.000000
0000 000000 0.000000 0.000000 0.000000 0.000000 1500 1500 1.249590 1500 15 828410 9.970934 41.760731 0.000000
0000 000000 0.000000 0.000000 0.000000 0.000000 1500 1500 1.250868 1500 15 878510 10.014398 41.995834 0.000000
0000 000000 0.000000 0.000000 0.000000 0.000000 1500 1500 1.252238 1500 15 928609 10.058352 42.230998 0.000000
0000 000000 0.000000 0.000000 0.000000 0.000000 1500 1500 1.253699 1500 15 978709 10.102785 42.466224 0.000000
0000 000000 0.000000 0.000000 0.000000 0.000000 1500 1500 1.255249 1500 16 28808 10.147687 42.701513 0.000000
0000 000000 0.000000 0.000000 0.000000 0.000000 1500 1500 1.256887 1500 16 78907 10.193045 42.936866 0.000000
0000 000000 0.000000 0.000000 0.000000 0.000000 1500 1500 1.258609 1500 16 128987 10.238850 43.172283 0.000000
0000 000000 0.000000 0.000000 0.000000 0.000000 1500 1500 1.260414 1500 16 179087 10.285089 43.407766 0.000000
0000 000000 0.000000 0.000000 0.000000 0.000000 1500 1500 1.262299 1500 16 229166 10.331752 43.643314 0.000000
0000 000000 0.000000 0.000000 0.000000 0.000000 1500 1500 1.264263 1500 16 279213 10.378826 43.878930 0.000000
0000 000000 0.000000 0.000000 0.000000 0.000000 1500 1500 1.266304 1500 16 329314 10.426300 44.114614 0.000000
0000 000000 0.000000 0.000000 0.000000 0.000000 1500 1500 1.268418 1500 16 379392 10.474162 44.350367 0.000000
0000 000000 0.000000 0.000000 0.000000 0.000000 1500 1500 1.270605 1500 16 429489 10.522401 44.586190 0.000000
0000 000000 0.000000 0.000000 0.000000 0.000000 1500 1500 1.272862 1500 16 479589 10.571003 44.822085 0.000000
0000 000000 0.000000 0.000000 0.000000 0.000000 1500 1500 1.275185 1500 16 529691 10.619959 45.058053 0.000000
0000 000000 0.000000 0.000000 0.000000 0.000000 1500 1500 1.277575 1500 16 579770 10.669254 45.294096 0.000000
0000 000000 0.000000 0.000000 0.000000 0.000000 1500 1500 1.280027 1500 16 629870 10.718877 45.530213 0.000000
0000 000000 0.000000 0.000000 0.000000 0.000000 1500 1500 1.282539 1500 16 679947 10.768816 45.766408 0.000000
0000 000000 0.000000 0.000000 0.000000 0.000000 1500 1500 1.285110 1500 16 730047 10.819059 46.002680 0.000000
0000 000000 0.000000 0.000000 0.000000 0.000000 1500 1500 1.287737 1500 16 780146 10.869592 46.239033 0.000000
0000 000000 0.000000 0.000000 0.000000 0.000000 1500 1500 1.290418 1500 16 830223 10.920405 46.475466 0.000000
0000 000000 0.000000 0.000000 0.000000 0.000000 1500 1500 1.293149 1500 16 880327 10.971484 46.711981 0.000000
0000 000000 0.000000 0.000000 0.000000 0.000000 1500 1500 1.295929 1500 16 930404 11.022817 46.948581 0.000000
0000 000000 0.000000 0.000000 0.000000 0.000000 1500 1500 1.298756 1500 16 980467 11.074391 47.185266 0.000000
0000 000000 0.000000 0.000000 0.000000 0.000000 1500 1500 1.301627 1500 17 30568 11.126195 47.422037 0.000000
0000 000000 0.000000 0.000000 0.000000 0.000000 1500 1500 1.304539 1500 17 80657 11.178216 47.658897 0.000000
0000 000000 0.000000 0.000000 0.000000 0.000000 1500 1500 1.307490 1500 17 130761 11.230442 47.895846 0.000000
0000 000000 0.000000 0.000000 0.000000 0.000000 1500 1500 1.310478 1500 17 180872 11.282859 48.132886 0.000000
0000 000000 0.000000 0.000000 0.000000 0.000000 1500 1500 1.313500 1500 17 230971 11.335457 48.370018 0.000000
0000 000000 0.000000 0.000000 0.000000 0.000000 1500 1500 1.316554 1500 17 281071 11.388222 48.607244 0.000000
0000 000000 0.000000 0.000000 0.000000 0.000000 1500 1500 1.319637 1500 17 331170 11.441143 48.844566 0.000000
0000 000000 0.000000 0.000000 0.000000 0.000000 1500 1500 1.322748 1500 17 381270 11.494206 49.081984 0.000000
0000 000000 0.000000 0.000000 0.000000 0.000000 1500 1500 1.325882 1500 17 431368 11.547401 49.319499 0.000000
0000 000000 0.000000 0.000000 0.000000 0.000000 1500 1500 1.329039 1500 17 481431 11.600715 49.557114 0.000000
0000 000000 0.000000 0.000000 0.000000 0.000000 1500 1500 1.332216 1500 17 531530 11.654136 49.794829 0.000000
0000 000000 0.000000 0.000000 0.000000 0.000000 1500 1500 1.335409 1500 17 581630 11.707652 50.032646 0.000000
0000 000000 0.000000 0.000000 0.000000 0.000000 1500 1500 1.338618 1500 17 631729 11.761252 50.270565 0.000000
0000 000000 0.000000 0.000000 0.000000 0.000000 1500 1500 1.341839 1500 17 681829 11.814923 50.508589 0.000000
0000 000000 0.000000 0.000000 0.000000 0.000000 1500 1500 1.345070 1500 17 731905 11.868654 50.746717 0.000000
0000 000000 0.000000 0.000000 0.000000 0.000000 1500 1500 1.348309 1500 17 782004 11.922434 50.984952 0.000000
0000 000000 0.000000 0.000000 0.000000 0.000000 1500 1500 1.351553 1500 17 832103 11.976251 51.223294 0.000000
0000 000000 0.000000 0.000000 0.000000 0.000000 1500 1500 1.354801 1500 17 882169 12.030094 51.461745 0.000000
0000 000000 0.000000 0.000000 0.000000 0.000000 1500 1500 1.358049 1500 17 932234 12.083951 51.700304 0.000000
0000 000000 0.000000 0.000000 0.000000 0.000000 1500 1500 1.361295 1500 17 982336 12.137813 51.938974 0.000000
0000 000000 0.000000 0.000000 0.000000 0.000000 1500 1500 1.364538 1500 18 32438 12.191667 52.177755 0.000000
0000 000000 0.000000 0.000000 0.000000 0.000000 1500 1500 1.367776 1500 18 82537 12.245503 52.416647 0.000000
0000 000000 0.000000 0.000000 0.000000 0.000000 1500 1500 1.371005 1500 18 132615 12.299310 52.655652 0.000000
0000 000000 0.000000 0.000000 0.000000 0.000000 1500 1500 1.374223 1500 18 182714 12.353079 52.894771 0.000000
0000 000000 0.000000 0.000000 0.000000 0.000000 1500 1500 1.377430 1500 18 232791 12.406799 53.134003 0.000000
0000 000000 0.000000 0.000000 0.000000 0.000000 1500 1500 1.380622 1500 18 282891 12.460459 53.373350 0.000000
0000 000000 0.000000 0.000000 0.000000 0.000000 1500 1500 1.383797 1500 18 332971 12.514050 53.612812 0.000000
0000 000000 0.000000 0.000000 0.000000 0.000000 1500 1500 1.386954 1500 18 383050 12.567562 53.852390 0.000000
0000 000000 0.000000 0.000000 0.000000 0.000000 1500 1500 1.390091 1500 18 433151 12.620986 54.092084 0.000000
0000 000000 0.000000 0.000000 0.000000 0.000000 1500 1500 1.393205 1500 18 483224 12.674312 54.331895 0.000000
0000 000000 0.000000 0.000000 0.000000 0.000000 1500 1500 1.396294 1500 18 533325 12.727530 54.571823 0.000000
0000 000000 0.000000 0.000000 0.000000 0.000000 1500 1500 1.399358 1500 18 583390 12.780633 54.811867 0.000000
0000 000000 0.000000 0.000000 0.000000 0.000000 1500 1500 1.402393 1500 18 633491 12.833610 55.052030 0.000000
0000 000000 0.000000 0.000000 0.000000 0.000000 1500 1500 1.405399 1500 18 683569 12.886454 55.292310 0.000000
0000 000000 0.000000 0.000000 0.000000 0.000000 1500 1500 1.408373 1500 18 733670 12.939157 55.532708 0.000000
0000 000000 0.000000 0.000000 0.000000 0.000000 1500 1500 1.411314 1500 18 783770 12.991709 55.773224 0.000000
0000 000000 0.000000 0.000000 0.000000 0.000000 1500 1500 1.414220 1500 18 833870 13.044102 56.013858 0.000000
0000 000000 0.000000 0.000000 0.000000 0.000000 1500 1500 1.417089 1500 18 883936 13.096330 56.254610 0.000000
0000 000000 0.000000 0.000000 0.000000 0.000000 1500 1500 1.419921 1500 18 934036 13.148385 56.495480 0.000000
0000 000000 0.000000 0.000000 0.000000 0.000000 1500 1500 1.422714 1500 18 984120 13.200259 56.736468 0.000000
0000 000000 0.000000 0.000000 0.000000 0.000000 1500 1500 1.425465 1500 19 34183 13.251945 56.977574 0.000000
0000 000000 0.000000 0.000000 0.000000 0.000000 1500 1500 1.428174 1500 19 84283 13.303436 57.218798 0.000000
0000 000000 0.000000 0.000000 0.000000 0.000000 1500 1500 1.430840 1500 19 134369 13.354726 57.460139 0.000000
0000 000000 0.000000 0.000000 0.000000 0.000000 1500 1500 1.433460 1500 19 184469 13.405808 57.701597 0.000000
0000 000000 0.000000 0.000000 0.000000 0.000000 1500 1500 1.436035 1500 19 234572 13.456676 57.943172 0.000000
0000 000000 0.000000 0.000000 0.000000 0.000000 1500 1500 1.438562 1500 19 284672 13.507324 58.184864 0.000000
0000 000000 0.000000 0.000000 0.000000 0.000000 1500 1500 1.441041 1500 19 334747 13.557747 58.426672 0.000000
0000 000000 0.000000 0.000000 0.000000 0.000000 1500 1500 1.443470 1500 19 384846 13.607938 58.668595 0.000000
0000 000000 0.000000 0.000000 0.000000 0.000000 1500 1500 1.445849 1500 19 434946 13.657893 58.910634 0.000000
0000 000000 0.000000 0.000000 0.000000 0.000000 1500 1500 1.448176 1500 19 485048 13.707606 59.152788 0.000000
0000 000000 0.000000 0.000000 0.000000 0.000000 1500 1500 1.450451 1500 19 535150 13.757073 59.395056 0.000000
0000 000000 0.000000 0.000000 0.000000 0.000000 1500 1500 1.452672 1500 19 585239 13.806289 59.637437 0.000000
0000 000000 0.000000 0.000000 0.000000 0.000000 1500 1500 1.454839 1500 19 635324 13.855250 59.879932 0.000000
0000 000000 0.000000 0.000000 0.000000 0.000000 1500 1500 1.456951 1500 19 685426 13.903952 60.122539 0.000000
0000 000000 0.000000 0.000000 0.000000 0.000000 1500 1500 1.459008 1500 19 735526 13.952391 60.365258 0.000000
0000 000000 0.000000 0.000000 0.000000 0.000000 1500 1500 1.461008 1500 19 785626 14.000563 60.608088 0.000000
0000 000000 0.000000 0.000000 0.000000 0.000000 1500 1500 1.462951 1500 19 835692 14.048465 60.851028 0.000000
0000 000000 0.000000 0.000000 0.000000 0.000000 1500 1500 1.464836 1500 19 885794 14.096094 61.094078 0.000000
0000 000000 0.000000 0.000000 0.000000 0.000000 1500 1500 1.466663 1500 19 935895 14.143447 61.337237 0.000000
0000 000000 0.000000 0.000000 0.000000 0.000000 1500 1500 1.468432 1500 19 985999 14.190521 61.580504 0.000000
0000 000000 0.000000 0.000000 0.000000 0.000000 1500 1500 1.470142 1500 20 36077 14.237314 61.823878 0.000000
0000 000000 0.000000 0.000000 0.000000 0.000000 1500 1500 1.471792 1500 20 86178 14.283824 62.067359 0.000000
0000 000000 0.000000 0.000000 0.000000 0.000000 1500 1500 1.473383 1500 20 136278 14.330048 62.310946 0.000000
0000 000000 0.000000 0.000000 0.000000 0.000000 1500 1500 1.474913 1500 20 186378 14.375985 62.554637 0.000000
0000 000000 0.000000 0.000000 0.000000 0.000000 1500 1500 1.476383 1500 20 236478 14.421634 62.798432 0.000000
0000 000000 0.000000 0.000000 0.000000 0.000000 1500 1500 1.477793 1500 20 286577 14.466993 63.042330 0.000000
0000 000000 0.000000 0.000000 0.000000 0.000000 1500 1500 1.479142 1500 20 336676 14.512061 63.286331 0.000000
0000 000000 0.000000 0.000000 0.000000 0.000000 1500 1500 1.480430 1500 20 386777 14.556837 63.530432 0.000000
0000 000000 0.000000 0.000000 0.000000 0.000000 1500 1500 1.481658 1500 20 436878 14.601320 63.774634 0.000000
0000 000000 0.000000 0.000000 0.000000 0.000000 1500 1500 1.482824 1500 20 486981 14.645511 64.018935 0.000000
0000 000000 0.000000 0.000000 0.000000 0.000000 1500 1500 1.483930 1500 20 537082 14.689408 64.263334 0.000000
0000 000000 0.000000 0.000000 0.000000 0.000000 1500 1500 1.484975 1500 20 587159 14.733013 64.507830 0.000000
0000 000000 0.000000 0.000000 0.000000 0.000000 1500 1500 1.485959 1500 20 637260 14.776324 64.752423 0.000000
0000 000000 0.000000 0.000000 0.000000 0.000000 1500 1500 1.486882 1500 20 687360 14.819343 64.997111 0.000000
0000 000000 0.000000 0.000000 0.000000 0.000000 1500 1500 1.487746 1500 20 737460 14.862070 65.241894 0.000000
0000 000000 0.000000 0.000000 0.000000 0.000000 1500 1500 1.488549 1500 20 787560 14.904506 65.486770 0.000000
0000 000000 0.000000 0.000000 0.000000 0.000000 1500 1500 1.489292 1500 20 837660 14.946652 65.731738 0.000000
0000 000000 0.000000 0.000000 0.000000 0.000000 1500 1500 1.489975 1500 20 887761 14.988508 65.976797 0.000000
0000 000000 0.000000 0.000000 0.000000 0.000000 1500 1500 1.490599 1500 20 937860 15.030078 66.221947 0.000000
0000 000000 0.000000 0.000000 0.000000 0.000000 1500 1500 1.491164 1500 20 987925 15.071361 66.467185 0.000000
0000 000000 0.000000 0.000000 0.000000 0.000000 1500 1500 1.491671 1500 21 38024 15.112360 66.712513 0.000000
0000 000000 0.000000 0.000000 0.000000 0.000000 1500 1500 1.492119 1500 21 88090 15.153077 66.957927 0.000000
0000 000000 0.000000 0.000000 0.000000 0.000000 1500 1500 1.492510 1500 21 138191 15.193513 67.203427 0.000000
0000 000000 0.000000 0.000000 0.000000 0.000000 1500 1500 1.492843 1500 21 188256 15.233672 67.449013 0.000000
0000 000000 0.000000 0.000000 0.000000 0.000000 1500 1500 1.493119 1500 21 238355 15.273555 67.694682 0.000000
0000 000000 0.000000 0.000000 0.000000 0.000000 1500 1500 1.493340 1500 21 288431 15.313165 67.940434 0.000000
0000 000000 0.000000 0.000000 0.000000 0.000000 1500 1500 1.493505 1500 21 338530 15.352505 68.186269 0.000000
0000 000000 0.000000 0.000000 0.000000 0.000000 1500 1500 1.493615 1500 21 388608 15.391577 68.432184 0.000000
0000 000000 0.000000 0.000000 0.000000 0.000000 1500 1500 1.493670 1500 21 438708 15.430386 68.678179 0.000000
0000 000000 0.000000 0.000000 0.000000 0.000000 1500 1500 1.493672 1500 21 488785 15.468933 68.924253 0.000000
0000 000000 0.000000 0.000000 0.000000 0.000000 1500 1500 1.493621 1500 21 538887 15.507222 69.170405 0.000000
0000 000000 0.000000 0.000000 0.000000 0.000000 1500 1500 1.493517 1500 21 588988 15.545257 69.416633 0.000000
0000 000000 0.000000 0.000000 0.000000 0.000000 1500 1500 1.493362 1500 21 639088 15.583042 69.662937 0.000000
0000 000000 0.000000 0.000000 0.000000 0.000000 1500 1500 1.493156 1500 21 689191 15.620580 69.909315 0.000000
0000 000000 0.000000 0.000000 0.000000 0.000000 1500 1500 1.492900 1500 21 739268 15.657874 70.155767 0.000000
0000 000000 0.000000 0.000000 0.000000 0.000000 1500 1500 1.492595 1500 21 789369 15.694930 70.402292 0.000000
0000 000000 0.000000 0.000000 0.000000 0.000000 1500 1500 1.492242 1500 21 839446 15.731750 70.648888 0.000000
0000 000000 0.000000 0.000000 0.000000 0.000000 1500 1500 1.491841 1500 21 889513 15.768340 70.895554 0.000000
0000 000000 0.000000 0.000000 0.000000 0.000000 1500 1500 1.491393 1500 21 939612 15.804703 71.142290 0.000000
0000 000000 0.000000 0.000000 0.000000 0.000000 1500 1500 1.490900 1500 21 989712 15.840844 71.389094 0.000000
0000 000000 0.000000 0.000000 0.000000 0.000000 1500 1500 1.490362 1500 22 39811 15.876768 71.635965 0.000000
0000 000000 0.000000 0.000000 0.000000 0.000000 1500 1500 1.489780 1500 22 89888 15.912479 71.882903 0.000000
0000 000000 0.000000 0.000000 0.000000 0.000000 1500 1500 1.489155 1500 22 139988 15.947982 72.129906 0.000000
0000 000000 0.000000 0.000000 0.000000 0.000000 1500 1500 1.488488 1500 22 190059 15.983281 72.376972 0.000000
0000 000000 0.000000 0.000000 0.000000 0.000000 1500 1500 1.487780 1500 22 240160 16.018382 72.624102 0.000000
0000 000000 0.000000 0.000000 0.000000 0.000000 1500 1500 1.487031 1500 22 290261 16.053289 72.871294 0.000000
0000 000000 0.000000 0.000000 0.000000 0.000000 1500 1500 1.486244 1500 22 340327 16.088008 73.118547 0.000000
0000 000000 0.000000 0.000000 0.000000 0.000000 1500 1500 1.485419 1500 22 390426 16.122543 73.365860 0.000000
0000 000000 0.000000 0.000000 0.000000 0.000000 1500 1500 1.484557 1500 22 440491 16.156900 73.613232 0.000000
0000 000000 0.000000 0.000000 0.000000 0.000000 1500 1500 1.483659 1500 22 490591 16.191084 73.860662 0.000000
0000 000000 0.000000 0.000000 0.000000 0.000000 1500 1500 1.482726 1500 22 540669 16.225100 74.108149 0.000000
0000 000000 0.000000 0.000000 0.000000 0.000000 1500 1500 1.481759 1500 22 590769 16.258953 74.355692 0.000000
0000 000000 0.000000 0.000000 0.000000 0.000000 1500 1500 1.480760 1500 22 640869 16.292650 74.603289 0.000000
0000 000000 0.000000 0.000000 0.000000 0.000000 1500 1500 1.479729 1500 22 690969 16.326194 74.850940 0.000000
0000 000000 0.000000 0.000000 0.000000 0.000000 1500 1500 1.478667 1500 22 741046 16.359592 75.098644 0.000000
0000 000000 0.000000 0.000000 0.000000 0.000000 1500 1500 1.477576 1500 22 791145 16.392850 75.346400 0.000000
0000 000000 0.000000 0.000000 0.000000 0.000000 1500 1500 1.476456 1500 22 841231 16.425972 75.594206 0.000000
0000 000000 0.000000 0.000000 0.000000 0.000000 1500 1500 1.475310 1500 22 891330 16.458965 75.842062 0.000000
0000 000000 0.000000 0.000000 0.000000 0.000000 1500 1500 1.474137 1500 22 941429 16.491833 76.089967 0.000000
0000 000000 0.000000 0.000000 0.000000 0.000000 1500 1500 1.472939 1500 22 991516 16.524582 76.337919 0.000000
0000 000000 0.000000 0.000000 0.000000 0.000000 1500 1500 1.471717 1500 23 41595 16.557219 76.585918 0.000000
0000 000000 0.000000 0.000000 0.000000 0.000000 1500 1500 1.470473 1500 23 91695 16.589748 76.833962 0.000000
0000 000000 0.000000 0.000000 0.000000 0.000000 1500 1500 1.469207 1500 23 141779 16.622175 77.082051 0.000000
0000 000000 0.000000 0.000000 0.000000 0.000000 1500 1500 1.467920 1500 23 191844 16.654506 77.330183 0.000000
0000 000000 0.000000 0.000000 0.000000 0.000000 1500 1500 1.466614 1500 23 241943 16.686746 77.578358 0.000000
0000 000000 0.000000 0.000000 0.000000 0.000000 1500 1500 1.465290 1500 23 292008 16.718901 77.826574 0.000000
0000 000000 0.000000 0.000000 0.000000 0.000000 1500 1500 1.463949 1500 23 342107 16.750976 78.074831 0.000000
0000 000000 0.000000 0.000000 0.000000 0.000000 1500 1500 1.462592 1500 23 392209 16.782978 78.323127 0.000000
0000 000000 0.000000 0.000000 0.000000 0.000000 1500 1500 1.461220 1500 23 442311 16.814911 78.571462 0.000000
0000 000000 0.000000 0.000000 0.000000 0.000000 1500 1500 1.459834 1500 23 492411 16.846782 78.819834 0.000000
0000 000000 0.000000 0.000000 0.000000 0.000000 1500 1500 1.458435 1500 23 542510 16.878595 79.068242 0.000000
0000 000000 0.000000 0.000000 0.000000 0.000000 1500 1500 1.457026 1500 23 592586 16.910356 79.316686 0.000000
0000 000000 0.000000 0.000000 0.000000 0.000000 1500 1500 1.455605 1500 23 642686 16.942070 79.565164 0.000000
0000 000000 0.000000 0.000000 0.000000 0.000000 1500 1500 1.454176 1500 23 692763 16.973744 79.813675 0.000000
0000 000000 0.000000 0.000000 0.000000 0.000000 1500 1500 1.452738 1500 23 742865 17.005382 80.062218 0.000000
0000 000000 0.000000 0.000000 0.000000 0.000000 1500 1500 1.451293 1500 23 792967 17.036989 80.310793 0.000000
0000 000000 0.000000 0.000000 0.000000 0.000000 1500 1500 1.449842 1500 23 843068 17.068572 80.559399 0.000000
0000 000000 0.000000 0.000000 0.000000 0.000000 1500 1500 1.448386 1500 23 893134 17.100134 80.808033 0.000000
0000 000000 0.000000 0.000000 0.000000 0.000000 1500 1500 1.446927 1500 23 943233 17.131682 81.056696 0.000000
0000 000000 0.000000 0.000000 0.000000 0.000000 1500 1500 1.445464 1500 23 993333 17.163221 81.305387 0.000000
0000 000000 0.000000 0.000000 0.000000 0.000000 1500 1500 1.443999 1500 24 43433 17.194755 81.554104 0.000000
0000 000000 0.000000 0.000000 0.000000 0.000000 1500 1500 1.442534 1500 24 93534 17.226289 81.802846 0.000000
0000 000000 0.000000 0.000000 0.000000 0.000000 1500 1500 1.441069 1500 24 143633 17.257829 82.051612 0.000000
0000 000000 0.000000 0.000000 0.000000 0.000000 1500 1500 1.439605 1500 24 193736 17.289380 82.300403 0.000000
0000 000000 0.000000 0.000000 0.000000 0.000000 1500 1500 1.438144 1500 24 243836 17.320945 82.549215 0.000000
0000 000000 0.000000 0.000000 0.000000 0.000000 1500 1500 1.436685 1500 24 293936 17.352531 82.798049 0.000000
0000 000000 0.000000 0.000000 0.000000 0.000000 1500 1500 1.435231 1500 24 344015 17.384141 83.046904 0.000000
0000 000000 0.000000 0.000000 0.000000 0.000000 1500 1500 1.433781 1500 24 394119 17.415780 83.295778 0.000000
0000 000000 0.000000 0.000000 0.000000 0.000000 1500 1500 1.432338 1500 24 444221 17.447453 83.544672 0.000000
0000 000000 0.000000 0.000000 0.000000 0.000000 1500 1500 1.430902 1500 24 494323 17.479164 83.793583 0.000000
0000 000000 0.000000 0.000000 0.000000 0.000000 1500 1500 1.429473 1500 24 544397 17.510918 84.042511 0.000000
0000 000000 0.000000 0.000000 0.000000 0.000000 1500 1500 1.428054 1500 24 594484 17.542719 84.291454 0.000000
0000 000000 0.000000 0.000000 0.000000 0.000000 1500 1500 1.426643 1500 24 644568 17.574570 84.540413 0.000000
0000 000000 0.000000 0.000000 0.000000 0.000000 1500 1500 1.425243 1500 24 694668 17.606477 84.789387 0.000000
0000 000000 0.000000 0.000000 0.000000 0.000000 1500 1500 1.423855 1500 24 744774 17.638443 85.038373 0.000000
0000 000000 0.000000 0.000000 0.000000 0.000000 1500 1500 1.422478 1500 24 794879 17.670471 85.287372 0.000000
0000 000000 0.000000 0.000000 0.000000 0.000000 1500 1500 1.421114 1500 24 844980 17.702567 85.536382 0.000000
0000 000000 0.000000 0.000000 0.000000 0.000000 1500 1500 1.419764 1500 24 895081 17.734733 85.785404 0.000000
0000 000000 0.000000 0.000000 0.000000 0.000000 1500 1500 1.418428 1500 24 945182 17.766974 86.034435 0.000000
0000 000000 0.000000 0.000000 0.000000 0.000000 1500 1500 1.417108 1500 24 995267 17.799292 86.283475 0.000000
0000 000000 0.000000 0.000000 0.000000 0.000000 1500 1500 1.415803 1500 25 45393 17.831692 86.532524 0.000000
0000 000000 0.000000 0.000000 0.000000 0.000000 1500 1500 1.414514 1500 25 95481 17.864176 86.781580 0.000000
0000 000000 0.000000 0.000000 0.000000 0.000000 1500 1500 1.413243 1500 25 145579 17.896748 87.030642 0.000000
0000 000000 0.000000 0.000000 0.000000 0.000000 1500 1500 1.411989 1500 25 195680 17.929412 87.279711 0.000000
0000 000000 0.000000 0.000000 0.000000 0.000000 1500 1500 1.410754 1500 25 245779 17.962169 87.528785 0.000000
0000 000000 0.000000 0.000000 0.000000 0.000000 1500 1500 1.409538 1500 25 295879 17.995023 87.777863 0.000000
0000 000000 0.000000 0.000000 0.000000 0.000000 1500 1500 1.408342 1500 25 345944 18.027978 88.026945 0.000000
0000 000000 0.000000 0.000000 0.000000 0.000000 1500 1500 1.407166 1500 25 396043 18.061034 88.276030 0.000000
0000 000000 0.000000 0.000000 0.000000 0.000000 1500 1500 1.406011 1500 25 446143 18.094197 88.525117 0.000000
0000 000000 0.000000 0.000000 0.000000 0.000000 1500 1500 1.404876 1500 25 496243 18.127467 88.774206 0.000000
0000 000000 0.000000 0.000000 0.000000 0.000000 1500 1500 1.403764 1500 25 546346 18.160847 89.023295 0.000000
0000 000000 0.000000 0.000000 0.000000 0.000000 1500 1500 1.402674 1500 25 596420 18.194340 89.272385 0.000000
0000 000000 0.000000 0.000000 0.000000 0.000000 1500 1500 1.401607 1500 25 646521 18.227947 89.521475 0.000000
0000 000000 0.000000 0.000000 0.000000 0.000000 1500 1500 1.400563 1500 25 696624 18.261672 89.770564 0.000000
0000 000000 0.000000 0.000000 0.000000 0.000000 1500 1500 1.399542 1500 25 746723 18.295515 90.019651 0.000000
0000 000000 0.000000 0.000000 0.000000 0.000000 1500 1500 1.398545 1500 25 796823 18.329479 90.268736 0.000000
0000 000000 0.000000 0.000000 0.000000 0.000000 1500 1500 1.397573 1500 25 846922 18.363566 90.517818 0.000000
0000 000000 0.000000 0.000000 0.000000 0.000000 1500 1500 1.396625 1500 25 897001 18.397777 90.766897 0.000000
0000 000000 0.000000 0.000000 0.000000 0.000000 1500 1500 1.395703 1500 25 947077 18.432114 91.015972 0.000000
0000 000000 0.000000 0.000000 0.000000 0.000000 1500 1500 1.394805 1500 25 997177 18.466579 91.265043 0.000000
0000 000000 0.000000 0.000000 0.000000 0.000000 1500 1500 1.393934 1500 26 47254 18.501172 91.514109 0.000000
0000 000000 0.000000 0.000000 0.000000 0.000000 1500 1500 1.393088 1500 26 97355 18.535895 91.763170 0.000000
0000 000000 0.000000 0.000000 0.000000 0.000000 1500 1500 1.392268 1500 26 147455 18.570750 92.012225 0.000000
0000 000000 0.000000 0.000000 0.000000 0.000000 1500 1500 1.391475 1500 26 197555 18.605736 92.261274 0.000000
0000 000000 0.000000 0.000000 0.000000 0.000000 1500 1500 1.390708 1500 26 247619 18.640856 92.510317 0.000000
0000 000000 0.000000 0.000000 0.000000 0.000000 1500 1500 1.389968 1500 26 297717 18.676110 92.759352 0.000000
0000 000000 0.000000 0.000000 0.000000 0.000000 1500 1500 1.389255 1500 26 347794 18.711499 93.008381 0.000000
0000 000000 0.000000 0.000000 0.000000 0.000000 1500 1500 1.388569 1500 26 397893 18.747024 93.257401 0.000000
0000 000000 0.000000 0.000000 0.000000 0.000000 1500 1500 1.387910 1500 26 447970 18.782684 93.506414 0.000000
0000 000000 0.000000 0.000000 0.000000 0.000000 1500 1500 1.387278 1500 26 498071 18.818481 93.755418 0.000000
0000 000000 0.000000 0.000000 0.000000 0.000000 1500 1500 1.386673 1500 26 548172 18.854415 94.004414 0.000000
0000 000000 0.000000 0.000000 0.000000 0.000000 1500 1500 1.386096 1500 26 598275 18.890487 94.253401 0.000000
0000 000000 0.000000 0.000000 0.000000 0.000000 1500 1500 1.385547 1500 26 648373 18.926695 94.502378 0.000000
0000 000000 0.000000 0.000000 0.000000 0.000000 1500 1500 1.385025 1500 26 698472 18.963041 94.751347 0.000000
0000 000000 0.000000 0.000000 0.000000 0.000000 1500 1500 1.384530 1500 26 748570 18.999525 95.000305 0.000000
0000 000000 0.000000 0.000000 0.000000 0.000000 1500 1500 1.384062 1500 26 798670 19.036146 95.249254 0.000000
0000 000000 0.000000 0.000000 0.000000 0.000000 1500 1500 1.383622 1500 26 848772 19.072904 95.498193 0.000000
0000 000000 0.000000 0.000000 0.000000 0.000000 1500 1500 1.383210 1500 26 898872 19.109798 95.747122 0.000000
0000 000000 0.000000 0.000000 0.000000 0.000000 1500 1500 1.382825 1500 26 948947 19.146830 95.996040 0.000000
0000 000000 0.000000 0.000000 0.000000 0.000000 1500 1500 1.382466 1500 26 999047 19.183997 96.244949 0.000000
0000 000000 0.000000 0.000000 0.000000 0.000000 1500 1500 1.382135 1500 27 49141 19.221300 96.493846 0.000000
0000 000000 0.000000 0.000000 0.000000 0.000000 1500 1500 1.381831 1500 27 99245 19.258737 96.742733 0.000000
0000 000000 0.000000 0.000000 0.000000 0.000000 1500 1500 1.381554 1500 27 149310 19.296309 96.991609 0.000000
0000 000000 0.000000 0.000000 0.000000 0.000000 1500 1500 1.381303 1500 27 199394 19.334014 97.240475 0.000000
0000 000000 0.000000 0.000000 0.000000 0.000000 1500 1500 1.381079 1500 27 249494 19.371851 97.489330 0.000000
0000 000000 0.000000 0.000000 0.000000 0.000000 1500 1500 1.380881 1500 27 299594 19.409820 97.738174 0.000000
0000 000000 0.000000 0.000000 0.000000 0.000000 1500 1500 1.298356 1500 27 349694 19.447920 97.987007 0.000000
0000 000000 0.000000 0.000000 0.000000 0.000000 1500 1500 1.280205 1500 27 399795 19.486286 98.235801 0.000000
0000 000000 0.000000 0.000000 0.000000 0.000000 1500 1500 1.259629 1500 27 449896 19.525014 98.484530 0.000000
0000 000000 0.000000 0.000000 0.000000 0.000000 1500 1500 1.236487 1500 27 499997 19.564182 98.733172 0.000000
0000 000000 0.000000 0.000000 0.000000 0.000000 1500 1500 1.210655 1500 27 550097 19.603862 98.981705 0.000000
0000 000000 0.000000 0.000000 0.000000 0.000000 1500 1500 1.182038 1500 27 600197 19.644128 99.230102 0.000000
0000 000000 0.000000 0.000000 0.000000 0.000000 1500 1500 1.150575 1500 27 650297 19.685059 99.478335 0.000000
0000 000000 0.000000 0.000000 0.000000 0.000000 1500 1500 1.116245 1500 27 700397 19.726738 99.726368 0.000000
0000 000000 0.000000 0.000000 0.000000 0.000000 1500 1500 1.079066 1500 27 750497 19.769255 99.974163 0.000000
0000 000000 0.000000 0.000000 0.000000 0.000000 1500 1500 1.039104 1500 27 800597 19.812703 100.221672 0.000000
0000 000000 0.000000 0.000000 0.000000 0.000000 1500 1500 0.996465 1500 27 850697 19.857185 100.468840 0.000000
0000 000000 0.000000 0.000000 0.000000 0.000000 1500 1500 0.951298 1500 27 900796 19.902803 100.715605 0.000000
0000 000000 0.000000 0.000000 0.000000 0.000000 1500 1500 0.903789 1500 27 950885 19.949667 100.961897 0.000000
0000 000000 0.000000 0.000000 0.000000 0.000000 1500 1500 0.854159 1500 28 990 19.997887 101.207634 0.000000
0000 000000 0.000000 0.000000 0.000000 0.000000 1500 1500 0.802654 1500 28 51090 20.047573 101.452727 0.000000
0000 000000 0.000000 0.000000 0.000000 0.000000 1500 1500 0.749541 1500 28 101166 20.098834 101.697077 0.000000
0000 000000 0.000000 0.000000 0.000000 0.000000 1500 1500 0.695098 1500 28 151266 20.151779 101.940576 0.000000
0000 000000 0.000000 0.000000 0.000000 0.000000 1500 1500 0.639610 1500 28 201367 20.206510 102.183105 0.000000
0000 000000 0.000000 0.000000 0.000000 0.000000 1500 1500 0.583362 1500 28 251467 20.263126 102.424540 0.000000
0000 000000 0.000000 0.000000 0.000000 0.000000 1500 1500 0.526630 1500 28 301567 20.321718 102.664746 0.000000
0000 000000 0.000000 0.000000 0.000000 0.000000 1500 1500 0.469680 1500 28 351666 20.382368 102.903585 0.000000
0000 000000 0.000000 0.000000 0.000000 0.000000 1500 1500 0.412762 1500 28 401766 20.445150 103.140910 0.000000
0000 000000 0.000000 0.000000 0.000000 0.000000 1500 1500 0.356106 1500 28 451865 20.510128 103.376572 0.000000
0000 000000 0.000000 0.000000 0.000000 0.000000 1500 1500 0.299923 1500 28 501942 20.577354 103.610418 0.000000
0000 000000 0.000000 0.000000 0.000000 0.000000 1500 1500 0.244400 1500 28 552018 20.646870 103.842295 0.000000
0000 000000 0.000000 0.000000 0.000000 0.000000 1500 1500 0.189700 1500 28 602120 20.718708 104.072049 0.000000
0000 000000 0.000000 0.000000 0.000000 0.000000 1500 1500 0.135965 1500 28 652219 20.792885 104.299526 0.000000
0000 000000 0.000000 0.000000 0.000000 0.000000 1500 1500 0.083313 1500 28 702296 20.869412 104.524575 0.000000
0000 000000 0.000000 0.000000 0.000000 0.000000 1500 1500 0.031841 1500 28 752395 20.948286 104.747049 0.000000
0000 000000 0.000000 0.000000 0.000000 0.000000 1500 1500 -0.018376 1500 28 802495 21.029496 104.966804 0.000000
0000 000000 0.000000 0.000000 0.000000 0.000000 1500 1500 -0.067278 1500 28 852595 21.113019 105.183702 0.000000
0000 000000 0.000000 0.000000 0.000000 0.000000 1500 1500 -0.114826 1500 28 902695 21.198826 105.397610 0.000000
0000 000000 0.000000 0.000000 0.000000 0.000000 1500 1500 -0.160992 1500 28 952796 21.286880 105.608403 0.000000
0000 000000 0.000000 0.000000 0.000000 0.000000 1500 1500 -0.205766 1500 29 2896 21.377135 105.815961 0.000000
0000 000000 0.000000 0.000000 0.000000 0.000000 1500 1500 -0.249145 1500 29 52998 21.469540 106.020171 0.000000
0000 000000 0.000000 0.000000 0.000000 0.000000 1500 1500 -0.291140 1500 29 103094 21.564038 106.220929 0.000000
0000 000000 0.000000 0.000000 0.000000 0.000000 1500 1500 -0.331767 1500 29 153193 21.660568 106.418137 0.000000
0000 000000 0.000000 0.000000 0.000000 0.000000 1500 1500 -0.371050 1500 29 203292 21.759065 106.611705 0.000000
0000 000000 0.000000 0.000000 0.000000 0.000000 1500 1500 -0.409019 1500 29 253394 21.859460 106.801549 0.000000
0000 000000 0.000000 0.000000 0.000000 0.000000 1500 1500 -0.445709 1500 29 303494 21.961680 106.987595 0.000000
0000 000000 0.000000 0.000000 0.000000 0.000000 1500 1500 -0.481156 1500 29 353595 22.065653 107.169773 0.000000
0000 000000 0.000000 0.000000 0.000000 0.000000 1500 1500 -0.515400 1500 29 403695 22.171302 107.348022 0.000000
0000 000000 0.000000 0.000000 0.000000 0.000000 1500 1500 -0.548482 1500 29 453728 22.278551 107.522286 0.000000
0000 000000 0.000000 0.000000 0.000000 0.000000 1500 1500 -0.580445 1500 29 503827 22.387322 107.692517 0.000000
0000 000000 0.000000 0.000000 0.000000 0.000000 1500 1500 -0.611331 1500 29 553893 22.497539 107.858671 0.000000
0000 000000 0.000000 0.000000 0.000000 0.000000 1500 1500 -0.641183 1500 29 603993 22.609122 108.020711 0.000000
0000 000000 0.000000 0.000000 0.000000 0.000000 1500 1500 -0.670044 1500 29 654094 22.721994 108.178605 0.000000
0000 000000 0.000000 0.000000 0.000000 0.000000 1500 1500 -0.697955 1500 29 704194 22.836079 108.332327 0.000000
0000 000000 0.000000 0.000000 0.000000 0.000000 1500 1500 -0.724957 1500 29 754295 22.951299 108.481854 0.000000
0000 000000 0.000000 0.000000 0.000000 0.000000 1500 1500 -0.751089 1500 29 804392 23.067579 108.627170 0.000000
0000 000000 0.000000 0.000000 0.000000 0.000000 1500 1500 -0.776390 1500 29 854493 23.184845 108.768261 0.000000
0000 000000 0.000000 0.000000 0.000000 0.000000 1500 1500 -0.800898 1500 29 904558 23.303023 108.905118 0.000000
0000 000000 0.000000 0.000000 0.000000 0.000000 1500 1500 -0.824647 1500 29 954658 23.422042 109.037736 0.000000
0000 000000 0.000000 0.000000 0.000000 0.000000 1500 1500 -0.847673 1500 30 4735 23.541829 109.166113 0.000000
0000 000000 0.000000 0.000000 0.000000 0.000000 1500 1500 -0.870008 1500 30 54836 23.662317 109.290251 0.000000
0000 000000 0.000000 0.000000 0.000000 0.000000 1500 1500 -0.891685 1500 30 104937 23.783437 109.410154 0.000000
0000 000000 0.000000 0.000000 0.000000 0.000000 1500 1500 -0.912732 1500 30 155038 23.905123 109.525829 0.000000
0000 000000 0.000000 0.000000 0.000000 0.000000 1500 1500 -0.933180 1500 30 205139 24.027311 109.637287 0.000000
0000 000000 0.000000 0.000000 0.000000 0.000000 1500 1500 -0.953055 1500 30 255240 24.149936 109.744539 0.000000
0000 000000 0.000000 0.000000 0.000000 0.000000 1500 1500 -0.972383 1500 30 305340 24.272938 109.847601 0.000000
0000 000000 0.000000 0.000000 0.000000 0.000000 1500 1500 -0.991191 1500 30 355415 24.396256 109.946488 0.000000
0000 000000 0.000000 0.000000 0.000000 0.000000 1500 1500 -1.009501 1500 30 405514 24.519831 110.041221 0.000000
0000 000000 0.000000 0.000000 0.000000 0.000000 1500 1500 -1.027335 1500 30 455589 24.643608 110.131818 0.000000
0000 000000 0.000000 0.000000 0.000000 0.000000 1500 1500 -1.044717 1500 30 505688 24.767530 110.218302 0.000000
0000 000000 0.000000 0.000000 0.000000 0.000000 1500 1500 -1.061665 1500 30 555761 24.891545 110.300697 0.000000
0000 000000 0.000000 0.000000 0.000000 0.000000 1500 1500 -1.078199 1500 30 605859 25.015598 110.379028 0.000000
0000 000000 0.000000 0.000000 0.000000 0.000000 1500 1500 -1.094339 1500 30 655924 25.139640 110.453320 0.000000
0000 000000 0.000000 0.000000 0.000000 0.000000 1500 1500 -1.110101 1500 30 706024 25.263621 110.523602 0.000000
0000 000000 0.000000 0.000000 0.000000 0.000000 1500 1500 -1.125501 1500 30 756101 25.387494 110.589902 0.000000
0000 000000 0.000000 0.000000 0.000000 0.000000 1500 1500 -1.140557 1500 30 806201 25.511211 110.652249 0.000000
0000 000000 0.000000 0.000000 0.000000 0.000000 1500 1500 -1.155284 1500 30 856279 25.634727 110.710673 0.000000
0000 000000 0.000000 0.000000 0.000000 0.000000 1500 1500 -1.169694 1500 30 906379 25.757999 110.765206 0.000000
0000 000000 0.000000 0.000000 0.000000 0.000000 1500 1500 -1.183804 1500 30 956469 25.880984 110.815880 0.000000
0000 000000 0.000000 0.000000 0.000000 0.000000 1500 1500 -1.197624 1500 31 6569 26.003641 110.862728 0.000000
0000 000000 0.000000 0.000000 0.000000 0.000000 1500 1500 -1.211168 1500 31 56647 26.125929 110.905782 0.000000
0000 000000 0.000000 0.000000 0.000000 0.000000 1500 1500 -1.224449 1500 31 106725 26.247810 110.945076 0.000000
0000 000000 0.000000 0.000000 0.000000 0.000000 1500 1500 -1.237476 1500 31 156821 26.369246 110.980644 0.000000
0000 000000 0.000000 0.000000 0.000000 0.000000 1500 1500 -1.250261 1500 31 206919 26.490201 111.012522 0.000000
0000 000000 0.000000 0.000000 0.000000 0.000000 1500 1500 -1.262814 1500 31 256985 26.610639 111.040744 0.000000
0000 000000 0.000000 0.000000 0.000000 0.000000 1500 1500 -1.275145 1500 31 307085 26.730525 111.065345 0.000000
0000 000000 0.000000 0.000000 0.000000 0.000000 1500 1500 -1.287263 1500 31 357165 26.849826 111.086362 0.000000
0000 000000 0.000000 0.000000 0.000000 0.000000 1500 1500 -1.299178 1500 31 407264 26.968511 111.103829 0.000000
0000 000000 0.000000 0.000000 0.000000 0.000000 1500 1500 -1.310898 1500 31 457364 27.086547 111.117784 0.000000
0000 000000 0.000000 0.000000 0.000000 0.000000 1500 1500 -1.322431 1500 31 507429 27.203905 111.128263 0.000000
0000 000000 0.000000 0.000000 0.000000 0.000000 1500 1500 -1.333785 1500 31 557528 27.320555 111.135301 0.000000
0000 000000 0.000000 0.000000 0.000000 0.000000 1500 1500 -1.344969 1500 31 607563 27.436467 111.138936 0.000000
0000 000000 0.000000 0.000000 0.000000 0.000000 1500 1500 -1.355988 1500 31 657661 27.551616 111.139204 0.000000
0000 000000 0.000000 0.000000 0.000000 0.000000 1500 1500 -1.366850 1500 31 707725 27.665973 111.136142 0.000000
0000 000000 0.000000 0.000000 0.000000 0.000000 1500 1500 -1.377561 1500 31 757823 27.779513 111.129787 0.000000
0000 000000 0.000000 0.000000 0.000000 0.000000 1500 1500 -1.388129 1500 31 807900 27.892210 111.120175 0.000000
0000 000000 0.000000 0.000000 0.000000 0.000000 1500 1500 -1.398559 1500 31 857998 28.004041 111.107344 0.000000
0000 000000 0.000000 0.000000 0.000000 0.000000 1500 1500 -1.408858 1500 31 908074 28.114981 111.091329 0.000000
0000 000000 0.000000 0.000000 0.000000 0.000000 1500 1500 -1.419030 1500 31 958136 28.225007 111.072169 0.000000
0000 000000 0.000000 0.000000 0.000000 0.000000 1500 1500 -1.429083 1500 32 8252 28.334097 111.049899 0.000000
0000 000000 0.000000 0.000000 0.000000 0.000000 1500 1500 -1.439020 1500 32 58350 28.442229 111.024555 0.000000
0000 000000 0.000000 0.000000 0.000000 0.000000 1500 1500 -1.448847 1500 32 108415 28.549382 110.996176 0.000000
0000 000000 0.000000 0.000000 0.000000 0.000000 1500 1500 -1.458569 1500 32 158491 28.655537 110.964796 0.000000
0000 000000 0.000000 0.000000 0.000000 0.000000 1500 1500 -1.468192 1500 32 208590 28.760672 110.930453 0.000000
0000 000000 0.000000 0.000000 0.000000 0.000000 1500 1500 -1.477719 1500 32 258667 28.864769 110.893182 0.000000
0000 000000 0.000000 0.000000 0.000000 0.000000 1500 1500 -1.487155 1500 32 308766 28.967810 110.853019 0.000000
0000 000000 0.000000 0.000000 0.000000 0.000000 1500 1500 -1.496506 1500 32 358856 29.069775 110.810001 0.000000
0000 000000 0.000000 0.000000 0.000000 0.000000 1500 1500 -1.505774 1500 32 408955 29.170649 110.764163 0.000000
0000 000000 0.000000 0.000000 0.000000 0.000000 1500 1500 -1.514964 1500 32 459053 29.270412 110.715540 0.000000
0000 000000 0.000000 0.000000 0.000000 0.000000 1500 1500 -1.524081 1500 32 509120 29.369050 110.664168 0.000000
0000 000000 0.000000 0.000000 0.000000 0.000000 1500 1500 -1.533128 1500 32 559219 29.466545 110.610083 0.000000
0000 000000 0.000000 0.000000 0.000000 0.000000 1500 1500 -1.542109 1500 32 609322 29.562882 110.553319 0.000000
0000 000000 0.000000 0.000000 0.000000 0.000000 1500 1500 -1.551028 1500 32 659399 29.658047 110.493912 0.000000
0000 000000 0.000000 0.000000 0.000000 0.000000 1500 1500 -1.559888 1500 32 709505 29.752023 110.431895 0.000000
0000 000000 0.000000 0.000000 0.000000 0.000000 1500 1500 -1.568695 1500 32 759604 29.844797 110.367304 0.000000
0000 000000 0.000000 0.000000 0.000000 0.000000 1500 1500 -1.577450 1500 32 809683 29.936355 110.300173 0.000000
0000 000000 0.000000 0.000000 0.000000 0.000000 1500 1500 -1.586157 1500 32 859782 30.026683 110.230536 0.000000
0000 000000 0.000000 0.000000 0.000000 0.000000 1500 1500 -1.594821 1500 32 909861 30.115768 110.158427 0.000000
0000 000000 0.000000 0.000000 0.000000 0.000000 1500 1500 -1.603444 1500 32 959962 30.203597 110.083879 0.000000
0000 000000 0.000000 0.000000 0.000000 0.000000 1500 1500 -1.612030 1500 33 10016 30.290157 110.006927 0.000000
0000 000000 0.000000 0.000000 0.000000 0.000000 1500 1500 -1.620581 1500 33 60116 30.375436 109.927603 0.000000
0000 000000 0.000000 0.000000 0.000000 0.000000 1500 1500 -1.629103 1500 33 110216 30.459422 109.845940 0.000000
0000 000000 0.000000 0.000000 0.000000 0.000000 1500 1500 -1.637597 1500 33 160281 30.542103 109.761972 0.000000
0000 000000 0.000000 0.000000 0.000000 0.000000 1500 1500 -1.646067 1500 33 210381 30.623469 109.675732 0.000000
0000 000000 0.000000 0.000000 0.000000 0.000000 1500 1500 -1.654517 1500 33 260480 30.703507 109.587251 0.000000
0000 000000 0.000000 0.000000 0.000000 0.000000 1500 1500 -1.662949 1500 33 310580 30.782206 109.496562 0.000000
0000 000000 0.000000 0.000000 0.000000 0.000000 1500 1500 -1.671366 1500 33 360678 30.859557 109.403698 0.000000
0000 000000 0.000000 0.000000 0.000000 0.000000 1500 1500 -1.679773 1500 33 410778 30.935549 109.308690 0.000000
0000 000000 0.000000 0.000000 0.000000 0.000000 1500 1500 -1.688172 1500 33 460878 31.010171 109.211570 0.000000
0000 000000 0.000000 0.000000 0.000000 0.000000 1500 1500 -1.696567 1500 33 510978 31.083413 109.112369 0.000000
0000 000000 0.000000 0.000000 0.000000 0.000000 1500 1500 -1.704960 1500 33 561079 31.155266 109.011119 0.000000
0000 000000 0.000000 0.000000 0.000000 0.000000 1500 1500 -1.713356 1500 33 611147 31.225720 108.907851 0.000000
0000 000000 0.000000 0.000000 0.000000 0.000000 1500 1500 -1.721757 1500 33 661247 31.294765 108.802596 0.000000
0000 000000 0.000000 0.000000 0.000000 0.000000 1500 1500 -1.730167 1500 33 711348 31.362393 108.695384 0.000000
0000 000000 0.000000 0.000000 0.000000 0.000000 1500 1500 -1.738589 1500 33 761449 31.428593 108.586247 0.000000
0000 000000 0.000000 0.000000 0.000000 0.000000 1500 1500 -1.747027 1500 33 811549 31.493357 108.475215 0.000000
0000 000000 0.000000 0.000000 0.000000 0.000000 1500 1500 -1.755484 1500 33 861650 31.556675 108.362319 0.000000
0000 000000 0.000000 0.000000 0.000000 0.000000 1500 1500 -1.763963 1500 33 911749 31.618539 108.247587 0.000000
0000 000000 0.000000 0.000000 0.000000 0.000000 1500 1500 -1.772469 1500 33 961815 31.678941 108.131051 0.000000
0000 000000 0.000000 0.000000 0.000000 0.000000 1500 1500 -1.781005 1500 34 11916 31.737871 108.012739 0.000000
0000 000000 0.000000 0.000000 0.000000 0.000000 1500 1500 -1.789575 1500 34 61994 31.795321 107.892683 0.000000
0000 000000 0.000000 0.000000 0.000000 0.000000 1500 1500 -1.798182 1500 34 112094 31.851282 107.770911 0.000000
0000 000000 0.000000 0.000000 0.000000 0.000000 1500 1500 -1.806831 1500 34 162171 31.905746 107.647452 0.000000
0000 000000 0.000000 0.000000 0.000000 0.000000 1500 1500 -1.815525 1500 34 212271 31.958704 107.522337 0.000000
0000 000000 0.000000 0.000000 0.000000 0.000000 1500 1500 -1.824269 1500 34 262370 32.010149 107.395594 0.000000
0000 000000 0.000000 0.000000 0.000000 0.000000 1500 1500 -1.833067 1500 34 312471 32.060071 107.267252 0.000000
0000 000000 0.000000 0.000000 0.000000 0.000000 1500 1500 -1.841923 1500 34 362571 32.108462 107.137340 0.000000
0000 000000 0.000000 0.000000 0.000000 0.000000 1500 1500 -1.850842 1500 34 412672 32.155315 107.005888 0.000000
0000 000000 0.000000 0.000000 0.000000 0.000000 1500 1500 -1.859828 1500 34 462772 32.200620 106.872923 0.000000
0000 000000 0.000000 0.000000 0.000000 0.000000 1500 1500 -1.868885 1500 34 512876 32.244369 106.738475 0.000000
0000 000000 0.000000 0.000000 0.000000 0.000000 1500 1500 -1.878020 1500 34 562976 32.286553 106.602572 0.000000
0000 000000 0.000000 0.000000 0.000000 0.000000 1500 1500 -1.887236 1500 34 613078 32.327165 106.465243 0.000000
0000 000000 0.000000 0.000000 0.000000 0.000000 1500 1500 -1.896539 1500 34 663177 32.366196 106.326517 0.000000
0000 000000 0.000000 0.000000 0.000000 0.000000 1500 1500 -1.905935 1500 34 713277 32.403637 106.186422 0.000000
0000 000000 0.000000 0.000000 0.000000 0.000000 1500 1500 -1.915427 1500 34 763378 32.439479 106.044986 0.000000
0000 000000 0.000000 0.000000 0.000000 0.000000 1500 1500 -1.925024 1500 34 813477 32.473715 105.902238 0.000000
0000 000000 0.000000 0.000000 0.000000 0.000000 1500 1500 -1.934729 1500 34 863577 32.506334 105.758207 0.000000
0000 000000 0.000000 0.000000 0.000000 0.000000 1500 1500 -1.944549 1500 34 913677 32.537328 105.612921 0.000000
0000 000000 0.000000 0.000000 0.000000 0.000000 1500 1500 -1.954491 1500 34 963785 32.566687 105.466409 0.000000
0000 000000 0.000000 0.000000 0.000000 0.000000 1500 1500 -1.964560 1500 35 13885 32.594404 105.318699 0.000000
0000 000000 0.000000 0.000000 0.000000 0.000000 1500 1500 -1.974763 1500 35 63962 32.620468 105.169821 0.000000
0000 000000 0.000000 0.000000 0.000000 0.000000 1500 1500 -1.985107 1500 35 114063 32.644869 105.019802 0.000000
0000 000000 0.000000 0.000000 0.000000 0.000000 1500 1500 -1.995599 1500 35 164163 32.667599 104.868673 0.000000
0000 000000 0.000000 0.000000 0.000000 0.000000 1500 1500 -2.006246 1500 35 214262 32.688648 104.716461 0.000000
0000 000000 0.000000 0.000000 0.000000 0.000000 1500 1500 -2.017055 1500 35 264326 32.708004 104.563197 0.000000
0000 000000 0.000000 0.000000 0.000000 0.000000 1500 1500 -2.028034 1500 35 314425 32.725659 104.408909 0.000000
0000 000000 0.000000 0.000000 0.000000 0.000000 1500 1500 -2.039191 1500 35 364503 32.741602 104.253628 0.000000
0000 000000 0.000000 0.000000 0.000000 0.000000 1500 1500 -2.050533 1500 35 414580 32.755821 104.097383 0.000000
0000 000000 0.000000 0.000000 0.000000 0.000000 1500 1500 -2.062068 1500 35 464681 32.768308 103.940204 0.000000
0000 000000 0.000000 0.000000 0.000000 0.000000 1500 1500 -2.073804 1500 35 514784 32.779049 103.782121 0.000000
0000 000000 0.000000 0.000000 0.000000 0.000000 1500 1500 -2.085751 1500 35 564849 32.788035 103.623165 0.000000
0000 000000 0.000000 0.000000 0.000000 0.000000 1500 1500 -2.097916 1500 35 614950 32.795253 103.463367 0.000000
0000 000000 0.000000 0.000000 0.000000 0.000000 1500 1500 -2.110308 1500 35 665051 32.800692 103.302759 0.000000
0000 000000 0.000000 0.000000 0.000000 0.000000 1500 1500 -2.122935 1500 35 715152 32.804340 103.141371 0.000000
0000 000000 0.000000 0.000000 0.000000 0.000000 1500 1500 -2.135807 1500 35 765230 32.806185 102.979236 0.000000
0000 000000 0.000000 0.000000 0.000000 0.000000 1500 1500 -2.148933 1500 35 815328 32.806213 102.816387 0.000000
0000 000000 0.000000 0.000000 0.000000 0.000000 1500 1500 -2.162320 1500 35 865402 32.804413 102.652856 0.000000
0000 000000 0.000000 0.000000 0.000000 0.000000 1500 1500 -2.175978 1500 35 915502 32.800772 102.488677 0.000000
0000 000000 0.000000 0.000000 0.000000 0.000000 1500 1500 -2.189915 1500 35 965593 32.795275 102.323883 0.000000
0000 000000 0.000000 0.000000 0.000000 0.000000 1500 1500 -2.204141 1500 36 15693 32.787911 102.158510 0.000000
0000 000000 0.000000 0.000000 0.000000 0.000000 1500 1500 -2.218663 1500 36 65771 32.778664 101.992593 0.000000
0000 000000 0.000000 0.000000 0.000000 0.000000 1500 1500 -2.233490 1500 36 115871 32.767521 101.826167 0.000000
0000 000000 0.000000 0.000000 0.000000 0.000000 1500 1500 -2.248629 1500 36 165970 32.754468 101.659269 0.000000
0000 000000 0.000000 0.000000 0.000000 0.000000 1500 1500 -2.264090 1500 36 216070 32.739491 101.491937 0.000000
0000 000000 0.000000 0.000000 0.000000 0.000000 1500 1500 -2.279878 1500 36 266170 32.722575 101.324208 0.000000
0000 000000 0.000000 0.000000 0.000000 0.000000 1500 1500 -2.279878 1500 36 316205 32.703706 101.156120 0.000000
0000 000000 0.000000 0.000000 0.000000 0.000000 1500 1500 -2.279878 1500 36 366303 32.682889 100.987697 0.000000
0000 000000 0.000000 0.000000 0.000000 0.000000 1500 1500 -2.279878 1500 36 416402 32.660141 100.818950 0.000000
0000 000000 0.000000 0.000000 0.000000 0.000000 1500 1500 -2.279878 1500 36 466499 32.635483 100.649889 0.000000
0000 000000 0.000000 0.000000 0.000000 0.000000 1500 1500 -2.279878 1500 36 516597 32.608938 100.480520 0.000000
0000 000000 0.000000 0.000000 0.000000 0.000000 1500 1500 -2.279878 1500 36 566673 32.580530 100.310849 0.000000
0000 000000 0.000000 0.000000 0.000000 0.000000 1500 1500 -2.279878 1500 36 616770 32.550285 100.140879 0.000000
0000 000000 0.000000 0.000000 0.000000 0.000000 1500 1500 -2.279878 1500 36 666868 32.518226 99.970615 0.000000
0000 000000 0.000000 0.000000 0.000000 0.000000 1500 1500 -2.279878 1500 36 716966 32.484379 99.800061 0.000000
0000 000000 0.000000 0.000000 0.000000 0.000000 1500 1500 -2.279878 1500 36 767040 32.448766 99.629222 0.000000
0000 000000 0.000000 0.000000 0.000000 0.000000 1500 1500 -2.279878 1500 36 817139 32.411412 99.458100 0.000000
0000 000000 0.000000 0.000000 0.000000 0.000000 1500 1500 -2.279878 1500 36 867237 32.372340 99.286701 0.000000
0000 000000 0.000000 0.000000 0.000000 0.000000 1500 1500 -2.279878 1500 36 917336 32.331574 99.115027 0.000000
0000 000000 0.000000 0.000000 0.000000 0.000000 1500 1500 -2.279878 1500 36 967417 32.289136 98.943083 0.000000
0000 000000 0.000000 0.000000 0.000000 0.000000 1500 1500 -2.279878 1500 37 17515 32.245049 98.770872 0.000000
0000 000000 0.000000 0.000000 0.000000 0.000000 1500 1500 -2.279878 1500 37 67615 32.199336 98.598398 0.000000
0000 000000 0.000000 0.000000 0.000000 0.000000 1500 1500 -2.279878 1500 37 117714 32.152018 98.425663 0.000000
0000 000000 0.000000 0.000000 0.000000 0.000000 1500 1500 -2.279878 1500 37 167791 32.103116 98.252673 0.000000
0000 000000 0.000000 0.000000 0.000000 0.000000 1500 1500 -2.279878 1500 37 217854 32.052654 98.079429 0.000000
0000 000000 0.000000 0.000000 0.000000 0.000000 1500 1500 -2.279878 1500 37 267952 32.000650 97.905937 0.000000
0000 000000 0.000000 0.000000 0.000000 0.000000 1500 1500 -2.279878 1500 37 318050 31.947127 97.732198 0.000000
0000 000000 0.000000 0.000000 0.000000 0.000000 1500 1500 -2.279878 1500 37 368147 31.892105 97.558217 0.000000
0000 000000 0.000000 0.000000 0.000000 0.000000 1500 1500 -2.279878 1500 37 418233 31.835604 97.383996 0.000000
0000 000000 0.000000 0.000000 0.000000 0.000000 1500 1500 -2.279878 1500 37 468331 31.777643 97.209539 0.000000
0000 000000 0.000000 0.000000 0.000000 0.000000 1500 1500 -2.279878 1500 37 518429 31.718244 97.034849 0.000000
0000 000000 0.000000 0.000000 0.000000 0.000000 1500 1500 -2.279878 1500 37 568529 31.657425 96.859929 0.000000
0000 000000 0.000000 0.000000 0.000000 0.000000 1500 1500 -2.279878 1500 37 618591 31.595205 96.684783 0.000000
0000 000000 0.000000 0.000000 0.000000 0.000000 1500 1500 -2.279878 1500 37 668689 31.531604 96.509413 0.000000
0000 000000 0.000000 0.000000 0.000000 0.000000 1500 1500 -2.279878 1500 37 718786 31.466639 96.333822 0.000000
0000 000000 0.000000 0.000000 0.000000 0.000000 1500 1500 -2.279878 1500 37 768886 31.400330 96.158014 0.000000
0000 000000 0.000000 0.000000 0.000000 0.000000 1500 1500 -2.279878 1500 37 818983 31.332695 95.981991 0.000000
0000 000000 0.000000 0.000000 0.000000 0.000000 1500 1500 -2.279878 1500 37 869058 31.263751 95.805756 0.000000
0000 000000 0.000000 0.000000 0.000000 0.000000 1500 1500 -2.279878 1500 37 919155 31.193516 95.629312 0.000000
0000 000000 0.000000 0.000000 0.000000 0.000000 1500 1500 -2.279878 1500 37 969233 31.122008 95.452662 0.000000
0000 000000 0.000000 0.000000 0.000000 0.000000 1500 1500 -2.279878 1500 38 19331 31.049244 95.275809 0.000000
0000 000000 0.000000 0.000000 0.000000 0.000000 1500 1500 -2.279878 1500 38 69405 30.975240 95.098755 0.000000
0000 000000 0.000000 0.000000 0.000000 0.000000 1500 1500 -2.279878 1500 38 119502 30.900015 94.921503 0.000000
0000 000000 0.000000 0.000000 0.000000 0.000000 1500 1500 -2.279878 1500 38 169576 30.823583 94.744056 0.000000
0000 000000 0.000000 0.000000 0.000000 0.000000 1500 1500 -2.279878 1500 38 219673 30.745962 94.566417 0.000000
0000 000000 0.000000 0.000000 0.000000 0.000000 1500 1500 -2.279878 1500 38 269748 30.667167 94.388587 0.000000
0000 000000 0.000000 0.000000 0.000000 0.000000 1500 1500 -2.279878 1500 38 319832 30.587214 94.210570 0.000000
0000 000000 0.000000 0.000000 0.000000 0.000000 1500 1500 -2.279878 1500 38 369930 30.506120 94.032368 0.000000
0000 000000 0.000000 0.000000 0.000000 0.000000 1500 1500 -2.279878 1500 38 420028 30.423898 93.853984 0.000000
0000 000000 0.000000 0.000000 0.000000 0.000000 1500 1500 -2.279878 1500 38 470126 30.340566 93.675420 0.000000
0000 000000 0.000000 0.000000 0.000000 0.000000 1500 1500 -2.279878 1500 38 520227 30.256137 93.496679 0.000000
0000 000000 0.000000 0.000000 0.000000 0.000000 1500 1500 -2.279878 1500 38 570324 30.170627 93.317762 0.000000
0000 000000 0.000000 0.000000 0.000000 0.000000 1500 1500 -2.279878 1500 38 620421 30.084049 93.138673 0.000000
0000 000000 0.000000 0.000000 0.000000 0.000000 1500 1500 -2.279878 1500 38 670518 29.996419 92.959413 0.000000
0000 000000 0.000000 0.000000 0.000000 0.000000 1500 1500 -2.279878 1500 38 720615 29.907751 92.779986 0.000000
0000 000000 0.000000 0.000000 0.000000 0.000000 1500 1500 -2.279878 1500 38 770712 29.818059 92.600392 0.000000
0000 000000 0.000000 0.000000 0.000000 0.000000 1500 1500 -2.279878 1500 38 820810 29.727356 92.420635 0.000000
0000 000000 0.000000 0.000000 0.000000 0.000000 1500 1500 -2.279878 1500 38 870884 29.635656 92.240717 0.000000
0000 000000 0.000000 0.000000 0.000000 0.000000 1500 1500 -2.279878 1500 38 920982 29.542973 92.060639 0.000000
0000 000000 0.000000 0.000000 0.000000 0.000000 1500 1500 -2.279878 1500 38 971139 29.449320 91.880404 0.000000
0000 000000 0.000000 0.000000 0.000000 0.000000 1500 1500 -2.279878 1500 39 21222 29.354711 91.700015 0.000000
0000 000000 0.000000 0.000000 0.000000 0.000000 1500 1500 -2.279878 1500 39 71302 29.259157 91.519473 0.000000
0000 000000 0.000000 0.000000 0.000000 0.000000 1500 1500 -2.279878 1500 39 121371 29.162672 91.338779 0.000000
0000 000000 0.000000 0.000000 0.000000 0.000000 1500 1500 -2.279878 1500 39 171470 29.065268 91.157938 0.000000
0000 000000 0.000000 0.000000 0.000000 0.000000 1500 1500 -2.279878 1500 39 221570 28.966958 90.976949 0.000000
0000 000000 0.000000 0.000000 0.000000 0.000000 1500 1500 -2.279878 1500 39 271667 28.867755 90.795816 0.000000
0000 000000 0.000000 0.000000 0.000000 0.000000 1500 1500 -2.279878 1500 39 321738 28.767669 90.614540 0.000000
0000 000000 0.000000 0.000000 0.000000 0.000000 1500 1500 -2.279878 1500 39 371834 28.666713 90.433123 0.000000
0000 000000 0.000000 0.000000 0.000000 0.000000 1500 1500 -2.279878 1500 39 421933 28.564900 90.251568 0.000000
0000 000000 0.000000 0.000000 0.000000 0.000000 1500 1500 -2.279878 1500 39 472029 28.462239 90.069875 0.000000
0000 000000 0.000000 0.000000 0.000000 0.000000 1500 1500 -2.279878 1500 39 522129 28.358744 89.888047 0.000000
0000 000000 0.000000 0.000000 0.000000 0.000000 1500 1500 -2.279878 1500 39 572227 28.254424 89.706086 0.000000
0000 000000 0.000000 0.000000 0.000000 0.000000 1500 1500 -2.279878 1500 39 622323 28.149292 89.523993 0.000000
0000 000000 0.000000 0.000000 0.000000 0.000000 1500 1500 -2.279878 1500 39 672419 28.043358 89.341771 0.000000
0000 000000 0.000000 0.000000 0.000000 0.000000 1500 1500 -2.279878 1500 39 722517 27.936633 89.159420 0.000000
0000 000000 0.000000 0.000000 0.000000 0.000000 1500 1500 -2.279878 1500 39 772594 27.829128 88.976943 0.000000
0000 000000 0.000000 0.000000 0.000000 0.000000 1500 1500 -2.279878 1500 39 822691 27.720853 88.794342 0.000000
0000 000000 0.000000 0.000000 0.000000 0.000000 1500 1500 -2.279878 1500 39 872788 27.611819 88.611617 0.000000
0000 000000 0.000000 0.000000 0.000000 0.000000 1500 1500 -2.279878 1500 39 922883 27.502036 88.428771 0.000000
0000 000000 0.000000 0.000000 0.000000 0.000000 1500 1500 -2.279878 1500 39 972970 27.391513 88.245806 0.000000
0000 000000 0.000000 0.000000 0.000000 0.000000 1500 1500 -2.279878 1500 40 23050 27.280262 88.062723 0.000000
0000 000000 0.000000 0.000000 0.000000 0.000000 1500 1500 -2.279878 1500 40 73141 27.168292 87.879523 0.000000
0000 000000 0.000000 0.000000 0.000000 0.000000 1500 1500 -2.279878 1500 40 123222 27.055613 87.696209 0.000000
0000 000000 0.000000 0.000000 0.000000 0.000000 1500 1500 -2.279878 1500 40 173304 26.942233 87.512781 0.000000
0000 000000 0.000000 0.000000 0.000000 0.000000 1500 1500 -2.279878 1500 40 223385 26.828164 87.329241 0.000000
0000 000000 0.000000 0.000000 0.000000 0.000000 1500 1500 -2.279878 1500 40 273466 26.713413 87.145592 0.000000
0000 000000 0.000000 0.000000 0.000000 0.000000 1500 1500 -2.279878 1500 40 323549 26.597991 86.961833 0.000000
0000 000000 0.000000 0.000000 0.000000 0.000000 1500 1500 -2.279878 1500 40 373630 26.481906 86.777967 0.000000
0000 000000 0.000000 0.000000 0.000000 0.000000 1500 1500 -2.279878 1500 40 423711 26.365167 86.593996 0.000000
0000 000000 0.000000 0.000000 0.000000 0.000000 1500 1500 -2.279878 1500 40 473792 26.247783 86.409920 0.000000
0000 000000 0.000000 0.000000 0.000000 0.000000 1500 1500 -2.279878 1500 40 523871 26.129763 86.225741 0.000000
0000 000000 0.000000 0.000000 0.000000 0.000000 1500 1500 -2.279878 1500 40 573952 26.011115 86.041460 0.000000
0000 000000 0.000000 0.000000 0.000000 0.000000 1500 1500 -2.279878 1500 40 624033 25.891849 85.857079 0.000000
0000 000000 0.000000 0.000000 0.000000 0.000000 1500 1500 -2.279878 1500 40 674115 25.771971 85.672599 0.000000
0000 000000 0.000000 0.000000 0.000000 0.000000 1500 1500 -2.279878 1500 40 724196 25.651491 85.488022 0.000000
0000 000000 0.000000 0.000000 0.000000 0.000000 1500 1500 -2.279878 1500 40 774278 25.530417 85.303349 0.000000
0000 000000 0.000000 0.000000 0.000000 0.000000 1500 1500 -2.279878 1500 40 824360 25.408756 85.118581 0.000000
0000 000000 0.000000 0.000000 0.000000 0.000000 1500 1500 -2.279878 1500 40 874436 25.286517 84.933719 0.000000
0000 000000 0.000000 0.000000 0.000000 0.000000 1500 1500 -2.279878 1500 40 924516 25.163707 84.748764 0.000000
0000 000000 0.000000 0.000000 0.000000 0.000000 1500 1500 -2.279878 1500 40 974604 25.040335 84.563719 0.000000
0000 000000 0.000000 0.000000 0.000000 0.000000 1500 1500 -2.279878 1500 41 24686 24.916407 84.378583 0.000000
0000 000000 0.000000 0.000000 0.000000 0.000000 1500 1500 -2.279878 1500 41 74767 24.791931 84.193359 0.000000
0000 000000 0.000000 0.000000 0.000000 0.000000 1500 1500 -2.279878 1500 41 124848 24.666915 84.008048 0.000000
0000 000000 0.000000 0.000000 0.000000 0.000000 1500 1500 -2.279878 1500 41 174944 24.541366 83.822650 0.000000
0000 000000 0.000000 0.000000 0.000000 0.000000 1500 1500 -2.279878 1500 41 225041 24.415291 83.637167 0.000000
0000 000000 0.000000 0.000000 0.000000 0.000000 1500 1500 -2.279878 1500 41 275139 24.288698 83.451601 0.000000
0000 000000 0.000000 0.000000 0.000000 0.000000 1500 1500 -2.279878 1500 41 325237 24.161592 83.265951 0.000000
0000 000000 0.000000 0.000000 0.000000 0.000000 1500 1500 -2.279878 1500 41 375337 24.033982 83.080219 0.000000
0000 000000 0.000000 0.000000 0.000000 0.000000 1500 1500 -2.279878 1500 41 425437 23.905873 82.894407 0.000000
0000 000000 0.000000 0.000000 0.000000 0.000000 1500 1500 -2.279878 1500 41 475509 23.777274 82.708516 0.000000
0000 000000 0.000000 0.000000 0.000000 0.000000 1500 1500 -2.279878 1500 41 525601 23.648190 82.522546 0.000000
0000 000000 0.000000 0.000000 0.000000 0.000000 1500 1500 -2.279878 1500 41 575692 23.518627 82.336498 0.000000
0000 000000 0.000000 0.000000 0.000000 0.000000 1500 1500 -2.279878 1500 41 625784 23.388593 82.150375 0.000000
0000 000000 0.000000 0.000000 0.000000 0.000000 1500 1500 -2.279878 1500 41 675880 23.258094 81.964176 0.000000
0000 000000 0.000000 0.000000 0.000000 0.000000 1500 1500 -2.279878 1500 41 725976 23.127136 81.777902 0.000000
0000 000000 0.000000 0.000000 0.000000 0.000000 1500 1500 -2.279878 1500 41 776072 22.995725 81.591556 0.000000
0000 000000 0.000000 0.000000 0.000000 0.000000 1500 1500 -2.279878 1500 41 826168 22.863868 81.405137 0.000000
0000 000000 0.000000 0.000000 0.000000 0.000000 1500 1500 -2.279878 1500 41 876265 22.731569 81.218647 0.000000
0000 000000 0.000000 0.000000 0.000000 0.000000 1500 1500 -2.279878 1500 41 926361 22.598837 81.032086 0.000000
0000 000000 0.000000 0.000000 0.000000 0.000000 1500 1500 -2.279878 1500 41 976461 22.465675 80.845456 0.000000
0000 000000 0.000000 0.000000 0.000000 0.000000 1500 1500 -2.279878 1500 42 26556 22.332090 80.658757 0.000000
0000 000000 0.000000 0.000000 0.000000 0.000000 1500 1500 -2.279878 1500 42 76654 22.198088 80.471991 0.000000
0000 000000 0.000000 0.000000 0.000000 0.000000 1500 1500 -2.279878 1500 42 126750 22.063675 80.285159 0.000000
0000 000000 0.000000 0.000000 0.000000 0.000000 1500 1500 -2.279878 1500 42 176846 21.928855 80.098260 0.000000
0000 000000 0.000000 0.000000 0.000000 0.000000 1500 1500 -2.279878 1500 42 226942 21.793635 79.911297 0.000000
0000 000000 0.000000 0.000000 0.000000 0.000000 1500 1500 -2.279878 1500 42 277039 21.658020 79.724270 0.000000
0000 000000 0.000000 0.000000 0.000000 0.000000 1500 1500 -2.279878 1500 42 327136 21.522014 79.537179 0.000000
0000 000000 0.000000 0.000000 0.000000 0.000000 1500 1500 -2.279878 1500 42 377233 21.385625 79.350027 0.000000
0000 000000 0.000000 0.000000 0.000000 0.000000 1500 1500 -2.279878 1500 42 427302 21.248855 79.162813 0.000000
0000 000000 0.000000 0.000000 0.000000 0.000000 1500 1500 -2.279878 1500 42 477397 21.111712 78.975538 0.000000
0000 000000 0.000000 0.000000 0.000000 0.000000 1500 1500 -2.279878 1500 42 527493 20.974199 78.788204 0.000000
0000 000000 0.000000 0.000000 0.000000 0.000000 1500 1500 -2.279878 1500 42 577591 20.836323 78.600811 0.000000
0000 000000 0.000000 0.000000 0.000000 0.000000 1500 1500 -2.279878 1500 42 627660 20.698087 78.413359 0.000000
0000 000000 0.000000 0.000000 0.000000 0.000000 1500 1500 -2.279878 1500 42 677756 20.559496 78.225851 0.000000
0000 000000 0.000000 0.000000 0.000000 0.000000 1500 1500 -2.279878 1500 42 727853 20.420556 78.038285 0.000000
0000 000000 0.000000 0.000000 0.000000 0.000000 1500 1500 -2.279878 1500 42 777952 20.281271 77.850664 0.000000
0000 000000 0.000000 0.000000 0.000000 0.000000 1500 1500 -2.279878 1500 42 828049 20.141646 77.662988 0.000000
0000 000000 0.000000 0.000000 0.000000 0.000000 1500 1500 -2.279878 1500 42 878147 20.001685 77.475257 0.000000
0000 000000 0.000000 0.000000 0.000000 0.000000 1500 1500 -2.279878 1500 42 928244 19.861393 77.287473 0.000000
0000 000000 0.000000 0.000000 0.000000 0.000000 1500 1500 -2.279878 1500 42 978326 19.720774 77.099636 0.000000
0000 000000 0.000000 0.000000 0.000000 0.000000 1500 1500 -2.279878 1500 43 28407 19.579833 76.911746 0.000000
0000 000000 0.000000 0.000000 0.000000 0.000000 1500 1500 -2.279878 1500 43 78487 19.438575 76.723806 0.000000
0000 000000 0.000000 0.000000 0.000000 0.000000 1500 1500 -2.279878 1500 43 128565 19.297002 76.535814 0.000000
0000 000000 0.000000 0.000000 0.000000 0.000000 1500 1500 -2.279878 1500 43 178664 19.155121 76.347773 0.000000
0000 000000 0.000000 0.000000 0.000000 0.000000 1500 1500 -2.279878 1500 43 228753 19.012934 76.159682 0.000000
0000 000000 0.000000 0.000000 0.000000 0.000000 1500 1500 -2.279878 1500 43 278843 18.870446 75.971542 0.000000
0000 000000 0.000000 0.000000 0.000000 0.000000 1500 1500 -2.279878 1500 43 328933 18.727661 75.783354 0.000000
0000 000000 0.000000 0.000000 0.000000 0.000000 1500 1500 -2.279878 1500 43 379022 18.584584 75.595119 0.000000
0000 000000 0.000000 0.000000 0.000000 0.000000 1500 1500 -2.279878 1500 43 429112 18.441217 75.406837 0.000000
0000 000000 0.000000 0.000000 0.000000 0.000000 1500 1500 -2.279878 1500 43 479203 18.297565 75.218509 0.000000
0000 000000 0.000000 0.000000 0.000000 0.000000 1500 1500 -2.279878 1500 43 529302 18.153632 75.030135 0.000000
0000 000000 0.000000 0.000000 0.000000 0.000000 1500 1500 -2.279878 1500 43 579398 18.009422 74.841717 0.000000
0000 000000 0.000000 0.000000 0.000000 0.000000 1500 1500 -2.279878 1500 43 629496 17.864937 74.653254 0.000000
0000 000000 0.000000 0.000000 0.000000 0.000000 1500 1500 -2.279878 1500 43 679592 17.720183 74.464747 0.000000
0000 000000 0.000000 0.000000 0.000000 0.000000 1500 1500 -2.279878 1500 43 729661 17.575163 74.276198 0.000000
0000 000000 0.000000 0.000000 0.000000 0.000000 1500 1500 -2.279878 1500 43 779760 17.429880 74.087605 0.000000
0000 000000 0.000000 0.000000 0.000000 0.000000 1500 1500 -2.279878 1500 43 829856 17.284337 73.898971 0.000000
0000 000000 0.000000 0.000000 0.000000 0.000000 1500 1500 -2.279878 1500 43 879953 17.138539 73.710296 0.000000
0000 000000 0.000000 0.000000 0.000000 0.000000 1500 1500 -2.279878 1500 43 930051 16.992489 73.521579 0.000000
0000 000000 0.000000 0.000000 0.000000 0.000000 1500 1500 -2.279878 1500 43 980150 16.846190 73.332823 0.000000
0000 000000 0.000000 0.000000 0.000000 0.000000 1500 1500 -2.279878 1500 44 30234 16.699645 73.144026 0.000000
0000 000000 0.000000 0.000000 0.000000 0.000000 1500 1500 -2.279878 1500 44 80329 16.552858 72.955191 0.000000
0000 000000 0.000000 0.000000 0.000000 0.000000 1500 1500 -2.279878 1500 44 130425 16.405833 72.766317 0.000000
0000 000000 0.000000 0.000000 0.000000 0.000000 1500 1500 -2.279878 1500 44 180521 16.258571 72.577404 0.000000
0000 000000 0.000000 0.000000 0.000000 0.000000 1500 1500 -2.279878 1500 44 230617 16.111078 72.388454 0.000000
0000 000000 0.000000 0.000000 0.000000 0.000000 1500 1500 -2.279878 1500 44 280713 15.963355 72.199467 0.000000
0000 000000 0.000000 0.000000 0.000000 0.000000 1500 1500 -2.279878 1500 44 330810 15.815405 72.010443 0.000000
0000 000000 0.000000 0.000000 0.000000 0.000000 1500 1500 -2.279878 1500 44 380911 15.667233 71.821384 0.000000
0000 000000 0.000000 0.000000 0.000000 0.000000 1500 1500 -2.279878 1500 44 431008 15.518840 71.632288 0.000000
0000 000000 0.000000 0.000000 0.000000 0.000000 1500 1500 -2.279878 1500 44 481111 15.370231 71.443157 0.000000
0000 000000 0.000000 0.000000 0.000000 0.000000 1500 1500 -2.279878 1500 44 531209 15.221407 71.253992 0.000000
0000 000000 0.000000 0.000000 0.000000 0.000000 1500 1500 -2.279878 1500 44 581308 15.072372 71.064793 0.000000
0000 000000 0.000000 0.000000 0.000000 0.000000 1500 1500 -2.279878 1500 44 631404 14.923128 70.875559 0.000000
0000 000000 0.000000 0.000000 0.000000 0.000000 1500 1500 -2.279878 1500 44 681502 14.773678 70.686293 0.000000
0000 000000 0.000000 0.000000 0.000000 0.000000 1500 1500 -2.279878 1500 44 731599 14.624026 70.496993 0.000000
0000 000000 0.000000 0.000000 0.000000 0.000000 1500 1500 -2.279878 1500 44 781696 14.474174 70.307661 0.000000
0000 000000 0.000000 0.000000 0.000000 0.000000 1500 1500 -2.279878 1500 44 831822 14.324124 70.118298 0.000000
0000 000000 0.000000 0.000000 0.000000 0.000000 1500 1500 -2.279878 1500 44 881919 14.173879 69.928902 0.000000
0000 000000 0.000000 0.000000 0.000000 0.000000 1500 1500 -2.279878 1500 44 932014 14.023442 69.739476 0.000000
0000 000000 0.000000 0.000000 0.000000 0.000000 1500 1500 -2.279878 1500 44 982119 13.872816 69.550019 0.000000
0000 000000 0.000000 0.000000 0.000000 0.000000 1500 1500 -2.279878 1500 45 32224 13.722002 69.360531 0.000000
0000 000000 0.000000 0.000000 0.000000 0.000000 1500 1500 -2.279878 1500 45 82324 13.571005 69.171014 0.000000
