0000 000000 0.000000 0.000000 0.000000 0.000000 1500 1500 0.000000 950 0 500499 0.000000 0.000000 0.000000
0000 000000 0.000000 0.000000 0.000000 0.000000 1500 1500 0.000000 950 0 550599 0.000000 0.000000 0.000000
0000 000000 0.000000 0.000000 0.000000 0.000000 1500 1500 0.000000 950 0 600698 0.000000 0.000000 0.000000
0000 000000 0.000000 0.000000 0.000000 0.000000 1500 1500 0.000000 950 0 650796 0.000000 0.000000 0.000000
0000 000000 0.000000 0.000000 0.000000 0.000000 1500 1500 0.000000 950 0 700896 0.000000 0.000000 0.000000
0000 000000 0.000000 0.000000 0.000000 0.000000 1500 1500 0.000000 950 0 750996 0.000000 0.000000 0.000000
0000 000000 0.000000 0.000000 0.000000 0.000000 1500 1500 0.000000 950 0 801095 0.000000 0.000000 0.000000
0000 000000 0.000000 0.000000 0.000000 0.000000 1500 1500 0.000000 950 0 851192 0.000000 0.000000 0.000000
0000 000000 0.000000 0.000000 0.000000 0.000000 1500 1500 0.000000 950 0 901289 0.000000 0.000000 0.000000
0000 000000 0.000000 0.000000 0.000000 0.000000 1500 1500 0.000000 950 0 951386 0.000000 0.000000 0.000000
0000 000000 0.000000 0.000000 0.000000 0.000000 1500 1500 0.000000 950 1 1484 0.000000 0.000000 0.000000
0000 000000 0.000000 0.000000 0.000000 0.000000 1500 1500 0.000000 950 1 51581 0.000000 0.000000 0.000000
0000 000000 0.000000 0.000000 0.000000 0.000000 1500 1500 0.000000 950 1 101680 0.000000 0.000000 0.000000
0000 000000 0.000000 0.000000 0.000000 0.000000 1500 1500 0.000000 950 1 151778 0.000000 0.000000 0.000000
0000 000000 0.000000 0.000000 0.000000 0.000000 1500 1500 0.000000 950 1 201875 0.000000 0.000000 0.000000
0000 000000 0.000000 0.000000 0.000000 0.000000 1500 1500 0.000000 950 1 251972 0.000000 0.000000 0.000000
0000 000000 0.000000 0.000000 0.000000 0.000000 1500 1500 0.000000 950 1 302069 0.000000 0.000000 0.000000
0000 000000 0.000000 0.000000 0.000000 0.000000 1500 1500 0.000000 950 1 352167 0.000000 0.000000 0.000000
0000 000000 0.000000 0.000000 0.000000 0.000000 1500 1500 0.000000 950 1 402265 0.000000 0.000000 0.000000
0000 000000 0.000000 0.000000 0.000000 0.000000 1500 1500 0.000000 950 1 452362 0.000000 0.000000 0.000000
0000 000000 0.000000 0.000000 0.000000 0.000000 1500 1500 0.000000 950 1 502461 0.000000 0.000000 0.000000
0000 000000 0.000000 0.000000 0.000000 0.000000 1500 1500 0.000000 950 1 552559 0.000000 0.000000 0.000000
0000 000000 0.000000 0.000000 0.000000 0.000000 1500 1500 0.000000 950 1 602656 0.000000 0.000000 0.000000
0000 000000 0.000000 0.000000 0.000000 0.000000 1500 1500 0.000000 950 1 652721 0.000000 0.000000 0.000000
0000 000000 0.000000 0.000000 0.000000 0.000000 1500 1500 0.000000 950 1 702820 0.000000 0.000000 0.000000
0000 000000 0.000000 0.000000 0.000000 0.000000 1500 1500 0.000000 950 1 752917 0.000000 0.000000 0.000000
0000 000000 0.000000 0.000000 0.000000 0.000000 1500 1500 0.000000 950 1 803015 0.000000 0.000000 0.000000
0000 000000 0.000000 0.000000 0.000000 0.000000 1500 1500 0.000000 950 1 853112 0.000000 0.000000 0.000000
0000 000000 0.000000 0.000000 0.000000 0.000000 1500 1500 0.450683 1500 1 903194 0.003413 0.000000 0.000000
0000 000000 0.000000 0.000000 0.000000 0.000000 1500 1500 0.451866 1500 1 953256 0.010107 0.000763 0.000000
0000 000000 0.000000 0.000000 0.000000 0.000000 1500 1500 0.453448 1500 2 3345 0.019930 0.002649 0.000000
0000 000000 0.000000 0.000000 0.000000 0.000000 1500 1500 0.455377 1500 2 53368 0.032769 0.005826 0.000000
0000 000000 0.000000 0.000000 0.000000 0.000000 1500 1500 0.457629 1500 2 103449 0.048544 0.010370 0.000000
0000 000000 0.000000 0.000000 0.000000 0.000000 1500 1500 0.460193 1500 2 153527 0.067191 0.016311 0.000000
0000 000000 0.000000 0.000000 0.000000 0.000000 1500 1500 0.463069 1500 2 203616 0.088658 0.023660 0.000000
0000 000000 0.000000 0.000000 0.000000 0.000000 1500 1500 0.466258 1500 2 253715 0.112897 0.032415 0.000000
0000 000000 0.000000 0.000000 0.000000 0.000000 1500 1500 0.469767 1500 2 303792 0.139866 0.042573 0.000000
0000 000000 0.000000 0.000000 0.000000 0.000000 1500 1500 0.473604 1500 2 353874 0.169519 0.054126 0.000000
0000 000000 0.000000 0.000000 0.000000 0.000000 1500 1500 0.477778 1500 2 403973 0.201816 0.067067 0.000000
0000 000000 0.000000 0.000000 0.000000 0.000000 1500 1500 0.482300 1500 2 454072 0.236713 0.081391 0.000000
0000 000000 0.000000 0.000000 0.000000 0.000000 1500 1500 0.487183 1500 2 504173 0.274169 0.097091 0.000000
0000 000000 0.000000 0.000000 0.000000 0.000000 1500 1500 0.492440 1500 2 554274 0.314143 0.114163 0.000000
0000 000000 0.000000 0.000000 0.000000 0.000000 1500 1500 0.498086 1500 2 604373 0.356592 0.132603 0.000000
0000 000000 0.000000 0.000000 0.000000 0.000000 1500 1500 0.504136 1500 2 654478 0.401475 0.152409 0.000000
0000 000000 0.000000 0.000000 0.000000 0.000000 1500 1500 0.510607 1500 2 704546 0.448748 0.173579 0.000000
0000 000000 0.000000 0.000000 0.000000 0.000000 1500 1500 0.517517 1500 2 754646 0.498371 0.196113 0.000000
0000 000000 0.000000 0.000000 0.000000 0.000000 1500 1500 0.524883 1500 2 804721 0.550301 0.220011 0.000000
0000 000000 0.000000 0.000000 0.000000 0.000000 1500 1500 0.532726 1500 2 854820 0.604494 0.245277 0.000000
0000 000000 0.000000 0.000000 0.000000 0.000000 1500 1500 0.541065 1500 2 904921 0.660908 0.271913 0.000000
0000 000000 0.000000 0.000000 0.000000 0.000000 1500 1500 0.549920 1500 2 955021 0.719499 0.299924 0.000000
0000 000000 0.000000 0.000000 0.000000 0.000000 1500 1500 0.559313 1500 3 5121 0.780223 0.329316 0.000000
0000 000000 0.000000 0.000000 0.000000 0.000000 1500 1500 0.569266 1500 3 55220 0.843036 0.360096 0.000000
0000 000000 0.000000 0.000000 0.000000 0.000000 1500 1500 0.579800 1500 3 105297 0.907891 0.392272 0.000000
0000 000000 0.000000 0.000000 0.000000 0.000000 1500 1500 0.590937 1500 3 155400 0.974745 0.425855 0.000000
0000 000000 0.000000 0.000000 0.000000 0.000000 1500 1500 0.602700 1500 3 205500 1.043549 0.460856 0.000000
0000 000000 0.000000 0.000000 0.000000 0.000000 1500 1500 0.615110 1500 3 255601 1.114257 0.497288 0.000000
0000 000000 0.000000 0.000000 0.000000 0.000000 1500 1500 0.628189 1500 3 305703 1.186819 0.535163 0.000000
0000 000000 0.000000 0.000000 0.000000 0.000000 1500 1500 0.641958 1500 3 355803 1.261188 0.574498 0.000000
0000 000000 0.000000 0.000000 0.000000 0.000000 1500 1500 0.656439 1500 3 405905 1.337312 0.615310 0.000000
0000 000000 0.000000 0.000000 0.000000 0.000000 1500 1500 0.671650 1500 3 456004 1.415139 0.657615 0.000000
0000 000000 0.000000 0.000000 0.000000 0.000000 1500 1500 1.199523 1500 3 506106 1.494617 0.701434 0.000000
0000 000000 0.000000 0.000000 0.000000 0.000000 1500 1500 1.202997 1500 3 556205 1.575066 0.747393 0.000000
0000 000000 0.000000 0.000000 0.000000 0.000000 1500 1500 1.206476 1500 3 606305 1.656080 0.795718 0.000000
0000 000000 0.000000 0.000000 0.000000 0.000000 1500 1500 1.209946 1500 3 656381 1.737437 0.846486 0.000000
0000 000000 0.000000 0.000000 0.000000 0.000000 1500 1500 1.213402 1500 3 706446 1.819016 0.899715 0.000000
0000 000000 0.000000 0.000000 0.000000 0.000000 1500 1500 1.216841 1500 3 756545 1.900751 0.955397 0.000000
0000 000000 0.000000 0.000000 0.000000 0.000000 1500 1500 1.220265 1500 3 806621 1.982603 1.013514 0.000000
0000 000000 0.000000 0.000000 0.000000 0.000000 1500 1500 1.223677 1500 3 856720 2.064544 1.074042 0.000000
0000 000000 0.000000 0.000000 0.000000 0.000000 1500 1500 1.227079 1500 3 906820 2.146558 1.136956 0.000000
0000 000000 0.000000 0.000000 0.000000 0.000000 1500 1500 1.230475 1500 3 956927 2.228628 1.202227 0.000000
0000 000000 0.000000 0.000000 0.000000 0.000000 1500 1500 1.233869 1500 4 7018 2.310740 1.269830 0.000000
0000 000000 0.000000 0.000000 0.000000 0.000000 1500 1500 1.237265 1500 4 57115 2.392883 1.339736 0.000000
0000 000000 0.000000 0.000000 0.000000 0.000000 1500 1500 1.240666 1500 4 107215 2.475045 1.411919 0.000000
0000 000000 0.000000 0.000000 0.000000 0.000000 1500 1500 1.244077 1500 4 157314 2.557214 1.486351 0.000000
0000 000000 0.000000 0.000000 0.000000 0.000000 1500 1500 1.247503 1500 4 207416 2.639379 1.563007 0.000000
0000 000000 0.000000 0.000000 0.000000 0.000000 1500 1500 1.250948 1500 4 257493 2.721530 1.641859 0.000000
0000 000000 0.000000 0.000000 0.000000 0.000000 1500 1500 1.254419 1500 4 307593 2.803654 1.722882 0.000000
0000 000000 0.000000 0.000000 0.000000 0.000000 1500 1500 1.257920 1500 4 357692 2.885742 1.806050 0.000000
0000 000000 0.000000 0.000000 0.000000 0.000000 1500 1500 1.261457 1500 4 407757 2.967783 1.891338 0.000000
0000 000000 0.000000 0.000000 0.000000 0.000000 1500 1500 1.265037 1500 4 457857 3.049765 1.978722 0.000000
0000 000000 0.000000 0.000000 0.000000 0.000000 1500 1500 1.268666 1500 4 507955 3.131679 2.068175 0.000000
0000 000000 0.000000 0.000000 0.000000 0.000000 1500 1500 1.272353 1500 4 558056 3.213513 2.159675 0.000000
0000 000000 0.000000 0.000000 0.000000 0.000000 1500 1500 1.276106 1500 4 608133 3.295256 2.253197 0.000000
0000 000000 0.000000 0.000000 0.000000 0.000000 1500 1500 1.279934 1500 4 658209 3.376898 2.348717 0.000000
0000 000000 0.000000 0.000000 0.000000 0.000000 1500 1500 1.283847 1500 4 708310 3.458428 2.446213 0.000000
0000 000000 0.000000 0.000000 0.000000 0.000000 1500 1500 1.287857 1500 4 758411 3.539835 2.545661 0.000000
0000 000000 0.000000 0.000000 0.000000 0.000000 1500 1500 1.291975 1500 4 808510 3.621108 2.647039 0.000000
0000 000000 0.000000 0.000000 0.000000 0.000000 1500 1500 1.296216 1500 4 858608 3.702234 2.750325 0.000000
0000 000000 0.000000 0.000000 0.000000 0.000000 1500 1500 1.300597 1500 4 908707 3.783204 2.855496 0.000000
0000 000000 0.000000 0.000000 0.000000 0.000000 1500 1500 1.305135 1500 4 958783 3.864004 2.962532 0.000000
0000 000000 0.000000 0.000000 0.000000 0.000000 1500 1500 1.309850 1500 5 8882 3.944623 3.071411 0.000000
0000 000000 0.000000 0.000000 0.000000 0.000000 1500 1500 1.314766 1500 5 58959 4.025049 3.182112 0.000000
0000 000000 0.000000 0.000000 0.000000 0.000000 1500 1500 1.319912 1500 5 109022 4.105267 3.294615 0.000000
0000 000000 0.000000 0.000000 0.000000 0.000000 1500 1500 1.325317 1500 5 159121 4.185265 3.408899 0.000000
0000 000000 0.000000 0.000000 0.000000 0.000000 1500 1500 1.331019 1500 5 209220 4.265029 3.524946 0.000000
0000 000000 0.000000 0.000000 0.000000 0.000000 1500 1500 1.337062 1500 5 259319 4.344543 3.642736 0.000000
0000 000000 0.000000 0.000000 0.000000 0.000000 1500 1500 1.343498 1500 5 309397 4.423793 3.762250 0.000000
0000 000000 0.000000 0.000000 0.000000 0.000000 1500 1500 1.350388 1500 5 359473 4.502761 3.883470 0.000000
0000 000000 0.000000 0.000000 0.000000 0.000000 1500 1500 1.357806 1500 5 409573 4.581429 4.006377 0.000000
0000 000000 0.000000 0.000000 0.000000 0.000000 1500 1500 1.365845 1500 5 459640 4.659780 4.130954 0.000000
0000 000000 0.000000 0.000000 0.000000 0.000000 1500 1500 1.374616 1500 5 509707 4.737791 4.257184 0.000000
0000 000000 0.000000 0.000000 0.000000 0.000000 1500 1500 1.385975 1500 5 559804 4.815440 4.385051 0.000000
0000 000000 0.000000 0.000000 0.000000 0.000000 1500 1500 1.397227 1500 5 609892 4.892700 4.514539 0.000000
0000 000000 0.000000 0.000000 0.000000 0.000000 1500 1500 1.408352 1500 5 659969 4.969541 4.645632 0.000000
0000 000000 0.000000 0.000000 0.000000 0.000000 1500 1500 1.419340 1500 5 710047 5.045931 4.778316 0.000000
0000 000000 0.000000 0.000000 0.000000 0.000000 1500 1500 1.430183 1500 5 760146 5.121842 4.912575 0.000000
0000 000000 0.000000 0.000000 0.000000 0.000000 1500 1500 1.440874 1500 5 810214 5.197241 5.048394 0.000000
0000 000000 0.000000 0.000000 0.000000 0.000000 1500 1500 1.451405 1500 5 860313 5.272100 5.185757 0.000000
0000 000000 0.000000 0.000000 0.000000 0.000000 1500 1500 1.461768 1500 5 910416 5.346390 5.324648 0.000000
0000 000000 0.000000 0.000000 0.000000 0.000000 1500 1500 1.471958 1500 5 960514 5.420084 5.465051 0.000000
0000 000000 0.000000 0.000000 0.000000 0.000000 1500 1500 1.481966 1500 6 10616 5.493153 5.606950 0.000000
0000 000000 0.000000 0.000000 0.000000 0.000000 1500 1500 1.491789 1500 6 60715 5.565572 5.750328 0.000000
0000 000000 0.000000 0.000000 0.000000 0.000000 1500 1500 1.501419 1500 6 110816 5.637316 5.895168 0.000000
0000 000000 0.000000 0.000000 0.000000 0.000000 1500 1500 1.510852 1500 6 160917 5.708361 6.041453 0.000000
0000 000000 0.000000 0.000000 0.000000 0.000000 1500 1500 1.520083 1500 6 211020 5.778683 6.189166 0.000000
0000 000000 0.000000 0.000000 0.000000 0.000000 1500 1500 1.529107 1500 6 261119 5.848260 6.338290 0.000000
0000 000000 0.000000 0.000000 0.000000 0.000000 1500 1500 1.537922 1500 6 311219 5.917070 6.488808 0.000000
0000 000000 0.000000 0.000000 0.000000 0.000000 1500 1500 1.546522 1500 6 361283 5.985093 6.640702 0.000000
0000 000000 0.000000 0.000000 0.000000 0.000000 1500 1500 1.554906 1500 6 411383 6.052310 6.793955 0.000000
0000 000000 0.000000 0.000000 0.000000 0.000000 1500 1500 1.563070 1500 6 461467 6.118702 6.948549 0.000000
0000 000000 0.000000 0.000000 0.000000 0.000000 1500 1500 1.571012 1500 6 511566 6.184252 7.104466 0.000000
0000 000000 0.000000 0.000000 0.000000 0.000000 1500 1500 1.578730 1500 6 561673 6.248943 7.261690 0.000000
0000 000000 0.000000 0.000000 0.000000 0.000000 1500 1500 1.586221 1500 6 611774 6.312760 7.420202 0.000000
0000 000000 0.000000 0.000000 0.000000 0.000000 1500 1500 1.593485 1500 6 661876 6.375689 7.579986 0.000000
0000 000000 0.000000 0.000000 0.000000 0.000000 1500 1500 1.600521 1500 6 711965 6.437715 7.741022 0.000000
0000 000000 0.000000 0.000000 0.000000 0.000000 1500 1500 1.607326 1500 6 762038 6.498826 7.903296 0.000000
0000 000000 0.000000 0.000000 0.000000 0.000000 1500 1500 1.613902 1500 6 812137 6.559011 8.066788 0.000000
0000 000000 0.000000 0.000000 0.000000 0.000000 1500 1500 1.620247 1500 6 862237 6.618258 8.231481 0.000000
0000 000000 0.000000 0.000000 0.000000 0.000000 1500 1500 1.626362 1500 6 912339 6.676559 8.397359 0.000000
0000 000000 0.000000 0.000000 0.000000 0.000000 1500 1500 1.632246 1500 6 962440 6.733904 8.564405 0.000000
0000 000000 0.000000 0.000000 0.000000 0.000000 1500 1500 1.637900 1500 7 12540 6.790285 8.732601 0.000000
0000 000000 0.000000 0.000000 0.000000 0.000000 1500 1500 1.643324 1500 7 62641 6.845695 8.901931 0.000000
0000 000000 0.000000 0.000000 0.000000 0.000000 1500 1500 1.648519 1500 7 112746 6.900129 9.072379 0.000000
0000 000000 0.000000 0.000000 0.000000 0.000000 1500 1500 1.653486 1500 7 162847 6.953580 9.243927 0.000000
0000 000000 0.000000 0.000000 0.000000 0.000000 1500 1500 1.658225 1500 7 212950 7.006045 9.416560 0.000000
0000 000000 0.000000 0.000000 0.000000 0.000000 1500 1500 1.662739 1500 7 263050 7.057520 9.590262 0.000000
0000 000000 0.000000 0.000000 0.000000 0.000000 1500 1500 1.667027 1500 7 313151 7.108002 9.765017 0.000000
0000 000000 0.000000 0.000000 0.000000 0.000000 1500 1500 1.671093 1500 7 363252 7.157489 9.940809 0.000000
0000 000000 0.000000 0.000000 0.000000 0.000000 1500 1500 1.674936 1500 7 413352 7.205980 10.117623 0.000000
0000 000000 0.000000 0.000000 0.000000 0.000000 1500 1500 1.678559 1500 7 463451 7.253474 10.295444 0.000000
0000 000000 0.000000 0.000000 0.000000 0.000000 1500 1500 1.681963 1500 7 513552 7.299973 10.474257 0.000000
0000 000000 0.000000 0.000000 0.000000 0.000000 1500 1500 1.685150 1500 7 563630 7.345478 10.654046 0.000000
0000 000000 0.000000 0.000000 0.000000 0.000000 1500 1500 1.688122 1500 7 613731 7.389989 10.834799 0.000000
0000 000000 0.000000 0.000000 0.000000 0.000000 1500 1500 1.690880 1500 7 663830 7.433510 11.016500 0.000000
0000 000000 0.000000 0.000000 0.000000 0.000000 1500 1500 1.693428 1500 7 713932 7.476044 11.199135 0.000000
0000 000000 0.000000 0.000000 0.000000 0.000000 1500 1500 1.695766 1500 7 764031 7.517596 11.382691 0.000000
0000 000000 0.000000 0.000000 0.000000 0.000000 1500 1500 1.697896 1500 7 814125 7.558169 11.567154 0.000000
0000 000000 0.000000 0.000000 0.000000 0.000000 1500 1500 1.699822 1500 7 864228 7.597769 11.752511 0.000000
0000 000000 0.000000 0.000000 0.000000 0.000000 1500 1500 1.701544 1500 7 914331 7.636402 11.938749 0.000000
0000 000000 0.000000 0.000000 0.000000 0.000000 1500 1500 1.703065 1500 7 964422 7.674074 12.125855 0.000000
0000 000000 0.000000 0.000000 0.000000 0.000000 1500 1500 1.704388 1500 8 14521 7.710793 12.313817 0.000000
0000 000000 0.000000 0.000000 0.000000 0.000000 1500 1500 1.705514 1500 8 64622 7.746566 12.502623 0.000000
0000 000000 0.000000 0.000000 0.000000 0.000000 1500 1500 1.706445 1500 8 114723 7.781402 12.692260 0.000000
0000 000000 0.000000 0.000000 0.000000 0.000000 1500 1500 1.707185 1500 8 164823 7.815309 12.882716 0.000000
0000 000000 0.000000 0.000000 0.000000 0.000000 1500 1500 1.707735 1500 8 214923 7.848298 13.073981 0.000000
0000 000000 0.000000 0.000000 0.000000 0.000000 1500 1500 1.708097 1500 8 264999 7.880377 13.266043 0.000000
0000 000000 0.000000 0.000000 0.000000 0.000000 1500 1500 1.708274 1500 8 315077 7.911557 13.458891 0.000000
0000 000000 0.000000 0.000000 0.000000 0.000000 1500 1500 1.708269 1500 8 365174 7.941849 13.652514 0.000000
0000 000000 0.000000 0.000000 0.000000 0.000000 1500 1500 1.708082 1500 8 415275 7.971265 13.846901 0.000000
0000 000000 0.000000 0.000000 0.000000 0.000000 1500 1500 1.707718 1500 8 465358 7.999816 14.042043 0.000000
0000 000000 0.000000 0.000000 0.000000 0.000000 1500 1500 1.707178 1500 8 515458 8.027515 14.237929 0.000000
0000 000000 0.000000 0.000000 0.000000 0.000000 1500 1500 1.706465 1500 8 565560 8.054374 14.434549 0.000000
0000 000000 0.000000 0.000000 0.000000 0.000000 1500 1500 1.705581 1500 8 615661 8.080407 14.631893 0.000000
0000 000000 0.000000 0.000000 0.000000 0.000000 1500 1500 1.704529 1500 8 665763 8.105627 14.829953 0.000000
0000 000000 0.000000 0.000000 0.000000 0.000000 1500 1500 1.703311 1500 8 715865 8.130048 15.028719 0.000000
0000 000000 0.000000 0.000000 0.000000 0.000000 1500 1500 1.701929 1500 8 765967 8.153685 15.228181 0.000000
0000 000000 0.000000 0.000000 0.000000 0.000000 1500 1500 1.700387 1500 8 816044 8.176551 15.428332 0.000000
0000 000000 0.000000 0.000000 0.000000 0.000000 1500 1500 1.698686 1500 8 866147 8.198663 15.629161 0.000000
0000 000000 0.000000 0.000000 0.000000 0.000000 1500 1500 1.696830 1500 8 916248 8.220036 15.830662 0.000000
0000 000000 0.000000 0.000000 0.000000 0.000000 1500 1500 1.694821 1500 8 966351 8.240685 16.032824 0.000000
0000 000000 0.000000 0.000000 0.000000 0.000000 1500 1500 1.692661 1500 9 16451 8.260626 16.235641 0.000000
0000 000000 0.000000 0.000000 0.000000 0.000000 1500 1500 1.690354 1500 9 66528 8.279877 16.439105 0.000000
0000 000000 0.000000 0.000000 0.000000 0.000000 1500 1500 1.687902 1500 9 116629 8.298452 16.643207 0.000000
0000 000000 0.000000 0.000000 0.000000 0.000000 1500 1500 1.685307 1500 9 166714 8.316370 16.847939 0.000000
0000 000000 0.000000 0.000000 0.000000 0.000000 1500 1500 1.682573 1500 9 216814 8.333648 17.053295 0.000000
0000 000000 0.000000 0.000000 0.000000 0.000000 1500 1500 1.679703 1500 9 266914 8.350303 17.259267 0.000000
0000 000000 0.000000 0.000000 0.000000 0.000000 1500 1500 1.676699 1500 9 317014 8.366352 17.465847 0.000000
0000 000000 0.000000 0.000000 0.000000 0.000000 1500 1500 1.673564 1500 9 367114 8.381814 17.673029 0.000000
0000 000000 0.000000 0.000000 0.000000 0.000000 1500 1500 1.670301 1500 9 417215 8.396706 17.880805 0.000000
0000 000000 0.000000 0.000000 0.000000 0.000000 1500 1500 1.666914 1500 9 467316 8.411048 18.089169 0.000000
0000 000000 0.000000 0.000000 0.000000 0.000000 1500 1500 1.663405 1500 9 517416 8.424857 18.298113 0.000000
0000 000000 0.000000 0.000000 0.000000 0.000000 1500 1500 1.659777 1500 9 567518 8.438153 18.507631 0.000000
0000 000000 0.000000 0.000000 0.000000 0.000000 1500 1500 1.656035 1500 9 617620 8.450953 18.717717 0.000000
0000 000000 0.000000 0.000000 0.000000 0.000000 1500 1500 1.652180 1500 9 667703 8.463278 18.928363 0.000000
0000 000000 0.000000 0.000000 0.000000 0.000000 1500 1500 1.648216 1500 9 717804 8.475146 19.139563 0.000000
0000 000000 0.000000 0.000000 0.000000 0.000000 1500 1500 1.644146 1500 9 767904 8.486576 19.351312 0.000000
0000 000000 0.000000 0.000000 0.000000 0.000000 1500 1500 1.639975 1500 9 818005 8.497589 19.563602 0.000000
0000 000000 0.000000 0.000000 0.000000 0.000000 1500 1500 1.635704 1500 9 868105 8.508202 19.776427 0.000000
0000 000000 0.000000 0.000000 0.000000 0.000000 1500 1500 1.631339 1500 9 918205 8.518437 19.989781 0.000000
0000 000000 0.000000 0.000000 0.000000 0.000000 1500 1500 1.626881 1500 9 968304 8.528313 20.203659 0.000000
0000 000000 0.000000 0.000000 0.000000 0.000000 1500 1500 1.622336 1500 10 18405 8.537848 20.418053 0.000000
0000 000000 0.000000 0.000000 0.000000 0.000000 1500 1500 1.617706 1500 10 68505 8.547064 20.632957 0.000000
0000 000000 0.000000 0.000000 0.000000 0.000000 1500 1500 1.612995 1500 10 118605 8.555980 20.848366 0.000000
0000 000000 0.000000 0.000000 0.000000 0.000000 1500 1500 1.608207 1500 10 168705 8.564616 21.064274 0.000000
0000 000000 0.000000 0.000000 0.000000 0.000000 1500 1500 1.603346 1500 10 218805 8.572991 21.280674 0.000000
0000 000000 0.000000 0.000000 0.000000 0.000000 1500 1500 1.598415 1500 10 268906 8.581125 21.497561 0.000000
0000 000000 0.000000 0.000000 0.000000 0.000000 1500 1500 1.593419 1500 10 319006 8.589039 21.714929 0.000000
0000 000000 0.000000 0.000000 0.000000 0.000000 1500 1500 1.588361 1500 10 369080 8.596752 21.932770 0.000000
0000 000000 0.000000 0.000000 0.000000 0.000000 1500 1500 1.583245 1500 10 419180 8.604284 22.151081 0.000000
0000 000000 0.000000 0.000000 0.000000 0.000000 1500 1500 1.578075 1500 10 469282 8.611654 22.369854 0.000000
0000 000000 0.000000 0.000000 0.000000 0.000000 1500 1500 1.572855 1500 10 519383 8.618882 22.589083 0.000000
0000 000000 0.000000 0.000000 0.000000 0.000000 1500 1500 1.567589 1500 10 569483 8.625988 22.808763 0.000000
0000 000000 0.000000 0.000000 0.000000 0.000000 1500 1500 1.562281 1500 10 619583 8.632991 23.028888 0.000000
0000 000000 0.000000 0.000000 0.000000 0.000000 1500 1500 1.556936 1500 10 669686 8.639910 23.249451 0.000000
0000 000000 0.000000 0.000000 0.000000 0.000000 1500 1500 1.551557 1500 10 719752 8.646766 23.470447 0.000000
0000 000000 0.000000 0.000000 0.000000 0.000000 1500 1500 1.546148 1500 10 769856 8.653576 23.691869 0.000000
0000 000000 0.000000 0.000000 0.000000 0.000000 1500 1500 1.540713 1500 10 819956 8.660359 23.913712 0.000000
0000 000000 0.000000 0.000000 0.000000 0.000000 1500 1500 1.535257 1500 10 870059 8.667136 24.135968 0.000000
0000 000000 0.000000 0.000000 0.000000 0.000000 1500 1500 1.529784 1500 10 920159 8.673923 24.358633 0.000000
0000 000000 0.000000 0.000000 0.000000 0.000000 1500 1500 1.524297 1500 10 970260 8.680740 24.581701 0.000000
0000 000000 0.000000 0.000000 0.000000 0.000000 1500 1500 1.518801 1500 11 20360 8.687605 24.805164 0.000000
0000 000000 0.000000 0.000000 0.000000 0.000000 1500 1500 1.513299 1500 11 70461 8.694536 25.029017 0.000000
0000 000000 0.000000 0.000000 0.000000 0.000000 1500 1500 1.507796 1500 11 120561 8.701551 25.253253 0.000000
0000 000000 0.000000 0.000000 0.000000 0.000000 1500 1500 1.502296 1500 11 170663 8.708667 25.477867 0.000000
0000 000000 0.000000 0.000000 0.000000 0.000000 1500 1500 1.496802 1500 11 220763 8.715902 25.702852 0.000000
0000 000000 0.000000 0.000000 0.000000 0.000000 1500 1500 1.491319 1500 11 270864 8.723272 25.928201 0.000000
0000 000000 0.000000 0.000000 0.000000 0.000000 1500 1500 1.485850 1500 11 320965 8.730796 26.153910 0.000000
0000 000000 0.000000 0.000000 0.000000 0.000000 1500 1500 1.480400 1500 11 371066 8.738488 26.379970 0.000000
0000 000000 0.000000 0.000000 0.000000 0.000000 1500 1500 1.474972 1500 11 421166 8.746366 26.606377 0.000000
0000 000000 0.000000 0.000000 0.000000 0.000000 1500 1500 1.469569 1500 11 471267 8.754446 26.833124 0.000000
0000 000000 0.000000 0.000000 0.000000 0.000000 1500 1500 1.464196 1500 11 521367 8.762743 27.060204 0.000000
0000 000000 0.000000 0.000000 0.000000 0.000000 1500 1500 1.458855 1500 11 571467 8.771273 27.287611 0.000000
0000 000000 0.000000 0.000000 0.000000 0.000000 1500 1500 1.453551 1500 11 621568 8.780051 27.515338 0.000000
0000 000000 0.000000 0.000000 0.000000 0.000000 1500 1500 1.448287 1500 11 671669 8.789091 27.743381 0.000000
0000 000000 0.000000 0.000000 0.000000 0.000000 1500 1500 1.443067 1500 11 721771 8.798408 27.971731 0.000000
0000 000000 0.000000 0.000000 0.000000 0.000000 1500 1500 1.437893 1500 11 771873 8.808016 28.200383 0.000000
0000 000000 0.000000 0.000000 0.000000 0.000000 1500 1500 1.432769 1500 11 821973 8.817929 28.429331 0.000000
0000 000000 0.000000 0.000000 0.000000 0.000000 1500 1500 1.427698 1500 11 872075 8.828160 28.658568 0.000000
0000 000000 0.000000 0.000000 0.000000 0.000000 1500 1500 1.422683 1500 11 922174 8.838723 28.888088 0.000000
0000 000000 0.000000 0.000000 0.000000 0.000000 1500 1500 1.417727 1500 11 972252 8.849629 29.117885 0.000000
0000 000000 0.000000 0.000000 0.000000 0.000000 1500 1500 1.412833 1500 12 22351 8.860891 29.347952 0.000000
0000 000000 0.000000 0.000000 0.000000 0.000000 1500 1500 1.408003 1500 12 72429 8.872522 29.578284 0.000000
0000 000000 0.000000 0.000000 0.000000 0.000000 1500 1500 1.403241 1500 12 122500 8.884532 29.808874 0.000000
0000 000000 0.000000 0.000000 0.000000 0.000000 1500 1500 1.398549 1500 12 172598 8.896932 30.039716 0.000000
0000 000000 0.000000 0.000000 0.000000 0.000000 1500 1500 1.393929 1500 12 222679 8.909734 30.270803 0.000000
0000 000000 0.000000 0.000000 0.000000 0.000000 1500 1500 1.389384 1500 12 272782 8.922948 30.502131 0.000000
0000 000000 0.000000 0.000000 0.000000 0.000000 1500 1500 1.384917 1500 12 322859 8.936584 30.733693 0.000000
0000 000000 0.000000 0.000000 0.000000 0.000000 1500 1500 1.380528 1500 12 372943 8.950651 30.965483 0.000000
0000 000000 0.000000 0.000000 0.000000 0.000000 1500 1500 1.376221 1500 12 423024 8.965158 31.197495 0.000000
0000 000000 0.000000 0.000000 0.000000 0.000000 1500 1500 1.371997 1500 12 473123 8.980114 31.429723 0.000000
0000 000000 0.000000 0.000000 0.000000 0.000000 1500 1500 1.367858 1500 12 523198 8.995528 31.662162 0.000000
0000 000000 0.000000 0.000000 0.000000 0.000000 1500 1500 1.363807 1500 12 573298 9.011408 31.894806 0.000000
0000 000000 0.000000 0.000000 0.000000 0.000000 1500 1500 1.359844 1500 12 623374 9.027761 32.127649 0.000000
0000 000000 0.000000 0.000000 0.000000 0.000000 1500 1500 1.355972 1500 12 673478 9.044594 32.360686 0.000000
0000 000000 0.000000 0.000000 0.000000 0.000000 1500 1500 1.352191 1500 12 723564 9.061913 32.593912 0.000000
0000 000000 0.000000 0.000000 0.000000 0.000000 1500 1500 1.348503 1500 12 773644 9.079726 32.827321 0.000000
0000 000000 0.000000 0.000000 0.000000 0.000000 1500 1500 1.344910 1500 12 823743 9.098039 33.060908 0.000000
0000 000000 0.000000 0.000000 0.000000 0.000000 1500 1500 1.341413 1500 12 873847 9.116855 33.294667 0.000000
0000 000000 0.000000 0.000000 0.000000 0.000000 1500 1500 1.338013 1500 12 923945 9.136182 33.528594 0.000000
0000 000000 0.000000 0.000000 0.000000 0.000000 1500 1500 1.334710 1500 12 974021 9.156024 33.762684 0.000000
0000 000000 0.000000 0.000000 0.000000 0.000000 1500 1500 1.331506 1500 13 24121 9.176384 33.996932 0.000000
0000 000000 0.000000 0.000000 0.000000 0.000000 1500 1500 1.328401 1500 13 74220 9.197267 34.231333 0.000000
0000 000000 0.000000 0.000000 0.000000 0.000000 1500 1500 1.325397 1500 13 124319 9.218677 34.465882 0.000000
0000 000000 0.000000 0.000000 0.000000 0.000000 1500 1500 1.322494 1500 13 174418 9.240616 34.700575 0.000000
0000 000000 0.000000 0.000000 0.000000 0.000000 1500 1500 1.319693 1500 13 224482 9.263088 34.935408 0.000000
0000 000000 0.000000 0.000000 0.000000 0.000000 1500 1500 1.316993 1500 13 274581 9.286094 35.170376 0.000000
0000 000000 0.000000 0.000000 0.000000 0.000000 1500 1500 1.314396 1500 13 324680 9.309638 35.405475 0.000000
0000 000000 0.000000 0.000000 0.000000 0.000000 1500 1500 1.311901 1500 13 374783 9.333720 35.640701 0.000000
0000 000000 0.000000 0.000000 0.000000 0.000000 1500 1500 1.309510 1500 13 424882 9.358342 35.876050 0.000000
0000 000000 0.000000 0.000000 0.000000 0.000000 1500 1500 1.307222 1500 13 474981 9.383504 36.111518 0.000000
0000 000000 0.000000 0.000000 0.000000 0.000000 1500 1500 1.305037 1500 13 525078 9.409208 36.347101 0.000000
0000 000000 0.000000 0.000000 0.000000 0.000000 1500 1500 1.302955 1500 13 575177 9.435453 36.582797 0.000000
0000 000000 0.000000 0.000000 0.000000 0.000000 1500 1500 1.300977 1500 13 625277 9.462240 36.818600 0.000000
0000 000000 0.000000 0.000000 0.000000 0.000000 1500 1500 1.299101 1500 13 675377 9.489568 37.054509 0.000000
0000 000000 0.000000 0.000000 0.000000 0.000000 1500 1500 1.297329 1500 13 725466 9.517436 37.290520 0.000000
0000 000000 0.000000 0.000000 0.000000 0.000000 1500 1500 1.295659 1500 13 775526 9.545843 37.526630 0.000000
0000 000000 0.000000 0.000000 0.000000 0.000000 1500 1500 1.294092 1500 13 825626 9.574788 37.762835 0.000000
0000 000000 0.000000 0.000000 0.000000 0.000000 1500 1500 1.292627 1500 13 875724 9.604268 37.999133 0.000000
0000 000000 0.000000 0.000000 0.000000 0.000000 1500 1500 1.291264 1500 13 925825 9.634282 38.235522 0.000000
0000 000000 0.000000 0.000000 0.000000 0.000000 1500 1500 1.290001 1500 13 975904 9.664828 38.471998 0.000000
0000 000000 0.000000 0.000000 0.000000 0.000000 1500 1500 1.288839 1500 14 26002 9.695902 38.708559 0.000000
0000 000000 0.000000 0.000000 0.000000 0.000000 1500 1500 1.287778 1500 14 76102 9.727502 38.945204 0.000000
0000 000000 0.000000 0.000000 0.000000 0.000000 1500 1500 1.286815 1500 14 126202 9.759624 39.181929 0.000000
0000 000000 0.000000 0.000000 0.000000 0.000000 1500 1500 1.285951 1500 14 176301 9.792265 39.418732 0.000000
0000 000000 0.000000 0.000000 0.000000 0.000000 1500 1500 1.285185 1500 14 226377 9.825421 39.655612 0.000000
0000 000000 0.000000 0.000000 0.000000 0.000000 1500 1500 1.284517 1500 14 276479 9.859087 39.892567 0.000000
0000 000000 0.000000 0.000000 0.000000 0.000000 1500 1500 1.283944 1500 14 326578 9.893260 40.129595 0.000000
0000 000000 0.000000 0.000000 0.000000 0.000000 1500 1500 1.283467 1500 14 376679 9.927935 40.366694 0.000000
0000 000000 0.000000 0.000000 0.000000 0.000000 1500 1500 1.283084 1500 14 426778 9.963106 40.603863 0.000000
0000 000000 0.000000 0.000000 0.000000 0.000000 1500 1500 1.282794 1500 14 476855 9.998769 40.841100 0.000000
0000 000000 0.000000 0.000000 0.000000 0.000000 1500 1500 1.282597 1500 14 526954 10.034919 41.078404 0.000000
0000 000000 0.000000 0.000000 0.000000 0.000000 1500 1500 1.282492 1500 14 577031 10.071549 41.315774 0.000000
0000 000000 0.000000 0.000000 0.000000 0.000000 1500 1500 1.282476 1500 14 627130 10.108654 41.553209 0.000000
0000 000000 0.000000 0.000000 0.000000 0.000000 1500 1500 1.282550 1500 14 677218 10.146228 41.790708 0.000000
0000 000000 0.000000 0.000000 0.000000 0.000000 1500 1500 1.282711 1500 14 727304 10.184264 42.028270 0.000000
0000 000000 0.000000 0.000000 0.000000 0.000000 1500 1500 1.282959 1500 14 777387 10.222756 42.265894 0.000000
0000 000000 0.000000 0.000000 0.000000 0.000000 1500 1500 1.283292 1500 14 827457 10.261697 42.503580 0.000000
0000 000000 0.000000 0.000000 0.000000 0.000000 1500 1500 1.283710 1500 14 877542 10.301081 42.741327 0.000000
0000 000000 0.000000 0.000000 0.000000 0.000000 1500 1500 1.284210 1500 14 927610 10.340900 42.979134 0.000000
0000 000000 0.000000 0.000000 0.000000 0.000000 1500 1500 1.284792 1500 14 977694 10.381148 43.217000 0.000000
0000 000000 0.000000 0.000000 0.000000 0.000000 1500 1500 1.285453 1500 15 27791 10.421816 43.454927 0.000000
0000 000000 0.000000 0.000000 0.000000 0.000000 1500 1500 1.286193 1500 15 77891 10.462897 43.692913 0.000000
0000 000000 0.000000 0.000000 0.000000 0.000000 1500 1500 1.287011 1500 15 127967 10.504383 43.930958 0.000000
0000 000000 0.000000 0.000000 0.000000 0.000000 1500 1500 1.287904 1500 15 178067 10.546267 44.169063 0.000000
0000 000000 0.000000 0.000000 0.000000 0.000000 1500 1500 1.288871 1500 15 228167 10.588541 44.407227 0.000000
0000 000000 0.000000 0.000000 0.000000 0.000000 1500 1500 1.289910 1500 15 278268 10.631195 44.645449 0.000000
0000 000000 0.000000 0.000000 0.000000 0.000000 1500 1500 1.291021 1500 15 328368 10.674223 44.883731 0.000000
0000 000000 0.000000 0.000000 0.000000 0.000000 1500 1500 1.292201 1500 15 378427 10.717615 45.122073 0.000000
0000 000000 0.000000 0.000000 0.000000 0.000000 1500 1500 1.293449 1500 15 428504 10.761363 45.360474 0.000000
0000 000000 0.000000 0.000000 0.000000 0.000000 1500 1500 1.294763 1500 15 478578 10.805458 45.598936 0.000000
0000 000000 0.000000 0.000000 0.000000 0.000000 1500 1500 1.296142 1500 15 528677 10.849892 45.837458 0.000000
0000 000000 0.000000 0.000000 0.000000 0.000000 1500 1500 1.297583 1500 15 578753 10.894655 46.076040 0.000000
0000 000000 0.000000 0.000000 0.000000 0.000000 1500 1500 1.299086 1500 15 628852 10.939739 46.314684 0.000000
0000 000000 0.000000 0.000000 0.000000 0.000000 1500 1500 1.300648 1500 15 678953 10.985134 46.553390 0.000000
0000 000000 0.000000 0.000000 0.000000 0.000000 1500 1500 1.302267 1500 15 729053 11.030832 46.792158 0.000000
0000 000000 0.000000 0.000000 0.000000 0.000000 1500 1500 1.303943 1500 15 779152 11.076823 47.030988 0.000000
0000 000000 0.000000 0.000000 0.000000 0.000000 1500 1500 1.305672 1500 15 829252 11.123097 47.269883 0.000000
0000 000000 0.000000 0.000000 0.000000 0.000000 1500 1500 1.307454 1500 15 879353 11.169647 47.508841 0.000000
0000 000000 0.000000 0.000000 0.000000 0.000000 1500 1500 1.309286 1500 15 929430 11.216461 47.747865 0.000000
0000 000000 0.000000 0.000000 0.000000 0.000000 1500 1500 1.311167 1500 15 979529 11.263531 47.986953 0.000000
0000 000000 0.000000 0.000000 0.000000 0.000000 1500 1500 1.313095 1500 16 29607 11.310848 48.226109 0.000000
0000 000000 0.000000 0.000000 0.000000 0.000000 1500 1500 1.315068 1500 16 79707 11.358401 48.465331 0.000000
0000 000000 0.000000 0.000000 0.000000 0.000000 1500 1500 1.317084 1500 16 129786 11.406181 48.704621 0.000000
0000 000000 0.000000 0.000000 0.000000 0.000000 1500 1500 1.319142 1500 16 179887 11.454179 48.943979 0.000000
0000 000000 0.000000 0.000000 0.000000 0.000000 1500 1500 1.321238 1500 16 229988 11.502384 49.183407 0.000000
0000 000000 0.000000 0.000000 0.000000 0.000000 1500 1500 1.323373 1500 16 280088 11.550788 49.422906 0.000000
0000 000000 0.000000 0.000000 0.000000 0.000000 1500 1500 1.325542 1500 16 330186 11.599381 49.662475 0.000000
0000 000000 0.000000 0.000000 0.000000 0.000000 1500 1500 1.327746 1500 16 380273 11.648153 49.902116 0.000000
0000 000000 0.000000 0.000000 0.000000 0.000000 1500 1500 1.329982 1500 16 430353 11.697094 50.141830 0.000000
0000 000000 0.000000 0.000000 0.000000 0.000000 1500 1500 1.332247 1500 16 480435 11.746196 50.381618 0.000000
0000 000000 0.000000 0.000000 0.000000 0.000000 1500 1500 1.334541 1500 16 530533 11.795447 50.621480 0.000000
0000 000000 0.000000 0.000000 0.000000 0.000000 1500 1500 1.336861 1500 16 580632 11.844840 50.861417 0.000000
0000 000000 0.000000 0.000000 0.000000 0.000000 1500 1500 1.339205 1500 16 630731 11.894364 51.101430 0.000000
0000 000000 0.000000 0.000000 0.000000 0.000000 1500 1500 1.341572 1500 16 680833 11.944010 51.341520 0.000000
0000 000000 0.000000 0.000000 0.000000 0.000000 1500 1500 1.343959 1500 16 730932 11.993768 51.581687 0.000000
0000 000000 0.000000 0.000000 0.000000 0.000000 1500 1500 1.346365 1500 16 781032 12.043630 51.821933 0.000000
0000 000000 0.000000 0.000000 0.000000 0.000000 1500 1500 1.348787 1500 16 831132 12.093585 52.062259 0.000000
0000 000000 0.000000 0.000000 0.000000 0.000000 1500 1500 1.351225 1500 16 881209 12.143624 52.302664 0.000000
0000 000000 0.000000 0.000000 0.000000 0.000000 1500 1500 1.353675 1500 16 931308 12.193739 52.543150 0.000000
0000 000000 0.000000 0.000000 0.000000 0.000000 1500 1500 1.356137 1500 16 981409 12.243920 52.783718 0.000000
0000 000000 0.000000 0.000000 0.000000 0.000000 1500 1500 1.358609 1500 17 31508 12.294159 53.024367 0.000000
0000 000000 0.000000 0.000000 0.000000 0.000000 1500 1500 1.361088 1500 17 81588 12.344445 53.265100 0.000000
0000 000000 0.000000 0.000000 0.000000 0.000000 1500 1500 1.363572 1500 17 131687 12.394770 53.505916 0.000000
0000 000000 0.000000 0.000000 0.000000 0.000000 1500 1500 1.366061 1500 17 181767 12.445127 53.746816 0.000000
0000 000000 0.000000 0.000000 0.000000 0.000000 1500 1500 1.368552 1500 17 231830 12.495504 53.987801 0.000000
0000 000000 0.000000 0.000000 0.000000 0.000000 1500 1500 1.371044 1500 17 281931 12.545895 54.228872 0.000000
0000 000000 0.000000 0.000000 0.000000 0.000000 1500 1500 1.373535 1500 17 332031 12.596291 54.470028 0.000000
0000 000000 0.000000 0.000000 0.000000 0.000000 1500 1500 1.376022 1500 17 382132 12.646682 54.711271 0.000000
0000 000000 0.000000 0.000000 0.000000 0.000000 1500 1500 1.378505 1500 17 432231 12.697062 54.952601 0.000000
0000 000000 0.000000 0.000000 0.000000 0.000000 1500 1500 1.380982 1500 17 482332 12.747422 55.194018 0.000000
0000 000000 0.000000 0.000000 0.000000 0.000000 1500 1500 1.383451 1500 17 532409 12.797753 55.435523 0.000000
0000 000000 0.000000 0.000000 0.000000 0.000000 1500 1500 1.385910 1500 17 582502 12.848048 55.677117 0.000000
0000 000000 0.000000 0.000000 0.000000 0.000000 1500 1500 1.388359 1500 17 632599 12.898300 55.918799 0.000000
0000 000000 0.000000 0.000000 0.000000 0.000000 1500 1500 1.390794 1500 17 682682 12.948499 56.160570 0.000000
0000 000000 0.000000 0.000000 0.000000 0.000000 1500 1500 1.393216 1500 17 732779 12.998640 56.402431 0.000000
0000 000000 0.000000 0.000000 0.000000 0.000000 1500 1500 1.395622 1500 17 782880 13.048714 56.644382 0.000000
0000 000000 0.000000 0.000000 0.000000 0.000000 1500 1500 1.398011 1500 17 832980 13.098715 56.886422 0.000000
0000 000000 0.000000 0.000000 0.000000 0.000000 1500 1500 1.400381 1500 17 883081 13.148634 57.128552 0.000000
0000 000000 0.000000 0.000000 0.000000 0.000000 1500 1500 1.402732 1500 17 933181 13.198466 57.370773 0.000000
0000 000000 0.000000 0.000000 0.000000 0.000000 1500 1500 1.405061 1500 17 983281 13.248204 57.613085 0.000000
0000 000000 0.000000 0.000000 0.000000 0.000000 1500 1500 1.407367 1500 18 33384 13.297840 57.855487 0.000000
0000 000000 0.000000 0.000000 0.000000 0.000000 1500 1500 1.409649 1500 18 83484 13.347369 58.097979 0.000000
0000 000000 0.000000 0.000000 0.000000 0.000000 1500 1500 1.411907 1500 18 133565 13.396784 58.340563 0.000000
0000 000000 0.000000 0.000000 0.000000 0.000000 1500 1500 1.414137 1500 18 183666 13.446079 58.583237 0.000000
0000 000000 0.000000 0.000000 0.000000 0.000000 1500 1500 1.416340 1500 18 233767 13.495248 58.826003 0.000000
0000 000000 0.000000 0.000000 0.000000 0.000000 1500 1500 1.418514 1500 18 283870 13.544285 59.068859 0.000000
0000 000000 0.000000 0.000000 0.000000 0.000000 1500 1500 1.420658 1500 18 333970 13.593184 59.311805 0.000000
0000 000000 0.000000 0.000000 0.000000 0.000000 1500 1500 1.422771 1500 18 384069 13.641941 59.554843 0.000000
0000 000000 0.000000 0.000000 0.000000 0.000000 1500 1500 1.424852 1500 18 434169 13.690549 59.797971 0.000000
0000 000000 0.000000 0.000000 0.000000 0.000000 1500 1500 1.426900 1500 18 484268 13.739004 60.041189 0.000000
0000 000000 0.000000 0.000000 0.000000 0.000000 1500 1500 1.428913 1500 18 534366 13.787301 60.284497 0.000000
0000 000000 0.000000 0.000000 0.000000 0.000000 1500 1500 1.430892 1500 18 584436 13.835435 60.527896 0.000000
0000 000000 0.000000 0.000000 0.000000 0.000000 1500 1500 1.432834 1500 18 634534 13.883401 60.771384 0.000000
0000 000000 0.000000 0.000000 0.000000 0.000000 1500 1500 1.434739 1500 18 684635 13.931195 61.014961 0.000000
0000 000000 0.000000 0.000000 0.000000 0.000000 1500 1500 1.436607 1500 18 734713 13.978812 61.258628 0.000000
0000 000000 0.000000 0.000000 0.000000 0.000000 1500 1500 1.438436 1500 18 784813 14.026249 61.502384 0.000000
0000 000000 0.000000 0.000000 0.000000 0.000000 1500 1500 1.440226 1500 18 834891 14.073502 61.746228 0.000000
0000 000000 0.000000 0.000000 0.000000 0.000000 1500 1500 1.441976 1500 18 884991 14.120567 61.990160 0.000000
0000 000000 0.000000 0.000000 0.000000 0.000000 1500 1500 1.443686 1500 18 935090 14.167440 62.234181 0.000000
0000 000000 0.000000 0.000000 0.000000 0.000000 1500 1500 1.445354 1500 18 985189 14.214119 62.478288 0.000000
0000 000000 0.000000 0.000000 0.000000 0.000000 1500 1500 1.446980 1500 19 35301 14.260599 62.722482 0.000000
0000 000000 0.000000 0.000000 0.000000 0.000000 1500 1500 1.448563 1500 19 85401 14.306879 62.966763 0.000000
0000 000000 0.000000 0.000000 0.000000 0.000000 1500 1500 1.450104 1500 19 135502 14.352955 63.211130 0.000000
0000 000000 0.000000 0.000000 0.000000 0.000000 1500 1500 1.451600 1500 19 185588 14.398825 63.455582 0.000000
0000 000000 0.000000 0.000000 0.000000 0.000000 1500 1500 1.453053 1500 19 235689 14.444485 63.700120 0.000000
0000 000000 0.000000 0.000000 0.000000 0.000000 1500 1500 1.454462 1500 19 285792 14.489935 63.944741 0.000000
0000 000000 0.000000 0.000000 0.000000 0.000000 1500 1500 1.455826 1500 19 335894 14.535172 64.189447 0.000000
0000 000000 0.000000 0.000000 0.000000 0.000000 1500 1500 1.457145 1500 19 385995 14.580194 64.434236 0.000000
0000 000000 0.000000 0.000000 0.000000 0.000000 1500 1500 1.458418 1500 19 436098 14.624999 64.679107 0.000000
0000 000000 0.000000 0.000000 0.000000 0.000000 1500 1500 1.459645 1500 19 486197 14.669586 64.924061 0.000000
0000 000000 0.000000 0.000000 0.000000 0.000000 1500 1500 1.460827 1500 19 536280 14.713953 65.169096 0.000000
0000 000000 0.000000 0.000000 0.000000 0.000000 1500 1500 1.461962 1500 19 586379 14.758099 65.414212 0.000000
0000 000000 0.000000 0.000000 0.000000 0.000000 1500 1500 1.463051 1500 19 636477 14.802024 65.659409 0.000000
0000 000000 0.000000 0.000000 0.000000 0.000000 1500 1500 1.464094 1500 19 686560 14.845726 65.904684 0.000000
0000 000000 0.000000 0.000000 0.000000 0.000000 1500 1500 1.465090 1500 19 736634 14.889205 66.150039 0.000000
0000 000000 0.000000 0.000000 0.000000 0.000000 1500 1500 1.466039 1500 19 786735 14.932459 66.395472 0.000000
0000 000000 0.000000 0.000000 0.000000 0.000000 1500 1500 1.466942 1500 19 836836 14.975490 66.640982 0.000000
0000 000000 0.000000 0.000000 0.000000 0.000000 1500 1500 1.467798 1500 19 886936 15.018296 66.886569 0.000000
0000 000000 0.000000 0.000000 0.000000 0.000000 1500 1500 1.468608 1500 19 937036 15.060877 67.132233 0.000000
0000 000000 0.000000 0.000000 0.000000 0.000000 1500 1500 1.469371 1500 19 987135 15.103235 67.377971 0.000000
0000 000000 0.000000 0.000000 0.000000 0.000000 1500 1500 1.470087 1500 20 37234 15.145368 67.623784 0.000000
0000 000000 0.000000 0.000000 0.000000 0.000000 1500 1500 1.470757 1500 20 87335 15.187277 67.869671 0.000000
0000 000000 0.000000 0.000000 0.000000 0.000000 1500 1500 1.471380 1500 20 137438 15.228964 68.115631 0.000000
0000 000000 0.000000 0.000000 0.000000 0.000000 1500 1500 1.471958 1500 20 187539 15.270428 68.361664 0.000000
0000 000000 0.000000 0.000000 0.000000 0.000000 1500 1500 1.472490 1500 20 237640 15.311671 68.607768 0.000000
0000 000000 0.000000 0.000000 0.000000 0.000000 1500 1500 1.472976 1500 20 287740 15.352693 68.853943 0.000000
0000 000000 0.000000 0.000000 0.000000 0.000000 1500 1500 1.473417 1500 20 337841 15.393497 69.100188 0.000000
0000 000000 0.000000 0.000000 0.000000 0.000000 1500 1500 1.473813 1500 20 387942 15.434082 69.346502 0.000000
0000 000000 0.000000 0.000000 0.000000 0.000000 1500 1500 1.474164 1500 20 438008 15.474451 69.592884 0.000000
0000 000000 0.000000 0.000000 0.000000 0.000000 1500 1500 1.474470 1500 20 488108 15.514605 69.839335 0.000000
0000 000000 0.000000 0.000000 0.000000 0.000000 1500 1500 1.474733 1500 20 538169 15.554546 70.085852 0.000000
0000 000000 0.000000 0.000000 0.000000 0.000000 1500 1500 1.474952 1500 20 588269 15.594276 70.332435 0.000000
0000 000000 0.000000 0.000000 0.000000 0.000000 1500 1500 1.475127 1500 20 638368 15.633796 70.579084 0.000000
0000 000000 0.000000 0.000000 0.000000 0.000000 1500 1500 1.475260 1500 20 688473 15.673109 70.825797 0.000000
0000 000000 0.000000 0.000000 0.000000 0.000000 1500 1500 1.475351 1500 20 738573 15.712217 71.072573 0.000000
0000 000000 0.000000 0.000000 0.000000 0.000000 1500 1500 1.475400 1500 20 788674 15.751122 71.319413 0.000000
0000 000000 0.000000 0.000000 0.000000 0.000000 1500 1500 1.475407 1500 20 838777 15.789827 71.566314 0.000000
0000 000000 0.000000 0.000000 0.000000 0.000000 1500 1500 1.475373 1500 20 888863 15.828334 71.813277 0.000000
0000 000000 0.000000 0.000000 0.000000 0.000000 1500 1500 1.475300 1500 20 938951 15.866646 72.060300 0.000000
0000 000000 0.000000 0.000000 0.000000 0.000000 1500 1500 1.475186 1500 20 989015 15.904765 72.307382 0.000000
0000 000000 0.000000 0.000000 0.000000 0.000000 1500 1500 1.475033 1500 21 39114 15.942695 72.554523 0.000000
0000 000000 0.000000 0.000000 0.000000 0.000000 1500 1500 1.474842 1500 21 89214 15.980439 72.801722 0.000000
0000 000000 0.000000 0.000000 0.000000 0.000000 1500 1500 1.474613 1500 21 139291 16.017999 73.048979 0.000000
0000 000000 0.000000 0.000000 0.000000 0.000000 1500 1500 1.474347 1500 21 189390 16.055378 73.296291 0.000000
0000 000000 0.000000 0.000000 0.000000 0.000000 1500 1500 1.474044 1500 21 239466 16.092580 73.543659 0.000000
0000 000000 0.000000 0.000000 0.000000 0.000000 1500 1500 1.473705 1500 21 289565 16.129609 73.791081 0.000000
0000 000000 0.000000 0.000000 0.000000 0.000000 1500 1500 1.473331 1500 21 339664 16.166466 74.038557 0.000000
0000 000000 0.000000 0.000000 0.000000 0.000000 1500 1500 1.472922 1500 21 389768 16.203157 74.286085 0.000000
0000 000000 0.000000 0.000000 0.000000 0.000000 1500 1500 1.472480 1500 21 439844 16.239684 74.533666 0.000000
0000 000000 0.000000 0.000000 0.000000 0.000000 1500 1500 1.472004 1500 21 489947 16.276051 74.781298 0.000000
0000 000000 0.000000 0.000000 0.000000 0.000000 1500 1500 1.471496 1500 21 540046 16.312262 75.028981 0.000000
0000 000000 0.000000 0.000000 0.000000 0.000000 1500 1500 1.470957 1500 21 590146 16.348321 75.276713 0.000000
0000 000000 0.000000 0.000000 0.000000 0.000000 1500 1500 1.470386 1500 21 640245 16.384230 75.524493 0.000000
0000 000000 0.000000 0.000000 0.000000 0.000000 1500 1500 1.469786 1500 21 690346 16.419995 75.772321 0.000000
0000 000000 0.000000 0.000000 0.000000 0.000000 1500 1500 1.469156 1500 21 740446 16.455618 76.020197 0.000000
0000 000000 0.000000 0.000000 0.000000 0.000000 1500 1500 1.468498 1500 21 790545 16.491105 76.268118 0.000000
0000 000000 0.000000 0.000000 0.000000 0.000000 1500 1500 1.467812 1500 21 840620 16.526458 76.516085 0.000000
0000 000000 0.000000 0.000000 0.000000 0.000000 1500 1500 1.467099 1500 21 890699 16.561682 76.764096 0.000000
0000 000000 0.000000 0.000000 0.000000 0.000000 1500 1500 1.466360 1500 21 940797 16.596781 77.012151 0.000000
0000 000000 0.000000 0.000000 0.000000 0.000000 1500 1500 1.465596 1500 21 990895 16.631760 77.260249 0.000000
0000 000000 0.000000 0.000000 0.000000 0.000000 1500 1500 1.464807 1500 22 40995 16.666621 77.508388 0.000000
0000 000000 0.000000 0.000000 0.000000 0.000000 1500 1500 1.463996 1500 22 91071 16.701370 77.756569 0.000000
0000 000000 0.000000 0.000000 0.000000 0.000000 1500 1500 1.463161 1500 22 141171 16.736010 78.004790 0.000000
0000 000000 0.000000 0.000000 0.000000 0.000000 1500 1500 1.462304 1500 22 191247 16.770547 78.253051 0.000000
0000 000000 0.000000 0.000000 0.000000 0.000000 1500 1500 1.461427 1500 22 241312 16.804983 78.501350 0.000000
0000 000000 0.000000 0.000000 0.000000 0.000000 1500 1500 1.460529 1500 22 291411 16.839324 78.749686 0.000000
0000 000000 0.000000 0.000000 0.000000 0.000000 1500 1500 1.459613 1500 22 341488 16.873573 78.998060 0.000000
0000 000000 0.000000 0.000000 0.000000 0.000000 1500 1500 1.458678 1500 22 391588 16.907735 79.246470 0.000000
0000 000000 0.000000 0.000000 0.000000 0.000000 1500 1500 1.457725 1500 22 441693 16.941814 79.494915 0.000000
0000 000000 0.000000 0.000000 0.000000 0.000000 1500 1500 1.456756 1500 22 491793 16.975815 79.743394 0.000000
0000 000000 0.000000 0.000000 0.000000 0.000000 1500 1500 1.455771 1500 22 541874 17.009741 79.991907 0.000000
0000 000000 0.000000 0.000000 0.000000 0.000000 1500 1500 1.454771 1500 22 591973 17.043597 80.240453 0.000000
0000 000000 0.000000 0.000000 0.000000 0.000000 1500 1500 1.453757 1500 22 642049 17.077388 80.489030 0.000000
0000 000000 0.000000 0.000000 0.000000 0.000000 1500 1500 1.452729 1500 22 692141 17.111117 80.737639 0.000000
0000 000000 0.000000 0.000000 0.000000 0.000000 1500 1500 1.451690 1500 22 742240 17.144789 80.986278 0.000000
0000 000000 0.000000 0.000000 0.000000 0.000000 1500 1500 1.450639 1500 22 792328 17.178408 81.234947 0.000000
0000 000000 0.000000 0.000000 0.000000 0.000000 1500 1500 1.449577 1500 22 842406 17.211978 81.483644 0.000000
0000 000000 0.000000 0.000000 0.000000 0.000000 1500 1500 1.448506 1500 22 892507 17.245504 81.732369 0.000000
0000 000000 0.000000 0.000000 0.000000 0.000000 1500 1500 1.447426 1500 22 942606 17.278990 81.981121 0.000000
0000 000000 0.000000 0.000000 0.000000 0.000000 1500 1500 1.446338 1500 22 992706 17.312439 82.229899 0.000000
0000 000000 0.000000 0.000000 0.000000 0.000000 1500 1500 1.445243 1500 23 42806 17.345856 82.478703 0.000000
0000 000000 0.000000 0.000000 0.000000 0.000000 1500 1500 1.444141 1500 23 92906 17.379246 82.727531 0.000000
0000 000000 0.000000 0.000000 0.000000 0.000000 1500 1500 1.443034 1500 23 143005 17.412612 82.976383 0.000000
0000 000000 0.000000 0.000000 0.000000 0.000000 1500 1500 1.441923 1500 23 193099 17.445958 83.225259 0.000000
0000 000000 0.000000 0.000000 0.000000 0.000000 1500 1500 1.440807 1500 23 243198 17.479288 83.474156 0.000000
0000 000000 0.000000 0.000000 0.000000 0.000000 1500 1500 1.439688 1500 23 293297 17.512607 83.723075 0.000000
0000 000000 0.000000 0.000000 0.000000 0.000000 1500 1500 1.438567 1500 23 343397 17.545918 83.972014 0.000000
0000 000000 0.000000 0.000000 0.000000 0.000000 1500 1500 1.437445 1500 23 393474 17.579225 84.220973 0.000000
0000 000000 0.000000 0.000000 0.000000 0.000000 1500 1500 1.436322 1500 23 443579 17.612532 84.469952 0.000000
0000 000000 0.000000 0.000000 0.000000 0.000000 1500 1500 1.435199 1500 23 493670 17.645843 84.718948 0.000000
0000 000000 0.000000 0.000000 0.000000 0.000000 1500 1500 1.434077 1500 23 543769 17.679161 84.967963 0.000000
0000 000000 0.000000 0.000000 0.000000 0.000000 1500 1500 1.432957 1500 23 593862 17.712490 85.216994 0.000000
0000 000000 0.000000 0.000000 0.000000 0.000000 1500 1500 1.431839 1500 23 643939 17.745834 85.466041 0.000000
0000 000000 0.000000 0.000000 0.000000 0.000000 1500 1500 1.430724 1500 23 694025 17.779196 85.715104 0.000000
0000 000000 0.000000 0.000000 0.000000 0.000000 1500 1500 1.429613 1500 23 744100 17.812581 85.964181 0.000000
0000 000000 0.000000 0.000000 0.000000 0.000000 1500 1500 1.428506 1500 23 794200 17.845990 86.213272 0.000000
0000 000000 0.000000 0.000000 0.000000 0.000000 1500 1500 1.427405 1500 23 844273 17.879429 86.462376 0.000000
0000 000000 0.000000 0.000000 0.000000 0.000000 1500 1500 1.426310 1500 23 894374 17.912900 86.711493 0.000000
0000 000000 0.000000 0.000000 0.000000 0.000000 1500 1500 1.425221 1500 23 944473 17.946406 86.960621 0.000000
0000 000000 0.000000 0.000000 0.000000 0.000000 1500 1500 1.424140 1500 23 994572 17.979950 87.209761 0.000000
0000 000000 0.000000 0.000000 0.000000 0.000000 1500 1500 1.423066 1500 24 44672 18.013537 87.458911 0.000000
0000 000000 0.000000 0.000000 0.000000 0.000000 1500 1500 1.422001 1500 24 94754 18.047168 87.708070 0.000000
0000 000000 0.000000 0.000000 0.000000 0.000000 1500 1500 1.420946 1500 24 144853 18.080848 87.957239 0.000000
0000 000000 0.000000 0.000000 0.000000 0.000000 1500 1500 1.419900 1500 24 194955 18.114578 88.206416 0.000000
0000 000000 0.000000 0.000000 0.000000 0.000000 1500 1500 1.418864 1500 24 245053 18.148362 88.455600 0.000000
0000 000000 0.000000 0.000000 0.000000 0.000000 1500 1500 1.417839 1500 24 295114 18.182202 88.704792 0.000000
0000 000000 0.000000 0.000000 0.000000 0.000000 1500 1500 1.416826 1500 24 345214 18.216102 88.953990 0.000000
0000 000000 0.000000 0.000000 0.000000 0.000000 1500 1500 1.415825 1500 24 395290 18.250063 89.203194 0.000000
0000 000000 0.000000 0.000000 0.000000 0.000000 1500 1500 1.414836 1500 24 445377 18.284089 89.452404 0.000000
0000 000000 0.000000 0.000000 0.000000 0.000000 1500 1500 1.413861 1500 24 495460 18.318182 89.701618 0.000000
0000 000000 0.000000 0.000000 0.000000 0.000000 1500 1500 1.412899 1500 24 545547 18.352345 89.950835 0.000000
0000 000000 0.000000 0.000000 0.000000 0.000000 1500 1500 1.411951 1500 24 595629 18.386579 90.200057 0.000000
0000 000000 0.000000 0.000000 0.000000 0.000000 1500 1500 1.411018 1500 24 645713 18.420887 90.449281 0.000000
0000 000000 0.000000 0.000000 0.000000 0.000000 1500 1500 1.410100 1500 24 695793 18.455272 90.698508 0.000000
0000 000000 0.000000 0.000000 0.000000 0.000000 1500 1500 1.409197 1500 24 745878 18.489734 90.947736 0.000000
0000 000000 0.000000 0.000000 0.000000 0.000000 1500 1500 1.408310 1500 24 795961 18.524278 91.196966 0.000000
0000 000000 0.000000 0.000000 0.000000 0.000000 1500 1500 1.407439 1500 24 846061 18.558903 91.446197 0.000000
0000 000000 0.000000 0.000000 0.000000 0.000000 1500 1500 1.406585 1500 24 896162 18.593613 91.695428 0.000000
0000 000000 0.000000 0.000000 0.000000 0.000000 1500 1500 1.405748 1500 24 946227 18.628408 91.944658 0.000000
0000 000000 0.000000 0.000000 0.000000 0.000000 1500 1500 1.404928 1500 24 996305 18.663292 92.193888 0.000000
0000 000000 0.000000 0.000000 0.000000 0.000000 1500 1500 1.404126 1500 25 46381 18.698264 92.443117 0.000000
0000 000000 0.000000 0.000000 0.000000 0.000000 1500 1500 1.403342 1500 25 96479 18.733328 92.692345 0.000000
0000 000000 0.000000 0.000000 0.000000 0.000000 1500 1500 1.402577 1500 25 146578 18.768484 92.941570 0.000000
0000 000000 0.000000 0.000000 0.000000 0.000000 1500 1500 1.401830 1500 25 196679 18.803734 93.190793 0.000000
0000 000000 0.000000 0.000000 0.000000 0.000000 1500 1500 1.401102 1500 25 246779 18.839078 93.440013 0.000000
0000 000000 0.000000 0.000000 0.000000 0.000000 1500 1500 1.400392 1500 25 296879 18.874519 93.689230 0.000000
0000 000000 0.000000 0.000000 0.000000 0.000000 1500 1500 1.399703 1500 25 346952 18.910058 93.938443 0.000000
0000 000000 0.000000 0.000000 0.000000 0.000000 1500 1500 1.399033 1500 25 397053 18.945695 94.187652 0.000000
0000 000000 0.000000 0.000000 0.000000 0.000000 1500 1500 1.398382 1500 25 447121 18.981431 94.436857 0.000000
0000 000000 0.000000 0.000000 0.000000 0.000000 1500 1500 1.397752 1500 25 497220 19.017268 94.686058 0.000000
0000 000000 0.000000 0.000000 0.000000 0.000000 1500 1500 1.397142 1500 25 547320 19.053206 94.935253 0.000000
0000 000000 0.000000 0.000000 0.000000 0.000000 1500 1500 1.396552 1500 25 597419 19.089246 95.184443 0.000000
0000 000000 0.000000 0.000000 0.000000 0.000000 1500 1500 1.395983 1500 25 647518 19.125389 95.433628 0.000000
0000 000000 0.000000 0.000000 0.000000 0.000000 1500 1500 1.395434 1500 25 697619 19.161635 95.682807 0.000000
0000 000000 0.000000 0.000000 0.000000 0.000000 1500 1500 1.389115 1500 25 747718 19.197985 95.931980 0.000000
0000 000000 0.000000 0.000000 0.000000 0.000000 1500 1500 1.384536 1500 25 797796 19.234449 96.181144 0.000000
0000 000000 0.000000 0.000000 0.000000 0.000000 1500 1500 1.378940 1500 25 847896 19.271038 96.430299 0.000000
0000 000000 0.000000 0.000000 0.000000 0.000000 1500 1500 1.372175 1500 25 897973 19.307768 96.679440 0.000000
0000 000000 0.000000 0.000000 0.000000 0.000000 1500 1500 1.364074 1500 25 948048 19.344655 96.928564 0.000000
0000 000000 0.000000 0.000000 0.000000 0.000000 1500 1500 1.354463 1500 25 998136 19.381722 97.177667 0.000000
0000 000000 0.000000 0.000000 0.000000 0.000000 1500 1500 1.343155 1500 26 48199 19.418993 97.426743 0.000000
0000 000000 0.000000 0.000000 0.000000 0.000000 1500 1500 1.329963 1500 26 98274 19.456497 97.675786 0.000000
0000 000000 0.000000 0.000000 0.000000 0.000000 1500 1500 1.314695 1500 26 148373 19.494271 97.924788 0.000000
0000 000000 0.000000 0.000000 0.000000 0.000000 1500 1500 1.297166 1500 26 198473 19.532355 98.173737 0.000000
0000 000000 0.000000 0.000000 0.000000 0.000000 1500 1500 1.277201 1500 26 248550 19.570795 98.422623 0.000000
0000 000000 0.000000 0.000000 0.000000 0.000000 1500 1500 1.254638 1500 26 298652 19.609646 98.671429 0.000000
0000 000000 0.000000 0.000000 0.000000 0.000000 1500 1500 1.229342 1500 26 348755 19.648967 98.920138 0.000000
0000 000000 0.000000 0.000000 0.000000 0.000000 1500 1500 1.201206 1500 26 398832 19.688827 99.168728 0.000000
0000 000000 0.000000 0.000000 0.000000 0.000000 1500 1500 1.170156 1500 26 448911 19.729300 99.417171 0.000000
0000 000000 0.000000 0.000000 0.000000 0.000000 1500 1500 1.136160 1500 26 498986 19.770467 99.665436 0.000000
0000 000000 0.000000 0.000000 0.000000 0.000000 1500 1500 1.099230 1500 26 549081 19.812419 99.913485 0.000000
0000 000000 0.000000 0.000000 0.000000 0.000000 1500 1500 1.059422 1500 26 599181 19.855250 100.161274 0.000000
0000 000000 0.000000 0.000000 0.000000 0.000000 1500 1500 1.016840 1500 26 649263 19.899061 100.408750 0.000000
0000 000000 0.000000 0.000000 0.000000 0.000000 1500 1500 0.971630 1500 26 699352 19.943960 100.655854 0.000000
0000 000000 0.000000 0.000000 0.000000 0.000000 1500 1500 0.923980 1500 26 749451 19.990054 100.902517 0.000000
0000 000000 0.000000 0.000000 0.000000 0.000000 1500 1500 0.874112 1500 26 799551 20.037459 101.148660 0.000000
0000 000000 0.000000 0.000000 0.000000 0.000000 1500 1500 0.822277 1500 26 849632 20.086286 101.394196 0.000000
0000 000000 0.000000 0.000000 0.000000 0.000000 1500 1500 0.768749 1500 26 899710 20.136649 101.639027 0.000000
0000 000000 0.000000 0.000000 0.000000 0.000000 1500 1500 0.713814 1500 26 949795 20.188659 101.883045 0.000000
0000 000000 0.000000 0.000000 0.000000 0.000000 1500 1500 0.657768 1500 26 999862 20.242424 102.126135 0.000000
0000 000000 0.000000 0.000000 0.000000 0.000000 1500 1500 0.600903 1500 27 49963 20.298045 102.368171 0.000000
0000 000000 0.000000 0.000000 0.000000 0.000000 1500 1500 0.543507 1500 27 100063 20.355618 102.609020 0.000000
0000 000000 0.000000 0.000000 0.000000 0.000000 1500 1500 0.485857 1500 27 150129 20.415230 102.848541 0.000000
0000 000000 0.000000 0.000000 0.000000 0.000000 1500 1500 0.428212 1500 27 200228 20.476959 103.086590 0.000000
0000 000000 0.000000 0.000000 0.000000 0.000000 1500 1500 0.370812 1500 27 250293 20.540872 103.323014 0.000000
0000 000000 0.000000 0.000000 0.000000 0.000000 1500 1500 0.313876 1500 27 300393 20.607027 103.557661 0.000000
0000 000000 0.000000 0.000000 0.000000 0.000000 1500 1500 0.257598 1500 27 350492 20.675468 103.790375 0.000000
0000 000000 0.000000 0.000000 0.000000 0.000000 1500 1500 0.202150 1500 27 400556 20.746231 104.020999 0.000000
0000 000000 0.000000 0.000000 0.000000 0.000000 1500 1500 0.147679 1500 27 450632 20.819337 104.249378 0.000000
0000 000000 0.000000 0.000000 0.000000 0.000000 1500 1500 0.094308 1500 27 500731 20.894799 104.475359 0.000000
0000 000000 0.000000 0.000000 0.000000 0.000000 1500 1500 0.042138 1500 27 550807 20.972616 104.698792 0.000000
0000 000000 0.000000 0.000000 0.000000 0.000000 1500 1500 -0.008750 1500 27 600907 21.052780 104.919530 0.000000
0000 000000 0.000000 0.000000 0.000000 0.000000 1500 1500 -0.058297 1500 27 651007 21.135270 105.137434 0.000000
0000 000000 0.000000 0.000000 0.000000 0.000000 1500 1500 -0.106458 1500 27 701107 21.220059 105.352367 0.000000
0000 000000 0.000000 0.000000 0.000000 0.000000 1500 1500 -0.153208 1500 27 751184 21.307110 105.564201 0.000000
0000 000000 0.000000 0.000000 0.000000 0.000000 1500 1500 -0.198534 1500 27 801284 21.396378 105.772814 0.000000
0000 000000 0.000000 0.000000 0.000000 0.000000 1500 1500 -0.242433 1500 27 851383 21.487815 105.978093 0.000000
0000 000000 0.000000 0.000000 0.000000 0.000000 1500 1500 -0.284915 1500 27 901420 21.581362 106.179928 0.000000
0000 000000 0.000000 0.000000 0.000000 0.000000 1500 1500 -0.325999 1500 27 951519 21.676961 106.378222 0.000000
0000 000000 0.000000 0.000000 0.000000 0.000000 1500 1500 -0.365709 1500 28 1583 21.774544 106.572881 0.000000
0000 000000 0.000000 0.000000 0.000000 0.000000 1500 1500 -0.404075 1500 28 51684 21.874043 106.763821 0.000000
0000 000000 0.000000 0.000000 0.000000 0.000000 1500 1500 -0.441133 1500 28 101749 21.975388 106.950964 0.000000
0000 000000 0.000000 0.000000 0.000000 0.000000 1500 1500 -0.476922 1500 28 151849 22.078502 107.134241 0.000000
0000 000000 0.000000 0.000000 0.000000 0.000000 1500 1500 -0.511482 1500 28 201950 22.183312 107.313588 0.000000
0000 000000 0.000000 0.000000 0.000000 0.000000 1500 1500 -0.544857 1500 28 252048 22.289740 107.488948 0.000000
0000 000000 0.000000 0.000000 0.000000 0.000000 1500 1500 -0.577089 1500 28 302147 22.397707 107.660271 0.000000
0000 000000 0.000000 0.000000 0.000000 0.000000 1500 1500 -0.608223 1500 28 352246 22.507137 107.827514 0.000000
0000 000000 0.000000 0.000000 0.000000 0.000000 1500 1500 -0.638304 1500 28 402323 22.617951 107.990637 0.000000
0000 000000 0.000000 0.000000 0.000000 0.000000 1500 1500 -0.667374 1500 28 452423 22.730071 108.149609 0.000000
0000 000000 0.000000 0.000000 0.000000 0.000000 1500 1500 -0.695476 1500 28 502522 22.843418 108.304402 0.000000
0000 000000 0.000000 0.000000 0.000000 0.000000 1500 1500 -0.722653 1500 28 552623 22.957917 108.454993 0.000000
0000 000000 0.000000 0.000000 0.000000 0.000000 1500 1500 -0.748946 1500 28 602723 23.073492 108.601365 0.000000
0000 000000 0.000000 0.000000 0.000000 0.000000 1500 1500 -0.774394 1500 28 652825 23.190066 108.743504 0.000000
0000 000000 0.000000 0.000000 0.000000 0.000000 1500 1500 -0.799034 1500 28 702925 23.307568 108.881400 0.000000
0000 000000 0.000000 0.000000 0.000000 0.000000 1500 1500 -0.822905 1500 28 753024 23.425923 109.015048 0.000000
0000 000000 0.000000 0.000000 0.000000 0.000000 1500 1500 -0.846041 1500 28 803123 23.545062 109.144446 0.000000
0000 000000 0.000000 0.000000 0.000000 0.000000 1500 1500 -0.868476 1500 28 853222 23.664913 109.269594 0.000000
0000 000000 0.000000 0.000000 0.000000 0.000000 1500 1500 -0.890242 1500 28 903322 23.785410 109.390498 0.000000
0000 000000 0.000000 0.000000 0.000000 0.000000 1500 1500 -0.911371 1500 28 953420 23.906485 109.507164 0.000000
0000 000000 0.000000 0.000000 0.000000 0.000000 1500 1500 -0.931891 1500 29 3520 24.028073 109.619602 0.000000
0000 000000 0.000000 0.000000 0.000000 0.000000 1500 1500 -0.951832 1500 29 53621 24.150112 109.727824 0.000000
0000 000000 0.000000 0.000000 0.000000 0.000000 1500 1500 -0.971219 1500 29 103720 24.272538 109.831845 0.000000
0000 000000 0.000000 0.000000 0.000000 0.000000 1500 1500 -0.990078 1500 29 153822 24.395291 109.931681 0.000000
0000 000000 0.000000 0.000000 0.000000 0.000000 1500 1500 -1.008433 1500 29 203921 24.518314 110.027352 0.000000
0000 000000 0.000000 0.000000 0.000000 0.000000 1500 1500 -1.026308 1500 29 254022 24.641548 110.118877 0.000000
0000 000000 0.000000 0.000000 0.000000 0.000000 1500 1500 -1.043724 1500 29 304122 24.764938 110.206278 0.000000
0000 000000 0.000000 0.000000 0.000000 0.000000 1500 1500 -1.060703 1500 29 354223 24.888430 110.289580 0.000000
0000 000000 0.000000 0.000000 0.000000 0.000000 1500 1500 -1.077263 1500 29 404323 25.011971 110.368807 0.000000
0000 000000 0.000000 0.000000 0.000000 0.000000 1500 1500 -1.093424 1500 29 454424 25.135511 110.443985 0.000000
0000 000000 0.000000 0.000000 0.000000 0.000000 1500 1500 -1.109204 1500 29 504500 25.258999 110.515142 0.000000
0000 000000 0.000000 0.000000 0.000000 0.000000 1500 1500 -1.124619 1500 29 554602 25.382388 110.582306 0.000000
0000 000000 0.000000 0.000000 0.000000 0.000000 1500 1500 -1.139686 1500 29 604702 25.505631 110.645507 0.000000
0000 000000 0.000000 0.000000 0.000000 0.000000 1500 1500 -1.154420 1500 29 654800 25.628683 110.704776 0.000000
0000 000000 0.000000 0.000000 0.000000 0.000000 1500 1500 -1.168836 1500 29 704887 25.751499 110.760144 0.000000
0000 000000 0.000000 0.000000 0.000000 0.000000 1500 1500 -1.182948 1500 29 754974 25.874037 110.811642 0.000000
0000 000000 0.000000 0.000000 0.000000 0.000000 1500 1500 -1.196768 1500 29 805058 25.996256 110.859303 0.000000
0000 000000 0.000000 0.000000 0.000000 0.000000 1500 1500 -1.210311 1500 29 855145 26.118114 110.903161 0.000000
0000 000000 0.000000 0.000000 0.000000 0.000000 1500 1500 -1.223586 1500 29 905229 26.239574 110.943249 0.000000
0000 000000 0.000000 0.000000 0.000000 0.000000 1500 1500 -1.236607 1500 29 955316 26.360598 110.979603 0.000000
0000 000000 0.000000 0.000000 0.000000 0.000000 1500 1500 -1.249384 1500 30 5400 26.481148 111.012255 0.000000
0000 000000 0.000000 0.000000 0.000000 0.000000 1500 1500 -1.261927 1500 30 55487 26.601189 111.041243 0.000000
0000 000000 0.000000 0.000000 0.000000 0.000000 1500 1500 -1.274246 1500 30 105572 26.720688 111.066600 0.000000
0000 000000 0.000000 0.000000 0.000000 0.000000 1500 1500 -1.286352 1500 30 155672 26.839610 111.088363 0.000000
0000 000000 0.000000 0.000000 0.000000 0.000000 1500 1500 -1.298252 1500 30 205774 26.957923 111.106569 0.000000
0000 000000 0.000000 0.000000 0.000000 0.000000 1500 1500 -1.309956 1500 30 255839 27.075595 111.121252 0.000000
0000 000000 0.000000 0.000000 0.000000 0.000000 1500 1500 -1.321472 1500 30 305940 27.192597 111.132450 0.000000
0000 000000 0.000000 0.000000 0.000000 0.000000 1500 1500 -1.332808 1500 30 356039 27.308899 111.140199 0.000000
0000 000000 0.000000 0.000000 0.000000 0.000000 1500 1500 -1.343972 1500 30 406140 27.424472 111.144535 0.000000
0000 000000 0.000000 0.000000 0.000000 0.000000 1500 1500 -1.354970 1500 30 456238 27.539289 111.145497 0.000000
0000 000000 0.000000 0.000000 0.000000 0.000000 1500 1500 -1.365811 1500 30 506328 27.653322 111.143119 0.000000
0000 000000 0.000000 0.000000 0.000000 0.000000 1500 1500 -1.376500 1500 30 556418 27.766545 111.137440 0.000000
0000 000000 0.000000 0.000000 0.000000 0.000000 1500 1500 -1.387045 1500 30 606518 27.878934 111.128496 0.000000
0000 000000 0.000000 0.000000 0.000000 0.000000 1500 1500 -1.397451 1500 30 656618 27.990464 111.116324 0.000000
0000 000000 0.000000 0.000000 0.000000 0.000000 1500 1500 -1.407725 1500 30 706704 28.101110 111.100961 0.000000
0000 000000 0.000000 0.000000 0.000000 0.000000 1500 1500 -1.417872 1500 30 756732 28.210851 111.082443 0.000000
0000 000000 0.000000 0.000000 0.000000 0.000000 1500 1500 -1.427898 1500 30 806832 28.319663 111.060808 0.000000
0000 000000 0.000000 0.000000 0.000000 0.000000 1500 1500 -1.437808 1500 30 856938 28.427525 111.036091 0.000000
0000 000000 0.000000 0.000000 0.000000 0.000000 1500 1500 -1.447607 1500 30 907039 28.534415 111.008331 0.000000
0000 000000 0.000000 0.000000 0.000000 0.000000 1500 1500 -1.457302 1500 30 957105 28.640315 110.977562 0.000000
0000 000000 0.000000 0.000000 0.000000 0.000000 1500 1500 -1.466895 1500 31 7205 28.745203 110.943822 0.000000
0000 000000 0.000000 0.000000 0.000000 0.000000 1500 1500 -1.476393 1500 31 57267 28.849061 110.907147 0.000000
0000 000000 0.000000 0.000000 0.000000 0.000000 1500 1500 -1.485799 1500 31 107366 28.951869 110.867572 0.000000
0000 000000 0.000000 0.000000 0.000000 0.000000 1500 1500 -1.495119 1500 31 157444 29.053610 110.825135 0.000000
0000 000000 0.000000 0.000000 0.000000 0.000000 1500 1500 -1.504356 1500 31 207508 29.154267 110.779870 0.000000
0000 000000 0.000000 0.000000 0.000000 0.000000 1500 1500 -1.513515 1500 31 257608 29.253821 110.731813 0.000000
0000 000000 0.000000 0.000000 0.000000 0.000000 1500 1500 -1.522599 1500 31 307673 29.352258 110.681000 0.000000
0000 000000 0.000000 0.000000 0.000000 0.000000 1500 1500 -1.531614 1500 31 357774 29.449559 110.627466 0.000000
0000 000000 0.000000 0.000000 0.000000 0.000000 1500 1500 -1.540562 1500 31 407838 29.545710 110.571246 0.000000
0000 000000 0.000000 0.000000 0.000000 0.000000 1500 1500 -1.549447 1500 31 457932 29.640696 110.512375 0.000000
0000 000000 0.000000 0.000000 0.000000 0.000000 1500 1500 -1.558274 1500 31 507996 29.734502 110.450889 0.000000
0000 000000 0.000000 0.000000 0.000000 0.000000 1500 1500 -1.567046 1500 31 558097 29.827114 110.386820 0.000000
0000 000000 0.000000 0.000000 0.000000 0.000000 1500 1500 -1.575766 1500 31 608198 29.918516 110.320205 0.000000
0000 000000 0.000000 0.000000 0.000000 0.000000 1500 1500 -1.584438 1500 31 658298 30.008697 110.251076 0.000000
0000 000000 0.000000 0.000000 0.000000 0.000000 1500 1500 -1.593066 1500 31 708376 30.097642 110.179469 0.000000
0000 000000 0.000000 0.000000 0.000000 0.000000 1500 1500 -1.601653 1500 31 758480 30.185338 110.105416 0.000000
0000 000000 0.000000 0.000000 0.000000 0.000000 1500 1500 -1.610202 1500 31 808578 30.271774 110.028952 0.000000
0000 000000 0.000000 0.000000 0.000000 0.000000 1500 1500 -1.618717 1500 31 858636 30.356937 109.950109 0.000000
0000 000000 0.000000 0.000000 0.000000 0.000000 1500 1500 -1.627201 1500 31 908734 30.440814 109.868921 0.000000
0000 000000 0.000000 0.000000 0.000000 0.000000 1500 1500 -1.635658 1500 31 958833 30.523395 109.785421 0.000000
0000 000000 0.000000 0.000000 0.000000 0.000000 1500 1500 -1.644090 1500 32 8933 30.604667 109.699642 0.000000
0000 000000 0.000000 0.000000 0.000000 0.000000 1500 1500 -1.652500 1500 32 59034 30.684620 109.611616 0.000000
0000 000000 0.000000 0.000000 0.000000 0.000000 1500 1500 -1.660893 1500 32 109134 30.763242 109.521375 0.000000
0000 000000 0.000000 0.000000 0.000000 0.000000 1500 1500 -1.669271 1500 32 159211 30.840524 109.428952 0.000000
0000 000000 0.000000 0.000000 0.000000 0.000000 1500 1500 -1.677638 1500 32 209311 30.916454 109.334378 0.000000
0000 000000 0.000000 0.000000 0.000000 0.000000 1500 1500 -1.685997 1500 32 259410 30.991022 109.237686 0.000000
0000 000000 0.000000 0.000000 0.000000 0.000000 1500 1500 -1.694351 1500 32 309439 31.064219 109.138906 0.000000
0000 000000 0.000000 0.000000 0.000000 0.000000 1500 1500 -1.702703 1500 32 359539 31.136035 109.038071 0.000000
0000 000000 0.000000 0.000000 0.000000 0.000000 1500 1500 -1.711056 1500 32 409605 31.206459 108.935212 0.000000
0000 000000 0.000000 0.000000 0.000000 0.000000 1500 1500 -1.719415 1500 32 459704 31.275483 108.830358 0.000000
0000 000000 0.000000 0.000000 0.000000 0.000000 1500 1500 -1.727782 1500 32 509805 31.343097 108.723542 0.000000
0000 000000 0.000000 0.000000 0.000000 0.000000 1500 1500 -1.736161 1500 32 559906 31.409292 108.614794 0.000000
0000 000000 0.000000 0.000000 0.000000 0.000000 1500 1500 -1.744555 1500 32 609984 31.474058 108.504145 0.000000
0000 000000 0.000000 0.000000 0.000000 0.000000 1500 1500 -1.752967 1500 32 660086 31.537387 108.391623 0.000000
0000 000000 0.000000 0.000000 0.000000 0.000000 1500 1500 -1.761402 1500 32 710185 31.599271 108.277261 0.000000
0000 000000 0.000000 0.000000 0.000000 0.000000 1500 1500 -1.769863 1500 32 760251 31.659700 108.161087 0.000000
0000 000000 0.000000 0.000000 0.000000 0.000000 1500 1500 -1.778353 1500 32 810351 31.718665 108.043132 0.000000
0000 000000 0.000000 0.000000 0.000000 0.000000 1500 1500 -1.786876 1500 32 860450 31.776159 107.923425 0.000000
0000 000000 0.000000 0.000000 0.000000 0.000000 1500 1500 -1.795436 1500 32 910549 31.832172 107.801996 0.000000
0000 000000 0.000000 0.000000 0.000000 0.000000 1500 1500 -1.804037 1500 32 960625 31.886696 107.678873 0.000000
0000 000000 0.000000 0.000000 0.000000 0.000000 1500 1500 -1.812683 1500 33 10724 31.939723 107.554088 0.000000
0000 000000 0.000000 0.000000 0.000000 0.000000 1500 1500 -1.821379 1500 33 60824 31.991245 107.427667 0.000000
0000 000000 0.000000 0.000000 0.000000 0.000000 1500 1500 -1.830127 1500 33 110935 32.041252 107.299642 0.000000
0000 000000 0.000000 0.000000 0.000000 0.000000 1500 1500 -1.838933 1500 33 161048 32.089737 107.170039 0.000000
0000 000000 0.000000 0.000000 0.000000 0.000000 1500 1500 -1.847801 1500 33 211125 32.136692 107.038889 0.000000
0000 000000 0.000000 0.000000 0.000000 0.000000 1500 1500 -1.856735 1500 33 261223 32.182107 106.906221 0.000000
0000 000000 0.000000 0.000000 0.000000 0.000000 1500 1500 -1.865741 1500 33 311300 32.225976 106.772062 0.000000
0000 000000 0.000000 0.000000 0.000000 0.000000 1500 1500 -1.874823 1500 33 361376 32.268288 106.636441 0.000000
0000 000000 0.000000 0.000000 0.000000 0.000000 1500 1500 -1.883986 1500 33 411476 32.309036 106.499387 0.000000
0000 000000 0.000000 0.000000 0.000000 0.000000 1500 1500 -1.893235 1500 33 461577 32.348212 106.360929 0.000000
0000 000000 0.000000 0.000000 0.000000 0.000000 1500 1500 -1.902576 1500 33 511677 32.385806 106.221095 0.000000
0000 000000 0.000000 0.000000 0.000000 0.000000 1500 1500 -1.912014 1500 33 561746 32.421810 106.079913 0.000000
0000 000000 0.000000 0.000000 0.000000 0.000000 1500 1500 -1.921554 1500 33 611850 32.456216 105.937412 0.000000
0000 000000 0.000000 0.000000 0.000000 0.000000 1500 1500 -1.931202 1500 33 661903 32.489014 105.793621 0.000000
0000 000000 0.000000 0.000000 0.000000 0.000000 1500 1500 -1.940965 1500 33 712003 32.520196 105.648567 0.000000
0000 000000 0.000000 0.000000 0.000000 0.000000 1500 1500 -1.950849 1500 33 762081 32.549753 105.502280 0.000000
0000 000000 0.000000 0.000000 0.000000 0.000000 1500 1500 -1.960860 1500 33 812158 32.577675 105.354787 0.000000
0000 000000 0.000000 0.000000 0.000000 0.000000 1500 1500 -1.971004 1500 33 862236 32.603953 105.206118 0.000000
0000 000000 0.000000 0.000000 0.000000 0.000000 1500 1500 -1.981288 1500 33 912336 32.628577 105.056302 0.000000
0000 000000 0.000000 0.000000 0.000000 0.000000 1500 1500 -1.991719 1500 33 962436 32.651539 104.905367 0.000000
0000 000000 0.000000 0.000000 0.000000 0.000000 1500 1500 -2.002305 1500 34 12536 32.672828 104.753342 0.000000
0000 000000 0.000000 0.000000 0.000000 0.000000 1500 1500 -2.013052 1500 34 62635 32.692434 104.600256 0.000000
0000 000000 0.000000 0.000000 0.000000 0.000000 1500 1500 -2.023969 1500 34 112734 32.710347 104.446139 0.000000
0000 000000 0.000000 0.000000 0.000000 0.000000 1500 1500 -2.035063 1500 34 162812 32.726557 104.291020 0.000000
0000 000000 0.000000 0.000000 0.000000 0.000000 1500 1500 -2.035063 1500 34 212912 32.741053 104.134929 0.000000
0000 000000 0.000000 0.000000 0.000000 0.000000 1500 1500 -2.035063 1500 34 262986 32.753841 103.977887 0.000000
0000 000000 0.000000 0.000000 0.000000 0.000000 1500 1500 -2.035063 1500 34 313083 32.764936 103.819911 0.000000
0000 000000 0.000000 0.000000 0.000000 0.000000 1500 1500 -2.035063 1500 34 363158 32.774358 103.661016 0.000000
0000 000000 0.000000 0.000000 0.000000 0.000000 1500 1500 -2.035063 1500 34 413255 32.782125 103.501215 0.000000
0000 000000 0.000000 0.000000 0.000000 0.000000 1500 1500 -2.035063 1500 34 463352 32.788261 103.340521 0.000000
0000 000000 0.000000 0.000000 0.000000 0.000000 1500 1500 -2.035063 1500 34 513449 32.792786 103.178946 0.000000
0000 000000 0.000000 0.000000 0.000000 0.000000 1500 1500 -2.035063 1500 34 563525 32.795721 103.016503 0.000000
0000 000000 0.000000 0.000000 0.000000 0.000000 1500 1500 -2.035063 1500 34 613625 32.797089 102.853203 0.000000
0000 000000 0.000000 0.000000 0.000000 0.000000 1500 1500 -2.035063 1500 34 663700 32.796910 102.689057 0.000000
0000 000000 0.000000 0.000000 0.000000 0.000000 1500 1500 -2.035063 1500 34 713763 32.795205 102.524078 0.000000
0000 000000 0.000000 0.000000 0.000000 0.000000 1500 1500 -2.035063 1500 34 763860 32.791995 102.358277 0.000000
0000 000000 0.000000 0.000000 0.000000 0.000000 1500 1500 -2.035063 1500 34 813959 32.787300 102.191664 0.000000
0000 000000 0.000000 0.000000 0.000000 0.000000 1500 1500 -2.035063 1500 34 864056 32.781140 102.024251 0.000000
0000 000000 0.000000 0.000000 0.000000 0.000000 1500 1500 -2.035063 1500 34 914155 32.773535 101.856048 0.000000
0000 000000 0.000000 0.000000 0.000000 0.000000 1500 1500 -2.035063 1500 34 964253 32.764504 101.687066 0.000000
0000 000000 0.000000 0.000000 0.000000 0.000000 1500 1500 -2.035063 1500 35 14351 32.754067 101.517316 0.000000
0000 000000 0.000000 0.000000 0.000000 0.000000 1500 1500 -2.035063 1500 35 64448 32.742243 101.346807 0.000000
0000 000000 0.000000 0.000000 0.000000 0.000000 1500 1500 -2.035063 1500 35 114546 32.729050 101.175551 0.000000
0000 000000 0.000000 0.000000 0.000000 0.000000 1500 1500 -2.035063 1500 35 164643 32.714508 101.003558 0.000000
0000 000000 0.000000 0.000000 0.000000 0.000000 1500 1500 -2.035063 1500 35 214741 32.698633 100.830836 0.000000
0000 000000 0.000000 0.000000 0.000000 0.000000 1500 1500 -2.035063 1500 35 264841 32.681445 100.657397 0.000000
0000 000000 0.000000 0.000000 0.000000 0.000000 1500 1500 -2.035063 1500 35 314938 32.662960 100.483250 0.000000
0000 000000 0.000000 0.000000 0.000000 0.000000 1500 1500 -2.035063 1500 35 365036 32.643197 100.308404 0.000000
0000 000000 0.000000 0.000000 0.000000 0.000000 1500 1500 -2.035063 1500 35 415134 32.622173 100.132869 0.000000
0000 000000 0.000000 0.000000 0.000000 0.000000 1500 1500 -2.035063 1500 35 465231 32.599904 99.956654 0.000000
0000 000000 0.000000 0.000000 0.000000 0.000000 1500 1500 -2.035063 1500 35 515328 32.576409 99.779768 0.000000
0000 000000 0.000000 0.000000 0.000000 0.000000 1500 1500 -2.035063 1500 35 565426 32.551702 99.602221 0.000000
0000 000000 0.000000 0.000000 0.000000 0.000000 1500 1500 -2.035063 1500 35 615523 32.525801 99.424021 0.000000
0000 000000 0.000000 0.000000 0.000000 0.000000 1500 1500 -2.035063 1500 35 665586 32.498721 99.245178 0.000000
0000 000000 0.000000 0.000000 0.000000 0.000000 1500 1500 -2.035063 1500 35 715686 32.470480 99.065699 0.000000
0000 000000 0.000000 0.000000 0.000000 0.000000 1500 1500 -2.035063 1500 35 765769 32.441091 98.885593 0.000000
0000 000000 0.000000 0.000000 0.000000 0.000000 1500 1500 -2.035063 1500 35 815866 32.410571 98.704870 0.000000
0000 000000 0.000000 0.000000 0.000000 0.000000 1500 1500 -2.035063 1500 35 865965 32.378936 98.523537 0.000000
0000 000000 0.000000 0.000000 0.000000 0.000000 1500 1500 -2.035063 1500 35 916039 32.346199 98.341602 0.000000
0000 000000 0.000000 0.000000 0.000000 0.000000 1500 1500 -2.035063 1500 35 966136 32.312377 98.159074 0.000000
0000 000000 0.000000 0.000000 0.000000 0.000000 1500 1500 -2.035063 1500 36 16210 32.277483 97.975961 0.000000
0000 000000 0.000000 0.000000 0.000000 0.000000 1500 1500 -2.035063 1500 36 66284 32.241533 97.792270 0.000000
0000 000000 0.000000 0.000000 0.000000 0.000000 1500 1500 -2.035063 1500 36 116381 32.204540 97.608010 0.000000
0000 000000 0.000000 0.000000 0.000000 0.000000 1500 1500 -2.035063 1500 36 166482 32.166519 97.423188 0.000000
0000 000000 0.000000 0.000000 0.000000 0.000000 1500 1500 -2.035063 1500 36 216580 32.127483 97.237811 0.000000
0000 000000 0.000000 0.000000 0.000000 0.000000 1500 1500 -2.035063 1500 36 266680 32.087446 97.051888 0.000000
0000 000000 0.000000 0.000000 0.000000 0.000000 1500 1500 -2.035063 1500 36 316754 32.046422 96.865425 0.000000
0000 000000 0.000000 0.000000 0.000000 0.000000 1500 1500 -2.035063 1500 36 366851 32.004424 96.678430 0.000000
0000 000000 0.000000 0.000000 0.000000 0.000000 1500 1500 -2.035063 1500 36 416948 31.961465 96.490910 0.000000
0000 000000 0.000000 0.000000 0.000000 0.000000 1500 1500 -2.035063 1500 36 467044 31.917559 96.302872 0.000000
0000 000000 0.000000 0.000000 0.000000 0.000000 1500 1500 -2.035063 1500 36 517142 31.872717 96.114323 0.000000
0000 000000 0.000000 0.000000 0.000000 0.000000 1500 1500 -2.035063 1500 36 567239 31.826954 95.925270 0.000000
0000 000000 0.000000 0.000000 0.000000 0.000000 1500 1500 -2.035063 1500 36 617337 31.780280 95.735720 0.000000
0000 000000 0.000000 0.000000 0.000000 0.000000 1500 1500 -2.035063 1500 36 667403 31.732708 95.545680 0.000000
0000 000000 0.000000 0.000000 0.000000 0.000000 1500 1500 -2.035063 1500 36 717479 31.684252 95.355156 0.000000
0000 000000 0.000000 0.000000 0.000000 0.000000 1500 1500 -2.035063 1500 36 767578 31.634921 95.164154 0.000000
0000 000000 0.000000 0.000000 0.000000 0.000000 1500 1500 -2.035063 1500 36 817656 31.584729 94.972682 0.000000
0000 000000 0.000000 0.000000 0.000000 0.000000 1500 1500 -2.035063 1500 36 867731 31.533687 94.780745 0.000000
0000 000000 0.000000 0.000000 0.000000 0.000000 1500 1500 -2.035063 1500 36 917806 31.481806 94.588350 0.000000
