0000 000000 0.000000 0.000000 0.000000 0.000000 1500 1500 0.000000 950 0 500443 0.000000 0.000000 0.000000
0000 000000 0.000000 0.000000 0.000000 0.000000 1500 1500 0.000000 950 0 550548 0.000000 0.000000 0.000000
0000 000000 0.000000 0.000000 0.000000 0.000000 1500 1500 0.000000 950 0 600652 0.000000 0.000000 0.000000
0000 000000 0.000000 0.000000 0.000000 0.000000 1500 1500 0.000000 950 0 650750 0.000000 0.000000 0.000000
0000 000000 0.000000 0.000000 0.000000 0.000000 1500 1500 0.000000 950 0 700849 0.000000 0.000000 0.000000
0000 000000 0.000000 0.000000 0.000000 0.000000 1500 1500 0.000000 950 0 750949 0.000000 0.000000 0.000000
0000 000000 0.000000 0.000000 0.000000 0.000000 1500 1500 0.000000 950 0 801051 0.000000 0.000000 0.000000
0000 000000 0.000000 0.000000 0.000000 0.000000 1500 1500 0.000000 950 0 851149 0.000000 0.000000 0.000000
0000 000000 0.000000 0.000000 0.000000 0.000000 1500 1500 0.000000 950 0 901248 0.000000 0.000000 0.000000
0000 000000 0.000000 0.000000 0.000000 0.000000 1500 1500 0.000000 950 0 951347 0.000000 0.000000 0.000000
0000 000000 0.000000 0.000000 0.000000 0.000000 1500 1500 0.000000 950 1 1445 0.000000 0.000000 0.000000
0000 000000 0.000000 0.000000 0.000000 0.000000 1500 1500 0.000000 950 1 51543 0.000000 0.000000 0.000000
0000 000000 0.000000 0.000000 0.000000 0.000000 1500 1500 0.000000 950 1 101641 0.000000 0.000000 0.000000
0000 000000 0.000000 0.000000 0.000000 0.000000 1500 1500 0.000000 950 1 151738 0.000000 0.000000 0.000000
0000 000000 0.000000 0.000000 0.000000 0.000000 1500 1500 0.000000 950 1 201836 0.000000 0.000000 0.000000
0000 000000 0.000000 0.000000 0.000000 0.000000 1500 1500 0.000000 950 1 251934 0.000000 0.000000 0.000000
0000 000000 0.000000 0.000000 0.000000 0.000000 1500 1500 0.000000 950 1 302033 0.000000 0.000000 0.000000
0000 000000 0.000000 0.000000 0.000000 0.000000 1500 1500 0.000000 950 1 352130 0.000000 0.000000 0.000000
0000 000000 0.000000 0.000000 0.000000 0.000000 1500 1500 0.000000 950 1 402227 0.000000 0.000000 0.000000
0000 000000 0.000000 0.000000 0.000000 0.000000 1500 1500 0.000000 950 1 452326 0.000000 0.000000 0.000000
0000 000000 0.000000 0.000000 0.000000 0.000000 1500 1500 0.000000 950 1 502424 0.000000 0.000000 0.000000
0000 000000 0.000000 0.000000 0.000000 0.000000 1500 1500 0.000000 950 1 552503 0.000000 0.000000 0.000000
0000 000000 0.000000 0.000000 0.000000 0.000000 1500 1500 0.000000 950 1 602577 0.000000 0.000000 0.000000
0000 000000 0.000000 0.000000 0.000000 0.000000 1500 1500 0.000000 950 1 652675 0.000000 0.000000 0.000000
0000 000000 0.000000 0.000000 0.000000 0.000000 1500 1500 0.450683 1500 1 702775 0.003413 0.000000 0.000000
0000 000000 0.000000 0.000000 0.000000 0.000000 1500 1500 0.452038 1500 1 752855 0.010194 0.000013 0.000000
0000 000000 0.000000 0.000000 0.000000 0.000000 1500 1500 0.454058 1500 1 802949 0.020295 0.000047 0.000000
0000 000000 0.000000 0.000000 0.000000 0.000000 1500 1500 0.456737 1500 1 853047 0.033674 0.000103 0.000000
0000 000000 0.000000 0.000000 0.000000 0.000000 1500 1500 0.460071 1500 1 903147 0.050285 0.000185 0.000000
0000 000000 0.000000 0.000000 0.000000 0.000000 1500 1500 0.464058 1500 1 953246 0.070084 0.000291 0.000000
0000 000000 0.000000 0.000000 0.000000 0.000000 1500 1500 0.468697 1500 2 3316 0.093029 0.000423 0.000000
0000 000000 0.000000 0.000000 0.000000 0.000000 1500 1500 0.473987 1500 2 53416 0.119077 0.000581 0.000000
0000 000000 0.000000 0.000000 0.000000 0.000000 1500 1500 0.479929 1500 2 103495 0.148186 0.000765 0.000000
0000 000000 0.000000 0.000000 0.000000 0.000000 1500 1500 0.486526 1500 2 153593 0.180315 0.000974 0.000000
0000 000000 0.000000 0.000000 0.000000 0.000000 1500 1500 0.493778 1500 2 203675 0.215423 0.001209 0.000000
0000 000000 0.000000 0.000000 0.000000 0.000000 1500 1500 0.501690 1500 2 253776 0.253469 0.001470 0.000000
0000 000000 0.000000 0.000000 0.000000 0.000000 1500 1500 0.510265 1500 2 303875 0.294415 0.001757 0.000000
0000 000000 0.000000 0.000000 0.000000 0.000000 1500 1500 0.519505 1500 2 353951 0.338220 0.002070 0.000000
0000 000000 0.000000 0.000000 0.000000 0.000000 1500 1500 0.529416 1500 2 404051 0.384846 0.002409 0.000000
0000 000000 0.000000 0.000000 0.000000 0.000000 1500 1500 0.540001 1500 2 454134 0.434256 0.002774 0.000000
0000 000000 0.000000 0.000000 0.000000 0.000000 1500 1500 0.551263 1500 2 504233 0.486410 0.003166 0.000000
0000 000000 0.000000 0.000000 0.000000 0.000000 1500 1500 0.563207 1500 2 554314 0.541273 0.003585 0.000000
0000 000000 0.000000 0.000000 0.000000 0.000000 1500 1500 0.575836 1500 2 604417 0.598808 0.004031 0.000000
0000 000000 0.000000 0.000000 0.000000 0.000000 1500 1500 0.589152 1500 2 654510 0.658978 0.004505 0.000000
0000 000000 0.000000 0.000000 0.000000 0.000000 1500 1500 0.603158 1500 2 704589 0.721748 0.005007 0.000000
0000 000000 0.000000 0.000000 0.000000 0.000000 1500 1500 0.617854 1500 2 754689 0.787083 0.005537 0.000000
0000 000000 0.000000 0.000000 0.000000 0.000000 1500 1500 0.633241 1500 2 804789 0.854948 0.006096 0.000000
0000 000000 0.000000 0.000000 0.000000 0.000000 1500 1500 0.649318 1500 2 854891 0.925309 0.006684 0.000000
0000 000000 0.000000 0.000000 0.000000 0.000000 1500 1500 0.666084 1500 2 904969 0.998132 0.007302 0.000000
0000 000000 0.000000 0.000000 0.000000 0.000000 1500 1500 0.683533 1500 2 955070 1.073384 0.007950 0.000000
0000 000000 0.000000 0.000000 0.000000 0.000000 1500 1500 0.701663 1500 3 5148 1.151032 0.008630 0.000000
0000 000000 0.000000 0.000000 0.000000 0.000000 1500 1500 0.720466 1500 3 55252 1.231044 0.009341 0.000000
0000 000000 0.000000 0.000000 0.000000 0.000000 1500 1500 0.739934 1500 3 105350 1.313388 0.010084 0.000000
0000 000000 0.000000 0.000000 0.000000 0.000000 1500 1500 0.760058 1500 3 155428 1.398032 0.010860 0.000000
0000 000000 0.000000 0.000000 0.000000 0.000000 1500 1500 0.780825 1500 3 205528 1.484944 0.011670 0.000000
0000 000000 0.000000 0.000000 0.000000 0.000000 1500 1500 0.802222 1500 3 255593 1.574096 0.012514 0.000000
0000 000000 0.000000 0.000000 0.000000 0.000000 1500 1500 0.824235 1500 3 305691 1.665455 0.013393 0.000000
0000 000000 0.000000 0.000000 0.000000 0.000000 1500 1500 0.846844 1500 3 355790 1.758993 0.014308 0.000000
0000 000000 0.000000 0.000000 0.000000 0.000000 1500 1500 0.870032 1500 3 405891 1.854679 0.015260 0.000000
0000 000000 0.000000 0.000000 0.000000 0.000000 1500 1500 0.893777 1500 3 455991 1.952486 0.016250 0.000000
0000 000000 0.000000 0.000000 0.000000 0.000000 1500 1500 0.918055 1500 3 506055 2.052383 0.017278 0.000000
0000 000000 0.000000 0.000000 0.000000 0.000000 1500 1500 0.942842 1500 3 556156 2.154343 0.018345 0.000000
0000 000000 0.000000 0.000000 0.000000 0.000000 1500 1500 1.275080 1500 3 606233 2.258339 0.019453 0.000000
0000 000000 0.000000 0.000000 0.000000 0.000000 1500 1500 1.282008 1500 3 656304 2.364341 0.020611 0.000000
0000 000000 0.000000 0.000000 0.000000 0.000000 1500 1500 1.289114 1500 3 706403 2.472324 0.021824 0.000000
0000 000000 0.000000 0.000000 0.000000 0.000000 1500 1500 1.296397 1500 3 756493 2.582259 0.023095 0.000000
0000 000000 0.000000 0.000000 0.000000 0.000000 1500 1500 1.303859 1500 3 806579 2.694122 0.024424 0.000000
0000 000000 0.000000 0.000000 0.000000 0.000000 1500 1500 1.311501 1500 3 856680 2.807885 0.025811 0.000000
0000 000000 0.000000 0.000000 0.000000 0.000000 1500 1500 1.319323 1500 3 906780 2.923523 0.027258 0.000000
0000 000000 0.000000 0.000000 0.000000 0.000000 1500 1500 1.327326 1500 3 956880 3.041011 0.028763 0.000000
0000 000000 0.000000 0.000000 0.000000 0.000000 1500 1500 1.335512 1500 4 6979 3.160324 0.030325 0.000000
0000 000000 0.000000 0.000000 0.000000 0.000000 1500 1500 1.343879 1500 4 57055 3.281436 0.031946 0.000000
0000 000000 0.000000 0.000000 0.000000 0.000000 1500 1500 1.352429 1500 4 107158 3.404324 0.033625 0.000000
0000 000000 0.000000 0.000000 0.000000 0.000000 1500 1500 1.361163 1500 4 157235 3.528964 0.035361 0.000000
0000 000000 0.000000 0.000000 0.000000 0.000000 1500 1500 1.370080 1500 4 207337 3.655332 0.037153 0.000000
0000 000000 0.000000 0.000000 0.000000 0.000000 1500 1500 1.379182 1500 4 257438 3.783404 0.039003 0.000000
0000 000000 0.000000 0.000000 0.000000 0.000000 1500 1500 1.388468 1500 4 307537 3.913158 0.040910 0.000000
0000 000000 0.000000 0.000000 0.000000 0.000000 1500 1500 1.397938 1500 4 357636 4.044570 0.042872 0.000000
0000 000000 0.000000 0.000000 0.000000 0.000000 1500 1500 1.407593 1500 4 407736 4.177619 0.044891 0.000000
0000 000000 0.000000 0.000000 0.000000 0.000000 1500 1500 1.417432 1500 4 457836 4.312282 0.046966 0.000000
0000 000000 0.000000 0.000000 0.000000 0.000000 1500 1500 1.427455 1500 4 507913 4.448538 0.049097 0.000000
0000 000000 0.000000 0.000000 0.000000 0.000000 1500 1500 1.437662 1500 4 558013 4.586365 0.051284 0.000000
0000 000000 0.000000 0.000000 0.000000 0.000000 1500 1500 1.448052 1500 4 608091 4.725741 0.053526 0.000000
0000 000000 0.000000 0.000000 0.000000 0.000000 1500 1500 1.458624 1500 4 658171 4.866646 0.055823 0.000000
0000 000000 0.000000 0.000000 0.000000 0.000000 1500 1500 1.469377 1500 4 708258 5.009058 0.058176 0.000000
0000 000000 0.000000 0.000000 0.000000 0.000000 1500 1500 1.480311 1500 4 758348 5.152959 0.060583 0.000000
0000 000000 0.000000 0.000000 0.000000 0.000000 1500 1500 1.491424 1500 4 808438 5.298327 0.063046 0.000000
0000 000000 0.000000 0.000000 0.000000 0.000000 1500 1500 1.502714 1500 4 858524 5.445143 0.065563 0.000000
0000 000000 0.000000 0.000000 0.000000 0.000000 1500 1500 1.514180 1500 4 908626 5.593386 0.068136 0.000000
0000 000000 0.000000 0.000000 0.000000 0.000000 1500 1500 1.525820 1500 4 958641 5.743039 0.070763 0.000000
0000 000000 0.000000 0.000000 0.000000 0.000000 1500 1500 1.537631 1500 5 8743 5.894081 0.073445 0.000000
0000 000000 0.000000 0.000000 0.000000 0.000000 1500 1500 1.549612 1500 5 58822 6.046494 0.076181 0.000000
0000 000000 0.000000 0.000000 0.000000 0.000000 1500 1500 1.561760 1500 5 108921 6.200259 0.078972 0.000000
0000 000000 0.000000 0.000000 0.000000 0.000000 1500 1500 1.574071 1500 5 159020 6.355359 0.081818 0.000000
0000 000000 0.000000 0.000000 0.000000 0.000000 1500 1500 1.586543 1500 5 209099 6.511774 0.084718 0.000000
0000 000000 0.000000 0.000000 0.000000 0.000000 1500 1500 1.599172 1500 5 259199 6.669488 0.087673 0.000000
0000 000000 0.000000 0.000000 0.000000 0.000000 1500 1500 1.611955 1500 5 309279 6.828482 0.090683 0.000000
0000 000000 0.000000 0.000000 0.000000 0.000000 1500 1500 1.624887 1500 5 359380 6.988740 0.093747 0.000000
0000 000000 0.000000 0.000000 0.000000 0.000000 1500 1500 1.637965 1500 5 409486 7.150244 0.096865 0.000000
0000 000000 0.000000 0.000000 0.000000 0.000000 1500 1500 1.651184 1500 5 459554 7.312977 0.100039 0.000000
0000 000000 0.000000 0.000000 0.000000 0.000000 1500 1500 1.664539 1500 5 509654 7.476923 0.103266 0.000000
0000 000000 0.000000 0.000000 0.000000 0.000000 1500 1500 1.678025 1500 5 559722 7.642065 0.106549 0.000000
0000 000000 0.000000 0.000000 0.000000 0.000000 1500 1500 1.691638 1500 5 609821 7.808387 0.109887 0.000000
0000 000000 0.000000 0.000000 0.000000 0.000000 1500 1500 1.705370 1500 5 659908 7.975874 0.113279 0.000000
0000 000000 0.000000 0.000000 0.000000 0.000000 1500 1500 1.719218 1500 5 709986 8.144509 0.116726 0.000000
0000 000000 0.000000 0.000000 0.000000 0.000000 1500 1500 1.733175 1500 5 760077 8.314277 0.120229 0.000000
0000 000000 0.000000 0.000000 0.000000 0.000000 1500 1500 1.747233 1500 5 810177 8.485162 0.123786 0.000000
0000 000000 0.000000 0.000000 0.000000 0.000000 1500 1500 1.761389 1500 5 860277 8.657150 0.127399 0.000000
0000 000000 0.000000 0.000000 0.000000 0.000000 1500 1500 1.775633 1500 5 910378 8.830225 0.131066 0.000000
0000 000000 0.000000 0.000000 0.000000 0.000000 1500 1500 1.789960 1500 5 960457 9.004373 0.134790 0.000000
0000 000000 0.000000 0.000000 0.000000 0.000000 1500 1500 1.804363 1500 6 10555 9.179579 0.138568 0.000000
0000 000000 0.000000 0.000000 0.000000 0.000000 1500 1500 1.818834 1500 6 60656 9.355829 0.142402 0.000000
0000 000000 0.000000 0.000000 0.000000 0.000000 1500 1500 1.833366 1500 6 110756 9.533109 0.146292 0.000000
0000 000000 0.000000 0.000000 0.000000 0.000000 1500 1500 1.847952 1500 6 160856 9.711405 0.150238 0.000000
0000 000000 0.000000 0.000000 0.000000 0.000000 1500 1500 1.862584 1500 6 210956 9.890703 0.154239 0.000000
0000 000000 0.000000 0.000000 0.000000 0.000000 1500 1500 1.877254 1500 6 261035 10.070989 0.158297 0.000000
0000 000000 0.000000 0.000000 0.000000 0.000000 1500 1500 1.891955 1500 6 311135 10.252250 0.162410 0.000000
0000 000000 0.000000 0.000000 0.000000 0.000000 1500 1500 1.906679 1500 6 361235 10.434474 0.166580 0.000000
0000 000000 0.000000 0.000000 0.000000 0.000000 1500 1500 1.921418 1500 6 411337 10.617646 0.170806 0.000000
0000 000000 0.000000 0.000000 0.000000 0.000000 1500 1500 1.936165 1500 6 461414 10.801754 0.175089 0.000000
0000 000000 0.000000 0.000000 0.000000 0.000000 1500 1500 1.950911 1500 6 511514 10.986785 0.179428 0.000000
0000 000000 0.000000 0.000000 0.000000 0.000000 1500 1500 1.965648 1500 6 561614 11.172728 0.183824 0.000000
0000 000000 0.000000 0.000000 0.000000 0.000000 1500 1500 1.980371 1500 6 611713 11.359569 0.188276 0.000000
0000 000000 0.000000 0.000000 0.000000 0.000000 1500 1500 1.995069 1500 6 661813 11.547296 0.192786 0.000000
0000 000000 0.000000 0.000000 0.000000 0.000000 1500 1500 2.009737 1500 6 711890 11.735898 0.197353 0.000000
0000 000000 0.000000 0.000000 0.000000 0.000000 1500 1500 2.024367 1500 6 761968 11.925362 0.201976 0.000000
0000 000000 0.000000 0.000000 0.000000 0.000000 1500 1500 2.038951 1500 6 812068 12.115677 0.206657 0.000000
0000 000000 0.000000 0.000000 0.000000 0.000000 1500 1500 2.053483 1500 6 862145 12.306831 0.211395 0.000000
0000 000000 0.000000 0.000000 0.000000 0.000000 1500 1500 2.067956 1500 6 912235 12.498813 0.216191 0.000000
0000 000000 0.000000 0.000000 0.000000 0.000000 1500 1500 2.082363 1500 6 962336 12.691611 0.221044 0.000000
0000 000000 0.000000 0.000000 0.000000 0.000000 1500 1500 2.096697 1500 7 12437 12.885216 0.225955 0.000000
0000 000000 0.000000 0.000000 0.000000 0.000000 1500 1500 2.110953 1500 7 62538 13.079615 0.230923 0.000000
0000 000000 0.000000 0.000000 0.000000 0.000000 1500 1500 2.125124 1500 7 112638 13.274798 0.235949 0.000000
0000 000000 0.000000 0.000000 0.000000 0.000000 1500 1500 2.139205 1500 7 162738 13.470754 0.241033 0.000000
0000 000000 0.000000 0.000000 0.000000 0.000000 1500 1500 2.153189 1500 7 212838 13.667473 0.246175 0.000000
0000 000000 0.000000 0.000000 0.000000 0.000000 1500 1500 2.167073 1500 7 262938 13.864944 0.251374 0.000000
0000 000000 0.000000 0.000000 0.000000 0.000000 1500 1500 2.180850 1500 7 313015 14.063158 0.256632 0.000000
0000 000000 0.000000 0.000000 0.000000 0.000000 1500 1500 2.194517 1500 7 363074 14.262104 0.261948 0.000000
0000 000000 0.000000 0.000000 0.000000 0.000000 1500 1500 2.208068 1500 7 413170 14.461772 0.267321 0.000000
0000 000000 0.000000 0.000000 0.000000 0.000000 1500 1500 2.221500 1500 7 463262 14.662153 0.272753 0.000000
0000 000000 0.000000 0.000000 0.000000 0.000000 1500 1500 2.234809 1500 7 513358 14.863237 0.278243 0.000000
0000 000000 0.000000 0.000000 0.000000 0.000000 1500 1500 2.247991 1500 7 563435 15.065014 0.283791 0.000000
0000 000000 0.000000 0.000000 0.000000 0.000000 1500 1500 2.261042 1500 7 613535 15.267474 0.289397 0.000000
0000 000000 0.000000 0.000000 0.000000 0.000000 1500 1500 2.273961 1500 7 663634 15.470610 0.295061 0.000000
0000 000000 0.000000 0.000000 0.000000 0.000000 1500 1500 2.286743 1500 7 713733 15.674411 0.300784 0.000000
0000 000000 0.000000 0.000000 0.000000 0.000000 1500 1500 2.299386 1500 7 763831 15.878868 0.306564 0.000000
0000 000000 0.000000 0.000000 0.000000 0.000000 1500 1500 2.311889 1500 7 813930 16.083973 0.312403 0.000000
0000 000000 0.000000 0.000000 0.000000 0.000000 1500 1500 2.324249 1500 7 864031 16.289717 0.318299 0.000000
0000 000000 0.000000 0.000000 0.000000 0.000000 1500 1500 2.336464 1500 7 914132 16.496091 0.324254 0.000000
0000 000000 0.000000 0.000000 0.000000 0.000000 1500 1500 2.348533 1500 7 964231 16.703086 0.330266 0.000000
0000 000000 0.000000 0.000000 0.000000 0.000000 1500 1500 2.360455 1500 8 14330 16.910695 0.336336 0.000000
0000 000000 0.000000 0.000000 0.000000 0.000000 1500 1500 2.372228 1500 8 64430 17.118909 0.342464 0.000000
0000 000000 0.000000 0.000000 0.000000 0.000000 1500 1500 2.383852 1500 8 114530 17.327719 0.348650 0.000000
0000 000000 0.000000 0.000000 0.000000 0.000000 1500 1500 2.395326 1500 8 164630 17.537117 0.354894 0.000000
0000 000000 0.000000 0.000000 0.000000 0.000000 1500 1500 2.406649 1500 8 214731 17.747096 0.361195 0.000000
0000 000000 0.000000 0.000000 0.000000 0.000000 1500 1500 2.417822 1500 8 264831 17.957648 0.367554 0.000000
0000 000000 0.000000 0.000000 0.000000 0.000000 1500 1500 2.428844 1500 8 314929 18.168765 0.373970 0.000000
0000 000000 0.000000 0.000000 0.000000 0.000000 1500 1500 2.439715 1500 8 365028 18.380439 0.380443 0.000000
0000 000000 0.000000 0.000000 0.000000 0.000000 1500 1500 2.450435 1500 8 415129 18.592663 0.386974 0.000000
0000 000000 0.000000 0.000000 0.000000 0.000000 1500 1500 2.461006 1500 8 465228 18.805429 0.393561 0.000000
0000 000000 0.000000 0.000000 0.000000 0.000000 1500 1500 2.471427 1500 8 515305 19.018730 0.400206 0.000000
0000 000000 0.000000 0.000000 0.000000 0.000000 1500 1500 2.481698 1500 8 565407 19.232558 0.406907 0.000000
0000 000000 0.000000 0.000000 0.000000 0.000000 1500 1500 2.491822 1500 8 615507 19.446907 0.413665 0.000000
0000 000000 0.000000 0.000000 0.000000 0.000000 1500 1500 2.501799 1500 8 665606 19.661769 0.420479 0.000000
0000 000000 0.000000 0.000000 0.000000 0.000000 1500 1500 2.511629 1500 8 715705 19.877138 0.427350 0.000000
0000 000000 0.000000 0.000000 0.000000 0.000000 1500 1500 2.521314 1500 8 765806 20.093006 0.434276 0.000000
0000 000000 0.000000 0.000000 0.000000 0.000000 1500 1500 2.530855 1500 8 815905 20.309368 0.441259 0.000000
0000 000000 0.000000 0.000000 0.000000 0.000000 1500 1500 2.540253 1500 8 866008 20.526215 0.448298 0.000000
0000 000000 0.000000 0.000000 0.000000 0.000000 1500 1500 2.549510 1500 8 916081 20.743542 0.455392 0.000000
0000 000000 0.000000 0.000000 0.000000 0.000000 1500 1500 2.558627 1500 8 966147 20.961342 0.462541 0.000000
0000 000000 0.000000 0.000000 0.000000 0.000000 1500 1500 2.567605 1500 9 16230 21.179608 0.469746 0.000000
0000 000000 0.000000 0.000000 0.000000 0.000000 1500 1500 2.576447 1500 9 66309 21.398335 0.477006 0.000000
0000 000000 0.000000 0.000000 0.000000 0.000000 1500 1500 2.585153 1500 9 116395 21.617516 0.484320 0.000000
0000 000000 0.000000 0.000000 0.000000 0.000000 1500 1500 2.593725 1500 9 166476 21.837144 0.491689 0.000000
0000 000000 0.000000 0.000000 0.000000 0.000000 1500 1500 2.602166 1500 9 216577 22.057215 0.499112 0.000000
0000 000000 0.000000 0.000000 0.000000 0.000000 1500 1500 2.610476 1500 9 266679 22.277721 0.506590 0.000000
0000 000000 0.000000 0.000000 0.000000 0.000000 1500 1500 2.618657 1500 9 316760 22.498657 0.514121 0.000000
0000 000000 0.000000 0.000000 0.000000 0.000000 1500 1500 2.626712 1500 9 366859 22.720017 0.521707 0.000000
0000 000000 0.000000 0.000000 0.000000 0.000000 1500 1500 2.634641 1500 9 416940 22.941795 0.529345 0.000000
0000 000000 0.000000 0.000000 0.000000 0.000000 1500 1500 2.642447 1500 9 467027 23.163986 0.537037 0.000000
0000 000000 0.000000 0.000000 0.000000 0.000000 1500 1500 2.650131 1500 9 517109 23.386585 0.544782 0.000000
0000 000000 0.000000 0.000000 0.000000 0.000000 1500 1500 2.657696 1500 9 567212 23.609584 0.552579 0.000000
0000 000000 0.000000 0.000000 0.000000 0.000000 1500 1500 2.665143 1500 9 617281 23.832980 0.560429 0.000000
0000 000000 0.000000 0.000000 0.000000 0.000000 1500 1500 2.672473 1500 9 667380 24.056766 0.568331 0.000000
0000 000000 0.000000 0.000000 0.000000 0.000000 1500 1500 2.679690 1500 9 717460 24.280938 0.576285 0.000000
0000 000000 0.000000 0.000000 0.000000 0.000000 1500 1500 2.686794 1500 9 767541 24.505490 0.584290 0.000000
0000 000000 0.000000 0.000000 0.000000 0.000000 1500 1500 2.693787 1500 9 817638 24.730417 0.592347 0.000000
0000 000000 0.000000 0.000000 0.000000 0.000000 1500 1500 2.700671 1500 9 867729 24.955714 0.600455 0.000000
0000 000000 0.000000 0.000000 0.000000 0.000000 1500 1500 2.707449 1500 9 917825 25.181375 0.608614 0.000000
0000 000000 0.000000 0.000000 0.000000 0.000000 1500 1500 2.714121 1500 9 967915 25.407397 0.616824 0.000000
0000 000000 0.000000 0.000000 0.000000 0.000000 1500 1500 2.720689 1500 10 18011 25.633774 0.625084 0.000000
0000 000000 0.000000 0.000000 0.000000 0.000000 1500 1500 2.727156 1500 10 68109 25.860501 0.633393 0.000000
0000 000000 0.000000 0.000000 0.000000 0.000000 1500 1500 2.733523 1500 10 118208 26.087573 0.641753 0.000000
0000 000000 0.000000 0.000000 0.000000 0.000000 1500 1500 2.739791 1500 10 168306 26.314986 0.650162 0.000000
0000 000000 0.000000 0.000000 0.000000 0.000000 1500 1500 2.745963 1500 10 218406 26.542736 0.658620 0.000000
0000 000000 0.000000 0.000000 0.000000 0.000000 1500 1500 2.752040 1500 10 268508 26.770817 0.667127 0.000000
0000 000000 0.000000 0.000000 0.000000 0.000000 1500 1500 2.758024 1500 10 318608 26.999225 0.675682 0.000000
0000 000000 0.000000 0.000000 0.000000 0.000000 1500 1500 2.763917 1500 10 368708 27.227956 0.684286 0.000000
0000 000000 0.000000 0.000000 0.000000 0.000000 1500 1500 2.769719 1500 10 418801 27.457005 0.692938 0.000000
0000 000000 0.000000 0.000000 0.000000 0.000000 1500 1500 2.772345 1500 10 468892 27.686369 0.701637 0.000000
0000 000000 0.000000 0.000000 0.000000 0.000000 1500 1500 2.774359 1500 10 519000 27.916042 0.710384 0.000000
0000 000000 0.000000 0.000000 0.000000 0.000000 1500 1500 2.776338 1500 10 569091 28.146020 0.719177 0.000000
0000 000000 0.000000 0.000000 0.000000 0.000000 1500 1500 2.778284 1500 10 619184 28.376300 0.728017 0.000000
0000 000000 0.000000 0.000000 0.000000 0.000000 1500 1500 2.780196 1500 10 669283 28.606877 0.736903 0.000000
0000 000000 0.000000 0.000000 0.000000 0.000000 1500 1500 2.782077 1500 10 719382 28.837748 0.745834 0.000000
0000 000000 0.000000 0.000000 0.000000 0.000000 1500 1500 2.783927 1500 10 769487 29.068907 0.754809 0.000000
0000 000000 0.000000 0.000000 0.000000 0.000000 1500 1500 2.785746 1500 10 819563 29.300353 0.763830 0.000000
0000 000000 0.000000 0.000000 0.000000 0.000000 1500 1500 2.787535 1500 10 869665 29.532080 0.772894 0.000000
0000 000000 0.000000 0.000000 0.000000 0.000000 1500 1500 2.789295 1500 10 919763 29.764084 0.782001 0.000000
0000 000000 0.000000 0.000000 0.000000 0.000000 1500 1500 2.791026 1500 10 969827 29.996363 0.791152 0.000000
0000 000000 0.000000 0.000000 0.000000 0.000000 1500 1500 2.792729 1500 11 19925 30.228911 0.800345 0.000000
0000 000000 0.000000 0.000000 0.000000 0.000000 1500 1500 2.794406 1500 11 70024 30.461727 0.809580 0.000000
0000 000000 0.000000 0.000000 0.000000 0.000000 1500 1500 2.796055 1500 11 120122 30.694805 0.818856 0.000000
0000 000000 0.000000 0.000000 0.000000 0.000000 1500 1500 2.797679 1500 11 170221 30.928143 0.828173 0.000000
0000 000000 0.000000 0.000000 0.000000 0.000000 1500 1500 2.799277 1500 11 220288 31.161737 0.837531 0.000000
0000 000000 0.000000 0.000000 0.000000 0.000000 1500 1500 2.800850 1500 11 270388 31.395583 0.846929 0.000000
0000 000000 0.000000 0.000000 0.000000 0.000000 1500 1500 2.802399 1500 11 320491 31.629679 0.856367 0.000000
0000 000000 0.000000 0.000000 0.000000 0.000000 1500 1500 2.803924 1500 11 370592 31.864020 0.865844 0.000000
0000 000000 0.000000 0.000000 0.000000 0.000000 1500 1500 2.805426 1500 11 420663 32.098603 0.875360 0.000000
0000 000000 0.000000 0.000000 0.000000 0.000000 1500 1500 2.806905 1500 11 470762 32.333426 0.884914 0.000000
0000 000000 0.000000 0.000000 0.000000 0.000000 1500 1500 2.808361 1500 11 520861 32.568484 0.894507 0.000000
0000 000000 0.000000 0.000000 0.000000 0.000000 1500 1500 2.809796 1500 11 570922 32.803775 0.904136 0.000000
0000 000000 0.000000 0.000000 0.000000 0.000000 1500 1500 2.811210 1500 11 621022 33.039296 0.913803 0.000000
0000 000000 0.000000 0.000000 0.000000 0.000000 1500 1500 2.812602 1500 11 671123 33.275043 0.923507 0.000000
0000 000000 0.000000 0.000000 0.000000 0.000000 1500 1500 2.813974 1500 11 721223 33.511013 0.933246 0.000000
0000 000000 0.000000 0.000000 0.000000 0.000000 1500 1500 2.815326 1500 11 771312 33.747204 0.943022 0.000000
0000 000000 0.000000 0.000000 0.000000 0.000000 1500 1500 2.816658 1500 11 821411 33.983612 0.952833 0.000000
0000 000000 0.000000 0.000000 0.000000 0.000000 1500 1500 2.817971 1500 11 871510 34.220234 0.962679 0.000000
0000 000000 0.000000 0.000000 0.000000 0.000000 1500 1500 2.819265 1500 11 921609 34.457068 0.972560 0.000000
0000 000000 0.000000 0.000000 0.000000 0.000000 1500 1500 2.820541 1500 11 971712 34.694110 0.982475 0.000000
0000 000000 0.000000 0.000000 0.000000 0.000000 1500 1500 2.821798 1500 12 21810 34.931359 0.992424 0.000000
0000 000000 0.000000 0.000000 0.000000 0.000000 1500 1500 2.823038 1500 12 71909 35.168810 1.002407 0.000000
0000 000000 0.000000 0.000000 0.000000 0.000000 1500 1500 2.824260 1500 12 122008 35.406462 1.012422 0.000000
0000 000000 0.000000 0.000000 0.000000 0.000000 1500 1500 2.825466 1500 12 172104 35.644311 1.022471 0.000000
0000 000000 0.000000 0.000000 0.000000 0.000000 1500 1500 2.826654 1500 12 222202 35.882355 1.032551 0.000000
0000 000000 0.000000 0.000000 0.000000 0.000000 1500 1500 2.827826 1500 12 272301 36.120591 1.042664 0.000000
0000 000000 0.000000 0.000000 0.000000 0.000000 1500 1500 2.828983 1500 12 322400 36.359017 1.052809 0.000000
0000 000000 0.000000 0.000000 0.000000 0.000000 1500 1500 2.830123 1500 12 372501 36.597630 1.062984 0.000000
0000 000000 0.000000 0.000000 0.000000 0.000000 1500 1500 2.831248 1500 12 422600 36.836428 1.073191 0.000000
0000 000000 0.000000 0.000000 0.000000 0.000000 1500 1500 2.832358 1500 12 472701 37.075408 1.083428 0.000000
0000 000000 0.000000 0.000000 0.000000 0.000000 1500 1500 2.833453 1500 12 522770 37.314567 1.093696 0.000000
0000 000000 0.000000 0.000000 0.000000 0.000000 1500 1500 2.834533 1500 12 572872 37.553903 1.103994 0.000000
0000 000000 0.000000 0.000000 0.000000 0.000000 1500 1500 2.835599 1500 12 622971 37.793415 1.114321 0.000000
0000 000000 0.000000 0.000000 0.000000 0.000000 1500 1500 2.836652 1500 12 673066 38.033098 1.124677 0.000000
0000 000000 0.000000 0.000000 0.000000 0.000000 1500 1500 2.837690 1500 12 723162 38.272952 1.135062 0.000000
0000 000000 0.000000 0.000000 0.000000 0.000000 1500 1500 2.838715 1500 12 773263 38.512974 1.145476 0.000000
0000 000000 0.000000 0.000000 0.000000 0.000000 1500 1500 2.839726 1500 12 823360 38.753161 1.155918 0.000000
0000 000000 0.000000 0.000000 0.000000 0.000000 1500 1500 2.840725 1500 12 873453 38.993511 1.166388 0.000000
0000 000000 0.000000 0.000000 0.000000 0.000000 1500 1500 2.841710 1500 12 923549 39.234022 1.176885 0.000000
0000 000000 0.000000 0.000000 0.000000 0.000000 1500 1500 2.842684 1500 12 973643 39.474692 1.187410 0.000000
0000 000000 0.000000 0.000000 0.000000 0.000000 1500 1500 2.843644 1500 13 23740 39.715519 1.197962 0.000000
0000 000000 0.000000 0.000000 0.000000 0.000000 1500 1500 2.844593 1500 13 73840 39.956501 1.208540 0.000000
0000 000000 0.000000 0.000000 0.000000 0.000000 1500 1500 2.845530 1500 13 123940 40.197635 1.219145 0.000000
0000 000000 0.000000 0.000000 0.000000 0.000000 1500 1500 2.846455 1500 13 174040 40.438919 1.229776 0.000000
0000 000000 0.000000 0.000000 0.000000 0.000000 1500 1500 2.847369 1500 13 224141 40.680352 1.240433 0.000000
0000 000000 0.000000 0.000000 0.000000 0.000000 1500 1500 2.848272 1500 13 274240 40.921931 1.251115 0.000000
0000 000000 0.000000 0.000000 0.000000 0.000000 1500 1500 2.849163 1500 13 324340 41.163655 1.261823 0.000000
0000 000000 0.000000 0.000000 0.000000 0.000000 1500 1500 2.850044 1500 13 374440 41.405521 1.272555 0.000000
0000 000000 0.000000 0.000000 0.000000 0.000000 1500 1500 2.850913 1500 13 424540 41.647528 1.283312 0.000000
0000 000000 0.000000 0.000000 0.000000 0.000000 1500 1500 2.851773 1500 13 474640 41.889673 1.294093 0.000000
0000 000000 0.000000 0.000000 0.000000 0.000000 1500 1500 2.852622 1500 13 524723 42.131955 1.304899 0.000000
0000 000000 0.000000 0.000000 0.000000 0.000000 1500 1500 2.853461 1500 13 574787 42.374372 1.315728 0.000000
0000 000000 0.000000 0.000000 0.000000 0.000000 1500 1500 2.854290 1500 13 624888 42.616923 1.326581 0.000000
0000 000000 0.000000 0.000000 0.000000 0.000000 1500 1500 2.855109 1500 13 674964 42.859604 1.337457 0.000000
0000 000000 0.000000 0.000000 0.000000 0.000000 1500 1500 2.855919 1500 13 725063 43.102415 1.348356 0.000000
0000 000000 0.000000 0.000000 0.000000 0.000000 1500 1500 2.856719 1500 13 775151 43.345353 1.359277 0.000000
0000 000000 0.000000 0.000000 0.000000 0.000000 1500 1500 2.857509 1500 13 825236 43.588418 1.370222 0.000000
0000 000000 0.000000 0.000000 0.000000 0.000000 1500 1500 2.858291 1500 13 875305 43.831607 1.381188 0.000000
0000 000000 0.000000 0.000000 0.000000 0.000000 1500 1500 2.859064 1500 13 925405 44.074919 1.392176 0.000000
0000 000000 0.000000 0.000000 0.000000 0.000000 1500 1500 2.859827 1500 13 975504 44.318351 1.403186 0.000000
0000 000000 0.000000 0.000000 0.000000 0.000000 1500 1500 2.860582 1500 14 25604 44.561903 1.414218 0.000000
0000 000000 0.000000 0.000000 0.000000 0.000000 1500 1500 2.861329 1500 14 75705 44.805573 1.425271 0.000000
0000 000000 0.000000 0.000000 0.000000 0.000000 1500 1500 2.862067 1500 14 125806 45.049359 1.436344 0.000000
0000 000000 0.000000 0.000000 0.000000 0.000000 1500 1500 2.862797 1500 14 175905 45.293259 1.447439 0.000000
0000 000000 0.000000 0.000000 0.000000 0.000000 1500 1500 2.863518 1500 14 226006 45.537273 1.458554 0.000000
0000 000000 0.000000 0.000000 0.000000 0.000000 1500 1500 2.864232 1500 14 276082 45.781397 1.469689 0.000000
0000 000000 0.000000 0.000000 0.000000 0.000000 1500 1500 2.864937 1500 14 326181 46.025632 1.480844 0.000000
0000 000000 0.000000 0.000000 0.000000 0.000000 1500 1500 2.865635 1500 14 376280 46.269976 1.492019 0.000000
0000 000000 0.000000 0.000000 0.000000 0.000000 1500 1500 2.866326 1500 14 426309 46.514426 1.503214 0.000000
0000 000000 0.000000 0.000000 0.000000 0.000000 1500 1500 2.867008 1500 14 476411 46.758982 1.514428 0.000000
0000 000000 0.000000 0.000000 0.000000 0.000000 1500 1500 2.867683 1500 14 526519 47.003642 1.525661 0.000000
0000 000000 0.000000 0.000000 0.000000 0.000000 1500 1500 2.868351 1500 14 576620 47.248405 1.536913 0.000000
0000 000000 0.000000 0.000000 0.000000 0.000000 1500 1500 2.869012 1500 14 626684 47.493269 1.548184 0.000000
0000 000000 0.000000 0.000000 0.000000 0.000000 1500 1500 2.869666 1500 14 676786 47.738233 1.559473 0.000000
0000 000000 0.000000 0.000000 0.000000 0.000000 1500 1500 2.870313 1500 14 726854 47.983296 1.570781 0.000000
0000 000000 0.000000 0.000000 0.000000 0.000000 1500 1500 2.870953 1500 14 776940 48.228456 1.582106 0.000000
0000 000000 0.000000 0.000000 0.000000 0.000000 1500 1500 2.871586 1500 14 827039 48.473712 1.593450 0.000000
0000 000000 0.000000 0.000000 0.000000 0.000000 1500 1500 2.872212 1500 14 877139 48.719062 1.604811 0.000000
0000 000000 0.000000 0.000000 0.000000 0.000000 1500 1500 2.872832 1500 14 927239 48.964506 1.616190 0.000000
0000 000000 0.000000 0.000000 0.000000 0.000000 1500 1500 2.873446 1500 14 977338 49.210042 1.627586 0.000000
0000 000000 0.000000 0.000000 0.000000 0.000000 1500 1500 2.874053 1500 15 27418 49.455669 1.638999 0.000000
0000 000000 0.000000 0.000000 0.000000 0.000000 1500 1500 2.874654 1500 15 77517 49.701386 1.650428 0.000000
0000 000000 0.000000 0.000000 0.000000 0.000000 1500 1500 2.875249 1500 15 127616 49.947191 1.661875 0.000000
0000 000000 0.000000 0.000000 0.000000 0.000000 1500 1500 2.875837 1500 15 177680 50.193084 1.673338 0.000000
0000 000000 0.000000 0.000000 0.000000 0.000000 1500 1500 2.876420 1500 15 227779 50.439062 1.684817 0.000000
0000 000000 0.000000 0.000000 0.000000 0.000000 1500 1500 2.876997 1500 15 277843 50.685125 1.696313 0.000000
0000 000000 0.000000 0.000000 0.000000 0.000000 1500 1500 2.877568 1500 15 327942 50.931272 1.707824 0.000000
0000 000000 0.000000 0.000000 0.000000 0.000000 1500 1500 2.878133 1500 15 378018 51.177502 1.719351 0.000000
0000 000000 0.000000 0.000000 0.000000 0.000000 1500 1500 2.878692 1500 15 428117 51.423813 1.730894 0.000000
0000 000000 0.000000 0.000000 0.000000 0.000000 1500 1500 2.879246 1500 15 478193 51.670204 1.742452 0.000000
0000 000000 0.000000 0.000000 0.000000 0.000000 1500 1500 2.879795 1500 15 528292 51.916675 1.754026 0.000000
0000 000000 0.000000 0.000000 0.000000 0.000000 1500 1500 2.880338 1500 15 578392 52.163224 1.765614 0.000000
0000 000000 0.000000 0.000000 0.000000 0.000000 1500 1500 2.880876 1500 15 628497 52.409850 1.777217 0.000000
0000 000000 0.000000 0.000000 0.000000 0.000000 1500 1500 2.881408 1500 15 678597 52.656553 1.788835 0.000000
0000 000000 0.000000 0.000000 0.000000 0.000000 1500 1500 2.881936 1500 15 728681 52.903330 1.800468 0.000000
0000 000000 0.000000 0.000000 0.000000 0.000000 1500 1500 2.882458 1500 15 778759 53.150182 1.812115 0.000000
0000 000000 0.000000 0.000000 0.000000 0.000000 1500 1500 2.882975 1500 15 828891 53.397106 1.823776 0.000000
0000 000000 0.000000 0.000000 0.000000 0.000000 1500 1500 2.883487 1500 15 878975 53.644103 1.835451 0.000000
0000 000000 0.000000 0.000000 0.000000 0.000000 1500 1500 2.883995 1500 15 929030 53.891170 1.847140 0.000000
0000 000000 0.000000 0.000000 0.000000 0.000000 1500 1500 2.884497 1500 15 979128 54.138308 1.858843 0.000000
0000 000000 0.000000 0.000000 0.000000 0.000000 1500 1500 2.884995 1500 16 29227 54.385515 1.870559 0.000000
0000 000000 0.000000 0.000000 0.000000 0.000000 1500 1500 2.885488 1500 16 79327 54.632791 1.882289 0.000000
0000 000000 0.000000 0.000000 0.000000 0.000000 1500 1500 2.885976 1500 16 129392 54.880133 1.894032 0.000000
0000 000000 0.000000 0.000000 0.000000 0.000000 1500 1500 2.886460 1500 16 179495 55.127543 1.905789 0.000000
0000 000000 0.000000 0.000000 0.000000 0.000000 1500 1500 2.886939 1500 16 229572 55.375017 1.917558 0.000000
0000 000000 0.000000 0.000000 0.000000 0.000000 1500 1500 2.887414 1500 16 279676 55.622556 1.929340 0.000000
0000 000000 0.000000 0.000000 0.000000 0.000000 1500 1500 2.887885 1500 16 329775 55.870159 1.941135 0.000000
0000 000000 0.000000 0.000000 0.000000 0.000000 1500 1500 2.888351 1500 16 379891 56.117825 1.952942 0.000000
0000 000000 0.000000 0.000000 0.000000 0.000000 1500 1500 2.888813 1500 16 429990 56.365553 1.964762 0.000000
0000 000000 0.000000 0.000000 0.000000 0.000000 1500 1500 2.889271 1500 16 480097 56.613342 1.976594 0.000000
0000 000000 0.000000 0.000000 0.000000 0.000000 1500 1500 2.889724 1500 16 530195 56.861192 1.988438 0.000000
0000 000000 0.000000 0.000000 0.000000 0.000000 1500 1500 2.890173 1500 16 580260 57.109101 2.000294 0.000000
0000 000000 0.000000 0.000000 0.000000 0.000000 1500 1500 2.890619 1500 16 630359 57.357069 2.012162 0.000000
0000 000000 0.000000 0.000000 0.000000 0.000000 1500 1500 2.891060 1500 16 680420 57.605095 2.024042 0.000000
0000 000000 0.000000 0.000000 0.000000 0.000000 1500 1500 2.891498 1500 16 730500 57.853178 2.035933 0.000000
0000 000000 0.000000 0.000000 0.000000 0.000000 1500 1500 2.891931 1500 16 780599 58.101317 2.047836 0.000000
0000 000000 0.000000 0.000000 0.000000 0.000000 1500 1500 2.892361 1500 16 830701 58.349512 2.059750 0.000000
0000 000000 0.000000 0.000000 0.000000 0.000000 1500 1500 2.892787 1500 16 880786 58.597762 2.071675 0.000000
0000 000000 0.000000 0.000000 0.000000 0.000000 1500 1500 2.893209 1500 16 930885 58.846066 2.083612 0.000000
0000 000000 0.000000 0.000000 0.000000 0.000000 1500 1500 2.893627 1500 16 980986 59.094424 2.095559 0.000000
0000 000000 0.000000 0.000000 0.000000 0.000000 1500 1500 2.894042 1500 17 31086 59.342834 2.107517 0.000000
0000 000000 0.000000 0.000000 0.000000 0.000000 1500 1500 2.894453 1500 17 81160 59.591296 2.119486 0.000000
0000 000000 0.000000 0.000000 0.000000 0.000000 1500 1500 2.894861 1500 17 131239 59.839810 2.131465 0.000000
0000 000000 0.000000 0.000000 0.000000 0.000000 1500 1500 2.895265 1500 17 181357 60.088374 2.143455 0.000000
0000 000000 0.000000 0.000000 0.000000 0.000000 1500 1500 2.895666 1500 17 231426 60.336988 2.155455 0.000000
0000 000000 0.000000 0.000000 0.000000 0.000000 1500 1500 2.896063 1500 17 281506 60.585651 2.167466 0.000000
0000 000000 0.000000 0.000000 0.000000 0.000000 1500 1500 2.896457 1500 17 331590 60.834362 2.179487 0.000000
0000 000000 0.000000 0.000000 0.000000 0.000000 1500 1500 2.896847 1500 17 381691 61.083122 2.191517 0.000000
0000 000000 0.000000 0.000000 0.000000 0.000000 1500 1500 2.897234 1500 17 431768 61.331929 2.203558 0.000000
0000 000000 0.000000 0.000000 0.000000 0.000000 1500 1500 2.897618 1500 17 481866 61.580782 2.215608 0.000000
0000 000000 0.000000 0.000000 0.000000 0.000000 1500 1500 2.897999 1500 17 531965 61.829682 2.227668 0.000000
0000 000000 0.000000 0.000000 0.000000 0.000000 1500 1500 2.898377 1500 17 582067 62.078626 2.239738 0.000000
0000 000000 0.000000 0.000000 0.000000 0.000000 1500 1500 2.898751 1500 17 632167 62.327616 2.251817 0.000000
0000 000000 0.000000 0.000000 0.000000 0.000000 1500 1500 2.899122 1500 17 682266 62.576649 2.263905 0.000000
0000 000000 0.000000 0.000000 0.000000 0.000000 1500 1500 2.899490 1500 17 732345 62.825726 2.276003 0.000000
0000 000000 0.000000 0.000000 0.000000 0.000000 1500 1500 2.899856 1500 17 782443 63.074847 2.288109 0.000000
0000 000000 0.000000 0.000000 0.000000 0.000000 1500 1500 2.900218 1500 17 832539 63.324009 2.300225 0.000000
0000 000000 0.000000 0.000000 0.000000 0.000000 1500 1500 2.900577 1500 17 882635 63.573213 2.312350 0.000000
0000 000000 0.000000 0.000000 0.000000 0.000000 1500 1500 2.900933 1500 17 932736 63.822459 2.324484 0.000000
0000 000000 0.000000 0.000000 0.000000 0.000000 1500 1500 2.901287 1500 17 982835 64.071745 2.336626 0.000000
0000 000000 0.000000 0.000000 0.000000 0.000000 1500 1500 2.901637 1500 18 32935 64.321071 2.348777 0.000000
0000 000000 0.000000 0.000000 0.000000 0.000000 1500 1500 2.901985 1500 18 83036 64.570437 2.360937 0.000000
0000 000000 0.000000 0.000000 0.000000 0.000000 1500 1500 2.902330 1500 18 133136 64.819842 2.373105 0.000000
0000 000000 0.000000 0.000000 0.000000 0.000000 1500 1500 2.902672 1500 18 183240 65.069285 2.385281 0.000000
0000 000000 0.000000 0.000000 0.000000 0.000000 1500 1500 2.903012 1500 18 233343 65.318766 2.397466 0.000000
0000 000000 0.000000 0.000000 0.000000 0.000000 1500 1500 2.903348 1500 18 283441 65.568285 2.409659 0.000000
0000 000000 0.000000 0.000000 0.000000 0.000000 1500 1500 2.903683 1500 18 333503 65.817841 2.421860 0.000000
0000 000000 0.000000 0.000000 0.000000 0.000000 1500 1500 2.904014 1500 18 383586 66.067433 2.434069 0.000000
0000 000000 0.000000 0.000000 0.000000 0.000000 1500 1500 2.904343 1500 18 433662 66.317061 2.446286 0.000000
0000 000000 0.000000 0.000000 0.000000 0.000000 1500 1500 2.904669 1500 18 483760 66.566725 2.458510 0.000000
0000 000000 0.000000 0.000000 0.000000 0.000000 1500 1500 2.904993 1500 18 533859 66.816424 2.470743 0.000000
0000 000000 0.000000 0.000000 0.000000 0.000000 1500 1500 2.905314 1500 18 583961 67.066157 2.482983 0.000000
0000 000000 0.000000 0.000000 0.000000 0.000000 1500 1500 2.905633 1500 18 634074 67.315924 2.495231 0.000000
0000 000000 0.000000 0.000000 0.000000 0.000000 1500 1500 2.905949 1500 18 684151 67.565725 2.507486 0.000000
0000 000000 0.000000 0.000000 0.000000 0.000000 1500 1500 2.906263 1500 18 734239 67.815559 2.519749 0.000000
0000 000000 0.000000 0.000000 0.000000 0.000000 1500 1500 2.906575 1500 18 784327 68.065426 2.532019 0.000000
0000 000000 0.000000 0.000000 0.000000 0.000000 1500 1500 2.906884 1500 18 834412 68.315325 2.544296 0.000000
0000 000000 0.000000 0.000000 0.000000 0.000000 1500 1500 2.907191 1500 18 884500 68.565256 2.556580 0.000000
0000 000000 0.000000 0.000000 0.000000 0.000000 1500 1500 2.907495 1500 18 934589 68.815218 2.568872 0.000000
0000 000000 0.000000 0.000000 0.000000 0.000000 1500 1500 2.907797 1500 18 984671 69.065211 2.581170 0.000000
0000 000000 0.000000 0.000000 0.000000 0.000000 1500 1500 2.908097 1500 19 34735 69.315235 2.593475 0.000000
0000 000000 0.000000 0.000000 0.000000 0.000000 1500 1500 2.908395 1500 19 84807 69.565288 2.605788 0.000000
0000 000000 0.000000 0.000000 0.000000 0.000000 1500 1500 2.908690 1500 19 134892 69.815372 2.618107 0.000000
0000 000000 0.000000 0.000000 0.000000 0.000000 1500 1500 2.908984 1500 19 184984 70.065485 2.630432 0.000000
0000 000000 0.000000 0.000000 0.000000 0.000000 1500 1500 2.909275 1500 19 235069 70.315627 2.642765 0.000000
0000 000000 0.000000 0.000000 0.000000 0.000000 1500 1500 2.909564 1500 19 285168 70.565797 2.655104 0.000000
0000 000000 0.000000 0.000000 0.000000 0.000000 1500 1500 2.909850 1500 19 335246 70.815995 2.667449 0.000000
0000 000000 0.000000 0.000000 0.000000 0.000000 1500 1500 2.910135 1500 19 385344 71.066221 2.679801 0.000000
0000 000000 0.000000 0.000000 0.000000 0.000000 1500 1500 2.910418 1500 19 435443 71.316475 2.692159 0.000000
0000 000000 0.000000 0.000000 0.000000 0.000000 1500 1500 2.910698 1500 19 485508 71.566756 2.704524 0.000000
0000 000000 0.000000 0.000000 0.000000 0.000000 1500 1500 2.910977 1500 19 535608 71.817063 2.716895 0.000000
0000 000000 0.000000 0.000000 0.000000 0.000000 1500 1500 2.911253 1500 19 585706 72.067396 2.729271 0.000000
0000 000000 0.000000 0.000000 0.000000 0.000000 1500 1500 2.911528 1500 19 635806 72.317756 2.741654 0.000000
0000 000000 0.000000 0.000000 0.000000 0.000000 1500 1500 2.911800 1500 19 685905 72.568141 2.754043 0.000000
0000 000000 0.000000 0.000000 0.000000 0.000000 1500 1500 2.912071 1500 19 736004 72.818551 2.766438 0.000000
0000 000000 0.000000 0.000000 0.000000 0.000000 1500 1500 2.912340 1500 19 786044 73.068986 2.778839 0.000000
0000 000000 0.000000 0.000000 0.000000 0.000000 1500 1500 2.912606 1500 19 836131 73.319446 2.791246 0.000000
0000 000000 0.000000 0.000000 0.000000 0.000000 1500 1500 2.912871 1500 19 886216 73.569930 2.803658 0.000000
0000 000000 0.000000 0.000000 0.000000 0.000000 1500 1500 2.913134 1500 19 936292 73.820438 2.816076 0.000000
0000 000000 0.000000 0.000000 0.000000 0.000000 1500 1500 2.913395 1500 19 986391 74.070969 2.828500 0.000000
0000 000000 0.000000 0.000000 0.000000 0.000000 1500 1500 2.913655 1500 20 36469 74.321524 2.840929 0.000000
0000 000000 0.000000 0.000000 0.000000 0.000000 1500 1500 2.913912 1500 20 86571 74.572101 2.853364 0.000000
0000 000000 0.000000 0.000000 0.000000 0.000000 1500 1500 2.914168 1500 20 136673 74.822702 2.865804 0.000000
0000 000000 0.000000 0.000000 0.000000 0.000000 1500 1500 2.914422 1500 20 186775 75.073324 2.878250 0.000000
0000 000000 0.000000 0.000000 0.000000 0.000000 1500 1500 2.914674 1500 20 236853 75.323969 2.890701 0.000000
0000 000000 0.000000 0.000000 0.000000 0.000000 1500 1500 2.914924 1500 20 286931 75.574635 2.903157 0.000000
0000 000000 0.000000 0.000000 0.000000 0.000000 1500 1500 2.915173 1500 20 337032 75.825323 2.915619 0.000000
0000 000000 0.000000 0.000000 0.000000 0.000000 1500 1500 2.915420 1500 20 387108 76.076031 2.928086 0.000000
0000 000000 0.000000 0.000000 0.000000 0.000000 1500 1500 2.915665 1500 20 437193 76.326761 2.940558 0.000000
0000 000000 0.000000 0.000000 0.000000 0.000000 1500 1500 2.915909 1500 20 487293 76.577511 2.953035 0.000000
0000 000000 0.000000 0.000000 0.000000 0.000000 1500 1500 2.916151 1500 20 537391 76.828282 2.965516 0.000000
0000 000000 0.000000 0.000000 0.000000 0.000000 1500 1500 2.916391 1500 20 587483 77.079072 2.978003 0.000000
0000 000000 0.000000 0.000000 0.000000 0.000000 1500 1500 2.916630 1500 20 637582 77.329882 2.990495 0.000000
0000 000000 0.000000 0.000000 0.000000 0.000000 1500 1500 2.916867 1500 20 687682 77.580712 3.002992 0.000000
0000 000000 0.000000 0.000000 0.000000 0.000000 1500 1500 2.917102 1500 20 737782 77.831561 3.015493 0.000000
0000 000000 0.000000 0.000000 0.000000 0.000000 1500 1500 2.917336 1500 20 787869 78.082429 3.027999 0.000000
0000 000000 0.000000 0.000000 0.000000 0.000000 1500 1500 2.917569 1500 20 837940 78.333316 3.040510 0.000000
0000 000000 0.000000 0.000000 0.000000 0.000000 1500 1500 2.917800 1500 20 888016 78.584221 3.053026 0.000000
0000 000000 0.000000 0.000000 0.000000 0.000000 1500 1500 2.918029 1500 20 938119 78.835144 3.065546 0.000000
0000 000000 0.000000 0.000000 0.000000 0.000000 1500 1500 2.918257 1500 20 988219 79.086085 3.078071 0.000000
0000 000000 0.000000 0.000000 0.000000 0.000000 1500 1500 2.918483 1500 21 38324 79.337044 3.090600 0.000000
0000 000000 0.000000 0.000000 0.000000 0.000000 1500 1500 2.918708 1500 21 88425 79.588020 3.103133 0.000000
0000 000000 0.000000 0.000000 0.000000 0.000000 1500 1500 2.918931 1500 21 138525 79.839014 3.115671 0.000000
0000 000000 0.000000 0.000000 0.000000 0.000000 1500 1500 2.919153 1500 21 188626 80.090024 3.128214 0.000000
0000 000000 0.000000 0.000000 0.000000 0.000000 1500 1500 2.919374 1500 21 238702 80.341051 3.140761 0.000000
0000 000000 0.000000 0.000000 0.000000 0.000000 1500 1500 2.919593 1500 21 288805 80.592095 3.153312 0.000000
0000 000000 0.000000 0.000000 0.000000 0.000000 1500 1500 2.919810 1500 21 338882 80.843155 3.165867 0.000000
0000 000000 0.000000 0.000000 0.000000 0.000000 1500 1500 2.920026 1500 21 388982 81.094231 3.178426 0.000000
0000 000000 0.000000 0.000000 0.000000 0.000000 1500 1500 2.920241 1500 21 439082 81.345323 3.190990 0.000000
0000 000000 0.000000 0.000000 0.000000 0.000000 1500 1500 2.920455 1500 21 489157 81.596431 3.203558 0.000000
0000 000000 0.000000 0.000000 0.000000 0.000000 1500 1500 2.920667 1500 21 539256 81.847554 3.216129 0.000000
0000 000000 0.000000 0.000000 0.000000 0.000000 1500 1500 2.920877 1500 21 589356 82.098693 3.228705 0.000000
0000 000000 0.000000 0.000000 0.000000 0.000000 1500 1500 2.921087 1500 21 639449 82.349846 3.241285 0.000000
0000 000000 0.000000 0.000000 0.000000 0.000000 1500 1500 2.921295 1500 21 689530 82.601014 3.253868 0.000000
0000 000000 0.000000 0.000000 0.000000 0.000000 1500 1500 2.921502 1500 21 739616 82.852197 3.266456 0.000000
0000 000000 0.000000 0.000000 0.000000 0.000000 1500 1500 2.921707 1500 21 789704 83.103394 3.279047 0.000000
0000 000000 0.000000 0.000000 0.000000 0.000000 1500 1500 2.921911 1500 21 839783 83.354606 3.291642 0.000000
0000 000000 0.000000 0.000000 0.000000 0.000000 1500 1500 2.922114 1500 21 889880 83.605831 3.304241 0.000000
0000 000000 0.000000 0.000000 0.000000 0.000000 1500 1500 2.922316 1500 21 939978 83.857071 3.316844 0.000000
0000 000000 0.000000 0.000000 0.000000 0.000000 1500 1500 2.922516 1500 21 990077 84.108324 3.329450 0.000000
0000 000000 0.000000 0.000000 0.000000 0.000000 1500 1500 2.922715 1500 22 40177 84.359590 3.342061 0.000000
0000 000000 0.000000 0.000000 0.000000 0.000000 1500 1500 2.922913 1500 22 90251 84.610870 3.354674 0.000000
0000 000000 0.000000 0.000000 0.000000 0.000000 1500 1500 2.923110 1500 22 140352 84.862163 3.367291 0.000000
0000 000000 0.000000 0.000000 0.000000 0.000000 1500 1500 2.923306 1500 22 190451 85.113469 3.379912 0.000000
0000 000000 0.000000 0.000000 0.000000 0.000000 1500 1500 2.923500 1500 22 240553 85.364787 3.392537 0.000000
0000 000000 0.000000 0.000000 0.000000 0.000000 1500 1500 2.923693 1500 22 290630 85.616119 3.405164 0.000000
0000 000000 0.000000 0.000000 0.000000 0.000000 1500 1500 2.923885 1500 22 340731 85.867462 3.417795 0.000000
0000 000000 0.000000 0.000000 0.000000 0.000000 1500 1500 2.924076 1500 22 390806 86.118818 3.430430 0.000000
0000 000000 0.000000 0.000000 0.000000 0.000000 1500 1500 2.924265 1500 22 440910 86.370186 3.443068 0.000000
0000 000000 0.000000 0.000000 0.000000 0.000000 1500 1500 2.924454 1500 22 491008 86.621566 3.455709 0.000000
0000 000000 0.000000 0.000000 0.000000 0.000000 1500 1500 2.924641 1500 22 541112 86.872957 3.468354 0.000000
0000 000000 0.000000 0.000000 0.000000 0.000000 1500 1500 2.924827 1500 22 591211 87.124360 3.481002 0.000000
0000 000000 0.000000 0.000000 0.000000 0.000000 1500 1500 2.925012 1500 22 641310 87.375775 3.493653 0.000000
0000 000000 0.000000 0.000000 0.000000 0.000000 1500 1500 2.925196 1500 22 691409 87.627201 3.506307 0.000000
0000 000000 0.000000 0.000000 0.000000 0.000000 1500 1500 2.925379 1500 22 741486 87.878638 3.518965 0.000000
0000 000000 0.000000 0.000000 0.000000 0.000000 1500 1500 2.925561 1500 22 791589 88.130086 3.531625 0.000000
0000 000000 0.000000 0.000000 0.000000 0.000000 1500 1500 2.925742 1500 22 841679 88.381545 3.544289 0.000000
0000 000000 0.000000 0.000000 0.000000 0.000000 1500 1500 2.925922 1500 22 891778 88.633014 3.556956 0.000000
0000 000000 0.000000 0.000000 0.000000 0.000000 1500 1500 2.926100 1500 22 941854 88.884494 3.569626 0.000000
0000 000000 0.000000 0.000000 0.000000 0.000000 1500 1500 2.926278 1500 22 991953 89.135984 3.582299 0.000000
0000 000000 0.000000 0.000000 0.000000 0.000000 1500 1500 2.926454 1500 23 42034 89.387485 3.594974 0.000000
0000 000000 0.000000 0.000000 0.000000 0.000000 1500 1500 2.926630 1500 23 92111 89.638996 3.607653 0.000000
0000 000000 0.000000 0.000000 0.000000 0.000000 1500 1500 2.926804 1500 23 142193 89.890517 3.620335 0.000000
0000 000000 0.000000 0.000000 0.000000 0.000000 1500 1500 2.926978 1500 23 192292 90.142047 3.633020 0.000000
0000 000000 0.000000 0.000000 0.000000 0.000000 1500 1500 2.927150 1500 23 242369 90.393587 3.645707 0.000000
0000 000000 0.000000 0.000000 0.000000 0.000000 1500 1500 2.927322 1500 23 292465 90.645137 3.658397 0.000000
0000 000000 0.000000 0.000000 0.000000 0.000000 1500 1500 2.927492 1500 23 342565 90.896697 3.671090 0.000000
0000 000000 0.000000 0.000000 0.000000 0.000000 1500 1500 2.927662 1500 23 392629 91.148265 3.683786 0.000000
0000 000000 0.000000 0.000000 0.000000 0.000000 1500 1500 2.927830 1500 23 442729 91.399843 3.696485 0.000000
0000 000000 0.000000 0.000000 0.000000 0.000000 1500 1500 2.927998 1500 23 492794 91.651430 3.709186 0.000000
0000 000000 0.000000 0.000000 0.000000 0.000000 1500 1500 2.928165 1500 23 542881 91.903026 3.721890 0.000000
0000 000000 0.000000 0.000000 0.000000 0.000000 1500 1500 2.928330 1500 23 592962 92.154630 3.734597 0.000000
0000 000000 0.000000 0.000000 0.000000 0.000000 1500 1500 2.928495 1500 23 643040 92.406244 3.747307 0.000000
0000 000000 0.000000 0.000000 0.000000 0.000000 1500 1500 2.928659 1500 23 693125 92.657866 3.760019 0.000000
0000 000000 0.000000 0.000000 0.000000 0.000000 1500 1500 2.928822 1500 23 743212 92.909496 3.772733 0.000000
0000 000000 0.000000 0.000000 0.000000 0.000000 1500 1500 2.928984 1500 23 793303 93.161135 3.785450 0.000000
0000 000000 0.000000 0.000000 0.000000 0.000000 1500 1500 2.929145 1500 23 843404 93.412782 3.798170 0.000000
0000 000000 0.000000 0.000000 0.000000 0.000000 1500 1500 2.929305 1500 23 893500 93.664437 3.810892 0.000000
0000 000000 0.000000 0.000000 0.000000 0.000000 1500 1500 2.929465 1500 23 943589 93.916100 3.823617 0.000000
0000 000000 0.000000 0.000000 0.000000 0.000000 1500 1500 2.929623 1500 23 993682 94.167771 3.836344 0.000000
0000 000000 0.000000 0.000000 0.000000 0.000000 1500 1500 2.929781 1500 24 43772 94.419450 3.849074 0.000000
0000 000000 0.000000 0.000000 0.000000 0.000000 1500 1500 2.929937 1500 24 93866 94.671136 3.861806 0.000000
0000 000000 0.000000 0.000000 0.000000 0.000000 1500 1500 2.930093 1500 24 143953 94.922830 3.874541 0.000000
0000 000000 0.000000 0.000000 0.000000 0.000000 1500 1500 2.930248 1500 24 194047 95.174532 3.887278 0.000000
0000 000000 0.000000 0.000000 0.000000 0.000000 1500 1500 2.930402 1500 24 244138 95.426241 3.900017 0.000000
0000 000000 0.000000 0.000000 0.000000 0.000000 1500 1500 2.930555 1500 24 294237 95.677957 3.912758 0.000000
0000 000000 0.000000 0.000000 0.000000 0.000000 1500 1500 2.930708 1500 24 344331 95.929681 3.925502 0.000000
0000 000000 0.000000 0.000000 0.000000 0.000000 1500 1500 2.930859 1500 24 394431 96.181411 3.938248 0.000000
0000 000000 0.000000 0.000000 0.000000 0.000000 1500 1500 2.931010 1500 24 444495 96.433149 3.950997 0.000000
0000 000000 0.000000 0.000000 0.000000 0.000000 1500 1500 2.931160 1500 24 494594 96.684893 3.963748 0.000000
0000 000000 0.000000 0.000000 0.000000 0.000000 1500 1500 2.931309 1500 24 544671 96.936644 3.976500 0.000000
0000 000000 0.000000 0.000000 0.000000 0.000000 1500 1500 2.931458 1500 24 594771 97.188402 3.989256 0.000000
0000 000000 0.000000 0.000000 0.000000 0.000000 1500 1500 2.931605 1500 24 644845 97.440167 4.002013 0.000000
0000 000000 0.000000 0.000000 0.000000 0.000000 1500 1500 2.931752 1500 24 694944 97.691938 4.014772 0.000000
0000 000000 0.000000 0.000000 0.000000 0.000000 1500 1500 2.931898 1500 24 745027 97.943716 4.027534 0.000000
0000 000000 0.000000 0.000000 0.000000 0.000000 1500 1500 2.932043 1500 24 795127 98.195499 4.040298 0.000000
0000 000000 0.000000 0.000000 0.000000 0.000000 1500 1500 2.932188 1500 24 845231 98.447290 4.053063 0.000000
0000 000000 0.000000 0.000000 0.000000 0.000000 1500 1500 2.932332 1500 24 895296 98.699086 4.065831 0.000000
0000 000000 0.000000 0.000000 0.000000 0.000000 1500 1500 2.932475 1500 24 945396 98.950888 4.078601 0.000000
0000 000000 0.000000 0.000000 0.000000 0.000000 1500 1500 2.932617 1500 24 995473 99.202697 4.091373 0.000000
0000 000000 0.000000 0.000000 0.000000 0.000000 1500 1500 2.932758 1500 25 45573 99.454511 4.104147 0.000000
0000 000000 0.000000 0.000000 0.000000 0.000000 1500 1500 2.932899 1500 25 95663 99.706331 4.116923 0.000000
0000 000000 0.000000 0.000000 0.000000 0.000000 1500 1500 2.933039 1500 25 145762 99.958157 4.129701 0.000000
0000 000000 0.000000 0.000000 0.000000 0.000000 1500 1500 2.933178 1500 25 195844 100.209989 4.142481 0.000000
0000 000000 0.000000 0.000000 0.000000 0.000000 1500 1500 2.933317 1500 25 245943 100.461826 4.155263 0.000000
0000 000000 0.000000 0.000000 0.000000 0.000000 1500 1500 2.933454 1500 25 296008 100.713669 4.168047 0.000000
0000 000000 0.000000 0.000000 0.000000 0.000000 1500 1500 2.933591 1500 25 346072 100.965518 4.180833 0.000000
0000 000000 0.000000 0.000000 0.000000 0.000000 1500 1500 2.933728 1500 25 396138 101.217371 4.193620 0.000000
0000 000000 0.000000 0.000000 0.000000 0.000000 1500 1500 2.933864 1500 25 446238 101.469230 4.206410 0.000000
0000 000000 0.000000 0.000000 0.000000 0.000000 1500 1500 2.933998 1500 25 496352 101.721095 4.219201 0.000000
0000 000000 0.000000 0.000000 0.000000 0.000000 1500 1500 2.934133 1500 25 546452 101.972964 4.231994 0.000000
0000 000000 0.000000 0.000000 0.000000 0.000000 1500 1500 2.934266 1500 25 596553 102.224839 4.244790 0.000000
0000 000000 0.000000 0.000000 0.000000 0.000000 1500 1500 2.934399 1500 25 646655 102.476718 4.257586 0.000000
0000 000000 0.000000 0.000000 0.000000 0.000000 1500 1500 2.934532 1500 25 696745 102.728603 4.270385 0.000000
0000 000000 0.000000 0.000000 0.000000 0.000000 1500 1500 2.934663 1500 25 746846 102.980492 4.283186 0.000000
0000 000000 0.000000 0.000000 0.000000 0.000000 1500 1500 2.934794 1500 25 796923 103.232387 4.295988 0.000000
0000 000000 0.000000 0.000000 0.000000 0.000000 1500 1500 2.934924 1500 25 847022 103.484286 4.308792 0.000000
0000 000000 0.000000 0.000000 0.000000 0.000000 1500 1500 2.935054 1500 25 897099 103.736190 4.321597 0.000000
0000 000000 0.000000 0.000000 0.000000 0.000000 1500 1500 2.935183 1500 25 947198 103.988098 4.334405 0.000000
0000 000000 0.000000 0.000000 0.000000 0.000000 1500 1500 2.935311 1500 25 997275 104.240011 4.347214 0.000000
0000 000000 0.000000 0.000000 0.000000 0.000000 1500 1500 2.935439 1500 26 47379 104.491928 4.360025 0.000000
0000 000000 0.000000 0.000000 0.000000 0.000000 1500 1500 2.935566 1500 26 97482 104.743850 4.372837 0.000000
0000 000000 0.000000 0.000000 0.000000 0.000000 1500 1500 2.935692 1500 26 147565 104.995777 4.385651 0.000000
0000 000000 0.000000 0.000000 0.000000 0.000000 1500 1500 2.935818 1500 26 197652 105.247707 4.398467 0.000000
0000 000000 0.000000 0.000000 0.000000 0.000000 1500 1500 2.935943 1500 26 247726 105.499642 4.411284 0.000000
0000 000000 0.000000 0.000000 0.000000 0.000000 1500 1500 2.936068 1500 26 297811 105.751582 4.424103 0.000000
0000 000000 0.000000 0.000000 0.000000 0.000000 1500 1500 2.936192 1500 26 347910 106.003525 4.436924 0.000000
0000 000000 0.000000 0.000000 0.000000 0.000000 1500 1500 2.936315 1500 26 397986 106.255472 4.449746 0.000000
0000 000000 0.000000 0.000000 0.000000 0.000000 1500 1500 2.936438 1500 26 448085 106.507424 4.462569 0.000000
0000 000000 0.000000 0.000000 0.000000 0.000000 1500 1500 2.936560 1500 26 498160 106.759379 4.475395 0.000000
0000 000000 0.000000 0.000000 0.000000 0.000000 1500 1500 2.936681 1500 26 548260 107.011339 4.488221 0.000000
0000 000000 0.000000 0.000000 0.000000 0.000000 1500 1500 2.936802 1500 26 598359 107.263302 4.501050 0.000000
0000 000000 0.000000 0.000000 0.000000 0.000000 1500 1500 2.936923 1500 26 648459 107.515269 4.513880 0.000000
0000 000000 0.000000 0.000000 0.000000 0.000000 1500 1500 2.937042 1500 26 698559 107.767240 4.526711 0.000000
0000 000000 0.000000 0.000000 0.000000 0.000000 1500 1500 2.937161 1500 26 748640 108.019214 4.539544 0.000000
0000 000000 0.000000 0.000000 0.000000 0.000000 1500 1500 2.937280 1500 26 798739 108.271193 4.552378 0.000000
0000 000000 0.000000 0.000000 0.000000 0.000000 1500 1500 2.937398 1500 26 848805 108.523175 4.565214 0.000000
0000 000000 0.000000 0.000000 0.000000 0.000000 1500 1500 2.937516 1500 26 898904 108.775160 4.578051 0.000000
0000 000000 0.000000 0.000000 0.000000 0.000000 1500 1500 2.937632 1500 26 949003 109.027149 4.590889 0.000000
0000 000000 0.000000 0.000000 0.000000 0.000000 1500 1500 2.937749 1500 26 999103 109.279141 4.603730 0.000000
0000 000000 0.000000 0.000000 0.000000 0.000000 1500 1500 2.937865 1500 27 49181 109.531137 4.616571 0.000000
0000 000000 0.000000 0.000000 0.000000 0.000000 1500 1500 2.937980 1500 27 99279 109.783137 4.629414 0.000000
0000 000000 0.000000 0.000000 0.000000 0.000000 1500 1500 2.938095 1500 27 149378 110.035139 4.642258 0.000000
0000 000000 0.000000 0.000000 0.000000 0.000000 1500 1500 2.938209 1500 27 199444 110.287145 4.655104 0.000000
0000 000000 0.000000 0.000000 0.000000 0.000000 1500 1500 2.938322 1500 27 249543 110.539154 4.667951 0.000000
0000 000000 0.000000 0.000000 0.000000 0.000000 1500 1500 2.938435 1500 27 299602 110.791167 4.680799 0.000000
0000 000000 0.000000 0.000000 0.000000 0.000000 1500 1500 2.938548 1500 27 349701 111.043182 4.693649 0.000000
0000 000000 0.000000 0.000000 0.000000 0.000000 1500 1500 2.938660 1500 27 399799 111.295201 4.706500 0.000000
0000 000000 0.000000 0.000000 0.000000 0.000000 1500 1500 2.938771 1500 27 449899 111.547223 4.719352 0.000000
0000 000000 0.000000 0.000000 0.000000 0.000000 1500 1500 2.938882 1500 27 499998 111.799247 4.732205 0.000000
0000 000000 0.000000 0.000000 0.000000 0.000000 1500 1500 2.938993 1500 27 550098 112.051275 4.745060 0.000000
0000 000000 0.000000 0.000000 0.000000 0.000000 1500 1500 2.939103 1500 27 600194 112.303306 4.757917 0.000000
0000 000000 0.000000 0.000000 0.000000 0.000000 1500 1500 2.939212 1500 27 650294 112.555340 4.770774 0.000000
0000 000000 0.000000 0.000000 0.000000 0.000000 1500 1500 2.939321 1500 27 700361 112.807376 4.783633 0.000000
0000 000000 0.000000 0.000000 0.000000 0.000000 1500 1500 2.939430 1500 27 750459 113.059415 4.796493 0.000000
0000 000000 0.000000 0.000000 0.000000 0.000000 1500 1500 2.939538 1500 27 800537 113.311457 4.809354 0.000000
0000 000000 0.000000 0.000000 0.000000 0.000000 1500 1500 2.939645 1500 27 850639 113.563502 4.822216 0.000000
0000 000000 0.000000 0.000000 0.000000 0.000000 1500 1500 2.939752 1500 27 900740 113.815550 4.835080 0.000000
0000 000000 0.000000 0.000000 0.000000 0.000000 1500 1500 2.939858 1500 27 950839 114.067600 4.847945 0.000000
0000 000000 0.000000 0.000000 0.000000 0.000000 1500 1500 2.939964 1500 28 940 114.319653 4.860811 0.000000
0000 000000 0.000000 0.000000 0.000000 0.000000 1500 1500 2.940070 1500 28 51017 114.571709 4.873678 0.000000
0000 000000 0.000000 0.000000 0.000000 0.000000 1500 1500 2.940175 1500 28 101120 114.823767 4.886547 0.000000
0000 000000 0.000000 0.000000 0.000000 0.000000 1500 1500 2.940279 1500 28 151223 115.075827 4.899416 0.000000
0000 000000 0.000000 0.000000 0.000000 0.000000 1500 1500 2.940384 1500 28 201322 115.327890 4.912287 0.000000
0000 000000 0.000000 0.000000 0.000000 0.000000 1500 1500 2.940487 1500 28 251422 115.579956 4.925159 0.000000
0000 000000 0.000000 0.000000 0.000000 0.000000 1500 1500 2.940590 1500 28 301525 115.832024 4.938032 0.000000
0000 000000 0.000000 0.000000 0.000000 0.000000 1500 1500 2.940693 1500 28 351626 116.084094 4.950906 0.000000
0000 000000 0.000000 0.000000 0.000000 0.000000 1500 1500 2.940795 1500 28 401702 116.336167 4.963782 0.000000
0000 000000 0.000000 0.000000 0.000000 0.000000 1500 1500 2.940897 1500 28 451787 116.588242 4.976658 0.000000
0000 000000 0.000000 0.000000 0.000000 0.000000 1500 1500 2.940998 1500 28 501884 116.840320 4.989535 0.000000
0000 000000 0.000000 0.000000 0.000000 0.000000 1500 1500 2.941099 1500 28 551983 117.092400 5.002414 0.000000
0000 000000 0.000000 0.000000 0.000000 0.000000 1500 1500 2.941200 1500 28 602082 117.344482 5.015294 0.000000
0000 000000 0.000000 0.000000 0.000000 0.000000 1500 1500 2.941299 1500 28 652187 117.596566 5.028175 0.000000
0000 000000 0.000000 0.000000 0.000000 0.000000 1500 1500 2.941399 1500 28 702251 117.848652 5.041057 0.000000
0000 000000 0.000000 0.000000 0.000000 0.000000 1500 1500 2.941498 1500 28 752357 118.100741 5.053939 0.000000
0000 000000 0.000000 0.000000 0.000000 0.000000 1500 1500 2.941597 1500 28 802462 118.352831 5.066823 0.000000
0000 000000 0.000000 0.000000 0.000000 0.000000 1500 1500 2.941695 1500 28 852562 118.604924 5.079709 0.000000
0000 000000 0.000000 0.000000 0.000000 0.000000 1500 1500 2.941793 1500 28 902639 118.857019 5.092595 0.000000
0000 000000 0.000000 0.000000 0.000000 0.000000 1500 1500 2.941890 1500 28 952740 119.109115 5.105482 0.000000
0000 000000 0.000000 0.000000 0.000000 0.000000 1500 1500 2.941987 1500 29 2837 119.361214 5.118370 0.000000
0000 000000 0.000000 0.000000 0.000000 0.000000 1500 1500 2.942083 1500 29 52937 119.613315 5.131259 0.000000
0000 000000 0.000000 0.000000 0.000000 0.000000 1500 1500 2.942180 1500 29 103040 119.865418 5.144149 0.000000
0000 000000 0.000000 0.000000 0.000000 0.000000 1500 1500 2.942275 1500 29 153140 120.117523 5.157040 0.000000
0000 000000 0.000000 0.000000 0.000000 0.000000 1500 1500 2.942371 1500 29 203239 120.369629 5.169932 0.000000
0000 000000 0.000000 0.000000 0.000000 0.000000 1500 1500 2.942465 1500 29 253324 120.621738 5.182826 0.000000
0000 000000 0.000000 0.000000 0.000000 0.000000 1500 1500 2.942560 1500 29 303408 120.873848 5.195720 0.000000
0000 000000 0.000000 0.000000 0.000000 0.000000 1500 1500 2.942654 1500 29 353509 121.125960 5.208615 0.000000
0000 000000 0.000000 0.000000 0.000000 0.000000 1500 1500 2.942747 1500 29 403610 121.378074 5.221511 0.000000
0000 000000 0.000000 0.000000 0.000000 0.000000 1500 1500 2.942841 1500 29 453710 121.630190 5.234408 0.000000
0000 000000 0.000000 0.000000 0.000000 0.000000 1500 1500 2.942934 1500 29 503775 121.882307 5.247306 0.000000
0000 000000 0.000000 0.000000 0.000000 0.000000 1500 1500 2.943026 1500 29 553876 122.134426 5.260204 0.000000
0000 000000 0.000000 0.000000 0.000000 0.000000 1500 1500 2.943118 1500 29 603953 122.386547 5.273104 0.000000
0000 000000 0.000000 0.000000 0.000000 0.000000 1500 1500 2.943210 1500 29 654053 122.638670 5.286005 0.000000
0000 000000 0.000000 0.000000 0.000000 0.000000 1500 1500 2.943301 1500 29 704152 122.890794 5.298907 0.000000
0000 000000 0.000000 0.000000 0.000000 0.000000 1500 1500 2.943392 1500 29 754251 123.142920 5.311809 0.000000
0000 000000 0.000000 0.000000 0.000000 0.000000 1500 1500 2.943482 1500 29 804357 123.395047 5.324713 0.000000
0000 000000 0.000000 0.000000 0.000000 0.000000 1500 1500 2.943572 1500 29 854456 123.647176 5.337617 0.000000
0000 000000 0.000000 0.000000 0.000000 0.000000 1500 1500 2.943662 1500 29 904543 123.899307 5.350522 0.000000
0000 000000 0.000000 0.000000 0.000000 0.000000 1500 1500 2.943752 1500 29 954611 124.151439 5.363428 0.000000
0000 000000 0.000000 0.000000 0.000000 0.000000 1500 1500 2.943841 1500 30 4684 124.403573 5.376335 0.000000
0000 000000 0.000000 0.000000 0.000000 0.000000 1500 1500 2.943929 1500 30 54765 124.655708 5.389243 0.000000
0000 000000 0.000000 0.000000 0.000000 0.000000 1500 1500 2.944017 1500 30 104858 124.907845 5.402152 0.000000
0000 000000 0.000000 0.000000 0.000000 0.000000 1500 1500 2.944105 1500 30 154934 125.159983 5.415061 0.000000
0000 000000 0.000000 0.000000 0.000000 0.000000 1500 1500 2.944193 1500 30 205033 125.412123 5.427972 0.000000
0000 000000 0.000000 0.000000 0.000000 0.000000 1500 1500 2.944280 1500 30 255132 125.664264 5.440883 0.000000
0000 000000 0.000000 0.000000 0.000000 0.000000 1500 1500 2.944367 1500 30 305235 125.916406 5.453795 0.000000
0000 000000 0.000000 0.000000 0.000000 0.000000 1500 1500 2.944453 1500 30 355322 126.168550 5.466708 0.000000
0000 000000 0.000000 0.000000 0.000000 0.000000 1500 1500 2.944539 1500 30 405408 126.420695 5.479622 0.000000
0000 000000 0.000000 0.000000 0.000000 0.000000 1500 1500 2.944625 1500 30 455512 126.672842 5.492536 0.000000
0000 000000 0.000000 0.000000 0.000000 0.000000 1500 1500 2.944710 1500 30 505576 126.924989 5.505452 0.000000
0000 000000 0.000000 0.000000 0.000000 0.000000 1500 1500 2.944795 1500 30 555677 127.177139 5.518368 0.000000
0000 000000 0.000000 0.000000 0.000000 0.000000 1500 1500 2.944880 1500 30 605797 127.429289 5.531285 0.000000
0000 000000 0.000000 0.000000 0.000000 0.000000 1500 1500 2.944964 1500 30 655898 127.681441 5.544203 0.000000
0000 000000 0.000000 0.000000 0.000000 0.000000 1500 1500 2.945048 1500 30 705979 127.933594 5.557121 0.000000
0000 000000 0.000000 0.000000 0.000000 0.000000 1500 1500 2.945132 1500 30 756066 128.185748 5.570041 0.000000
0000 000000 0.000000 0.000000 0.000000 0.000000 1500 1500 2.945215 1500 30 806168 128.437903 5.582961 0.000000
0000 000000 0.000000 0.000000 0.000000 0.000000 1500 1500 2.945298 1500 30 856245 128.690060 5.595882 0.000000
0000 000000 0.000000 0.000000 0.000000 0.000000 1500 1500 2.945381 1500 30 906345 128.942218 5.608803 0.000000
0000 000000 0.000000 0.000000 0.000000 0.000000 1500 1500 2.945463 1500 30 956439 129.194377 5.621726 0.000000
0000 000000 0.000000 0.000000 0.000000 0.000000 1500 1500 2.945545 1500 31 6539 129.446537 5.634649 0.000000
0000 000000 0.000000 0.000000 0.000000 0.000000 1500 1500 2.945627 1500 31 56642 129.698698 5.647573 0.000000
0000 000000 0.000000 0.000000 0.000000 0.000000 1500 1500 2.945708 1500 31 106719 129.950861 5.660498 0.000000
0000 000000 0.000000 0.000000 0.000000 0.000000 1500 1500 2.945789 1500 31 156819 130.203024 5.673423 0.000000
0000 000000 0.000000 0.000000 0.000000 0.000000 1500 1500 2.945870 1500 31 206918 130.455189 5.686349 0.000000
0000 000000 0.000000 0.000000 0.000000 0.000000 1500 1500 2.945950 1500 31 257019 130.707355 5.699276 0.000000
0000 000000 0.000000 0.000000 0.000000 0.000000 1500 1500 2.946030 1500 31 307096 130.959521 5.712204 0.000000
0000 000000 0.000000 0.000000 0.000000 0.000000 1500 1500 2.946110 1500 31 357197 131.211689 5.725132 0.000000
0000 000000 0.000000 0.000000 0.000000 0.000000 1500 1500 2.946189 1500 31 407273 131.463858 5.738061 0.000000
0000 000000 0.000000 0.000000 0.000000 0.000000 1500 1500 2.946269 1500 31 457353 131.716028 5.750991 0.000000
0000 000000 0.000000 0.000000 0.000000 0.000000 1500 1500 2.946347 1500 31 507436 131.968199 5.763922 0.000000
0000 000000 0.000000 0.000000 0.000000 0.000000 1500 1500 2.946426 1500 31 557526 132.220371 5.776853 0.000000
0000 000000 0.000000 0.000000 0.000000 0.000000 1500 1500 2.946504 1500 31 607613 132.472544 5.789785 0.000000
0000 000000 0.000000 0.000000 0.000000 0.000000 1500 1500 2.946582 1500 31 657701 132.724718 5.802717 0.000000
0000 000000 0.000000 0.000000 0.000000 0.000000 1500 1500 2.946659 1500 31 707783 132.976892 5.815650 0.000000
0000 000000 0.000000 0.000000 0.000000 0.000000 1500 1500 2.946737 1500 31 757847 133.229068 5.828584 0.000000
0000 000000 0.000000 0.000000 0.000000 0.000000 1500 1500 2.946814 1500 31 807952 133.481245 5.841519 0.000000
0000 000000 0.000000 0.000000 0.000000 0.000000 1500 1500 2.946890 1500 31 858031 133.733422 5.854454 0.000000
0000 000000 0.000000 0.000000 0.000000 0.000000 1500 1500 2.946967 1500 31 908132 133.985601 5.867390 0.000000
0000 000000 0.000000 0.000000 0.000000 0.000000 1500 1500 2.947043 1500 31 958232 134.237780 5.880327 0.000000
0000 000000 0.000000 0.000000 0.000000 0.000000 1500 1500 2.947118 1500 32 8334 134.489960 5.893264 0.000000
0000 000000 0.000000 0.000000 0.000000 0.000000 1500 1500 2.947194 1500 32 58439 134.742142 5.906202 0.000000
0000 000000 0.000000 0.000000 0.000000 0.000000 1500 1500 2.947269 1500 32 108539 134.994323 5.919141 0.000000
0000 000000 0.000000 0.000000 0.000000 0.000000 1500 1500 2.947344 1500 32 158640 135.246506 5.932080 0.000000
0000 000000 0.000000 0.000000 0.000000 0.000000 1500 1500 2.947419 1500 32 208742 135.498690 5.945020 0.000000
0000 000000 0.000000 0.000000 0.000000 0.000000 1500 1500 2.947493 1500 32 258844 135.750874 5.957960 0.000000
0000 000000 0.000000 0.000000 0.000000 0.000000 1500 1500 2.947567 1500 32 308945 136.003060 5.970902 0.000000
0000 000000 0.000000 0.000000 0.000000 0.000000 1500 1500 2.947641 1500 32 359045 136.255246 5.983843 0.000000
