0000 000000 0.000000 0.000000 0.000000 0.000000 1500 1500 0.000000 950 0 500297 0.000000 0.000000 0.000000
0000 000000 0.000000 0.000000 0.000000 0.000000 1500 1500 0.000000 950 0 550388 0.000000 0.000000 0.000000
0000 000000 0.000000 0.000000 0.000000 0.000000 1500 1500 0.000000 950 0 600475 0.000000 0.000000 0.000000
0000 000000 0.000000 0.000000 0.000000 0.000000 1500 1500 0.000000 950 0 650572 0.000000 0.000000 0.000000
0000 000000 0.000000 0.000000 0.000000 0.000000 1500 1500 0.000000 950 0 700672 0.000000 0.000000 0.000000
0000 000000 0.000000 0.000000 0.000000 0.000000 1500 1500 0.000000 950 0 750768 0.000000 0.000000 0.000000
0000 000000 0.000000 0.000000 0.000000 0.000000 1500 1500 0.000000 950 0 800863 0.000000 0.000000 0.000000
0000 000000 0.000000 0.000000 0.000000 0.000000 1500 1500 0.000000 950 0 850959 0.000000 0.000000 0.000000
0000 000000 0.000000 0.000000 0.000000 0.000000 1500 1500 0.000000 950 0 901056 0.000000 0.000000 0.000000
0000 000000 0.000000 0.000000 0.000000 0.000000 1500 1500 0.000000 950 0 951152 0.000000 0.000000 0.000000
0000 000000 0.000000 0.000000 0.000000 0.000000 1500 1500 0.000000 950 1 1248 0.000000 0.000000 0.000000
0000 000000 0.000000 0.000000 0.000000 0.000000 1500 1500 0.000000 950 1 51344 0.000000 0.000000 0.000000
0000 000000 0.000000 0.000000 0.000000 0.000000 1500 1500 0.000000 950 1 101442 0.000000 0.000000 0.000000
0000 000000 0.000000 0.000000 0.000000 0.000000 1500 1500 0.000000 950 1 151540 0.000000 0.000000 0.000000
0000 000000 0.000000 0.000000 0.000000 0.000000 1500 1500 0.000000 950 1 201637 0.000000 0.000000 0.000000
0000 000000 0.000000 0.000000 0.000000 0.000000 1500 1500 0.000000 950 1 251734 0.000000 0.000000 0.000000
0000 000000 0.000000 0.000000 0.000000 0.000000 1500 1500 0.000000 950 1 301830 0.000000 0.000000 0.000000
0000 000000 0.000000 0.000000 0.000000 0.000000 1500 1500 0.000000 950 1 351927 0.000000 0.000000 0.000000
0000 000000 0.000000 0.000000 0.000000 0.000000 1500 1500 0.000000 950 1 402026 0.000000 0.000000 0.000000
0000 000000 0.000000 0.000000 0.000000 0.000000 1500 1500 0.000000 950 1 452122 0.000000 0.000000 0.000000
0000 000000 0.000000 0.000000 0.000000 0.000000 1500 1500 0.000000 950 1 502220 0.000000 0.000000 0.000000
0000 000000 0.000000 0.000000 0.000000 0.000000 1500 1500 0.000000 950 1 552316 0.000000 0.000000 0.000000
0000 000000 0.000000 0.000000 0.000000 0.000000 1500 1500 0.000000 950 1 602412 0.000000 0.000000 0.000000
0000 000000 0.000000 0.000000 0.000000 0.000000 1500 1500 0.000000 950 1 652901 0.000000 0.000000 0.000000
0000 000000 0.000000 0.000000 0.000000 0.000000 1500 1500 0.000000 950 1 703001 0.000000 0.000000 0.000000
0000 000000 0.000000 0.000000 0.000000 0.000000 1500 1500 0.000000 950 1 753097 0.000000 0.000000 0.000000
0000 000000 0.000000 0.000000 0.000000 0.000000 1500 1500 0.000000 950 1 803192 0.000000 0.000000 0.000000
0000 000000 0.000000 0.000000 0.000000 0.000000 1500 1500 0.000000 950 1 853257 0.000000 0.000000 0.000000
0000 000000 0.000000 0.000000 0.000000 0.000000 1500 1500 0.000000 950 1 903353 0.000000 0.000000 0.000000
0000 000000 0.000000 0.000000 0.000000 0.000000 1500 1500 0.000000 950 1 953455 0.000000 0.000000 0.000000
0000 000000 0.000000 0.000000 0.000000 0.000000 1500 1500 0.000000 950 2 3554 0.000000 0.000000 0.000000
0000 000000 0.000000 0.000000 0.000000 0.000000 1500 1500 0.000000 950 2 53650 0.000000 0.000000 0.000000
0000 000000 0.000000 0.000000 0.000000 0.000000 1500 1500 0.100684 1500 2 103750 0.003413 0.000000 0.000000
0000 000000 0.000000 0.000000 0.000000 0.000000 1500 1500 0.101877 1500 2 153843 0.010189 0.000172 0.000000
0000 000000 0.000000 0.000000 0.000000 0.000000 1500 1500 0.103498 1500 2 203941 0.020277 0.000601 0.000000
0000 000000 0.000000 0.000000 0.000000 0.000000 1500 1500 0.105514 1500 2 254040 0.033628 0.001330 0.000000
0000 000000 0.000000 0.000000 0.000000 0.000000 1500 1500 0.107920 1500 2 304139 0.050195 0.002382 0.000000
0000 000000 0.000000 0.000000 0.000000 0.000000 1500 1500 0.110725 1500 2 354239 0.069934 0.003770 0.000000
0000 000000 0.000000 0.000000 0.000000 0.000000 1500 1500 0.113950 1500 2 404338 0.092800 0.005504 0.000000
0000 000000 0.000000 0.000000 0.000000 0.000000 1500 1500 0.117621 1500 2 454438 0.118749 0.007589 0.000000
0000 000000 0.000000 0.000000 0.000000 0.000000 1500 1500 0.121770 1500 2 504536 0.147739 0.010035 0.000000
0000 000000 0.000000 0.000000 0.000000 0.000000 1500 1500 0.126434 1500 2 554638 0.179726 0.012849 0.000000
0000 000000 0.000000 0.000000 0.000000 0.000000 1500 1500 0.131651 1500 2 604737 0.214669 0.016041 0.000000
0000 000000 0.000000 0.000000 0.000000 0.000000 1500 1500 0.137464 1500 2 654836 0.252526 0.019622 0.000000
0000 000000 0.000000 0.000000 0.000000 0.000000 1500 1500 0.143919 1500 2 704936 0.293254 0.023604 0.000000
0000 000000 0.000000 0.000000 0.000000 0.000000 1500 1500 0.151061 1500 2 755018 0.336813 0.028002 0.000000
0000 000000 0.000000 0.000000 0.000000 0.000000 1500 1500 0.158940 1500 2 805118 0.383161 0.032832 0.000000
0000 000000 0.000000 0.000000 0.000000 0.000000 1500 1500 0.167604 1500 2 855192 0.432256 0.038114 0.000000
0000 000000 0.000000 0.000000 0.000000 0.000000 1500 1500 0.177106 1500 2 905292 0.484058 0.043866 0.000000
0000 000000 0.000000 0.000000 0.000000 0.000000 1500 1500 0.187494 1500 2 955392 0.538525 0.050113 0.000000
0000 000000 0.000000 0.000000 0.000000 0.000000 1500 1500 0.198820 1500 3 5492 0.595615 0.056879 0.000000
0000 000000 0.000000 0.000000 0.000000 0.000000 1500 1500 0.211134 1500 3 55575 0.655286 0.064193 0.000000
0000 000000 0.000000 0.000000 0.000000 0.000000 1500 1500 0.224485 1500 3 105675 0.717497 0.072086 0.000000
0000 000000 0.000000 0.000000 0.000000 0.000000 1500 1500 0.238921 1500 3 155777 0.782203 0.080591 0.000000
0000 000000 0.000000 0.000000 0.000000 0.000000 1500 1500 0.254487 1500 3 205876 0.849362 0.089744 0.000000
0000 000000 0.000000 0.000000 0.000000 0.000000 1500 1500 0.271226 1500 3 255978 0.918928 0.099584 0.000000
0000 000000 0.000000 0.000000 0.000000 0.000000 1500 1500 0.289180 1500 3 306079 0.990857 0.110155 0.000000
0000 000000 0.000000 0.000000 0.000000 0.000000 1500 1500 0.308386 1500 3 356179 1.065101 0.121501 0.000000
0000 000000 0.000000 0.000000 0.000000 0.000000 1500 1500 0.328876 1500 3 406246 1.141612 0.133671 0.000000
0000 000000 0.000000 0.000000 0.000000 0.000000 1500 1500 0.350680 1500 3 456346 1.220341 0.146716 0.000000
0000 000000 0.000000 0.000000 0.000000 0.000000 1500 1500 0.373823 1500 3 506445 1.301234 0.160692 0.000000
0000 000000 0.000000 0.000000 0.000000 0.000000 1500 1500 0.398324 1500 3 556543 1.384238 0.175656 0.000000
0000 000000 0.000000 0.000000 0.000000 0.000000 1500 1500 0.424196 1500 3 606642 1.469296 0.191668 0.000000
0000 000000 0.000000 0.000000 0.000000 0.000000 1500 1500 0.451446 1500 3 656719 1.556349 0.208792 0.000000
0000 000000 0.000000 0.000000 0.000000 0.000000 1500 1500 0.480074 1500 3 706821 1.645334 0.227094 0.000000
0000 000000 0.000000 0.000000 0.000000 0.000000 1500 1500 0.510073 1500 3 756922 1.736186 0.246642 0.000000
0000 000000 0.000000 0.000000 0.000000 0.000000 1500 1500 0.541428 1500 3 806986 1.828835 0.267506 0.000000
0000 000000 0.000000 0.000000 0.000000 0.000000 1500 1500 0.574116 1500 3 857085 1.923209 0.289758 0.000000
0000 000000 0.000000 0.000000 0.000000 0.000000 1500 1500 0.608106 1500 3 907185 2.019231 0.313473 0.000000
0000 000000 0.000000 0.000000 0.000000 0.000000 1500 1500 0.643356 1500 3 957284 2.116818 0.338725 0.000000
0000 000000 0.000000 0.000000 0.000000 0.000000 1500 1500 0.679817 1500 4 7383 2.215885 0.365589 0.000000
0000 000000 0.000000 0.000000 0.000000 0.000000 1500 1500 0.717432 1500 4 57481 2.316342 0.394141 0.000000
0000 000000 0.000000 0.000000 0.000000 0.000000 1500 1500 0.756133 1500 4 107581 2.418093 0.424457 0.000000
0000 000000 0.000000 0.000000 0.000000 0.000000 1500 1500 0.795846 1500 4 157681 2.521039 0.456609 0.000000
0000 000000 0.000000 0.000000 0.000000 0.000000 1500 1500 0.836486 1500 4 207782 2.625074 0.490672 0.000000
0000 000000 0.000000 0.000000 0.000000 0.000000 1500 1500 0.877965 1500 4 257860 2.730088 0.526715 0.000000
0000 000000 0.000000 0.000000 0.000000 0.000000 1500 1500 0.920186 1500 4 307961 2.835969 0.564807 0.000000
0000 000000 0.000000 0.000000 0.000000 0.000000 1500 1500 0.963048 1500 4 358062 2.942596 0.605012 0.000000
0000 000000 0.000000 0.000000 0.000000 0.000000 1500 1500 1.006448 1500 4 408163 3.049848 0.647392 0.000000
0000 000000 0.000000 0.000000 0.000000 0.000000 1500 1500 1.050277 1500 4 458241 3.157598 0.692002 0.000000
0000 000000 0.000000 0.000000 0.000000 0.000000 1500 1500 1.094429 1500 4 508347 3.265715 0.738894 0.000000
0000 000000 0.000000 0.000000 0.000000 0.000000 1500 1500 1.138798 1500 4 558422 3.374068 0.788114 0.000000
0000 000000 0.000000 0.000000 0.000000 0.000000 1500 1500 1.183277 1500 4 608451 3.482521 0.839703 0.000000
0000 000000 0.000000 0.000000 0.000000 0.000000 1500 1500 1.227767 1500 4 658543 3.590937 0.893695 0.000000
0000 000000 0.000000 0.000000 0.000000 0.000000 1500 1500 1.272170 1500 4 708644 3.699177 0.950117 0.000000
0000 000000 0.000000 0.000000 0.000000 0.000000 1500 1500 1.316395 1500 4 758745 3.807102 1.008991 0.000000
0000 000000 0.000000 0.000000 0.000000 0.000000 1500 1500 1.360357 1500 4 808844 3.914573 1.070332 0.000000
0000 000000 0.000000 0.000000 0.000000 0.000000 1500 1500 1.403980 1500 4 858937 4.021452 1.134147 0.000000
0000 000000 0.000000 0.000000 0.000000 0.000000 1500 1500 1.447193 1500 4 909024 4.127600 1.200438 0.000000
0000 000000 0.000000 0.000000 0.000000 0.000000 1500 1500 1.489934 1500 4 959085 4.232882 1.269198 0.000000
0000 000000 0.000000 0.000000 0.000000 0.000000 1500 1500 1.532149 1500 5 9152 4.337163 1.340416 0.000000
0000 000000 0.000000 0.000000 0.000000 0.000000 1500 1500 1.573792 1500 5 59209 4.440312 1.414074 0.000000
0000 000000 0.000000 0.000000 0.000000 0.000000 1500 1500 1.614822 1500 5 109235 4.542200 1.490146 0.000000
0000 000000 0.000000 0.000000 0.000000 0.000000 1500 1500 1.655208 1500 5 159334 4.642704 1.568604 0.000000
0000 000000 0.000000 0.000000 0.000000 0.000000 1500 1500 1.694925 1500 5 209433 4.741701 1.649412 0.000000
0000 000000 0.000000 0.000000 0.000000 0.000000 1500 1500 1.733954 1500 5 259533 4.839075 1.732529 0.000000
0000 000000 0.000000 0.000000 0.000000 0.000000 1500 1500 1.772280 1500 5 309632 4.934713 1.817910 0.000000
0000 000000 0.000000 0.000000 0.000000 0.000000 1500 1500 1.809895 1500 5 359733 5.028506 1.905506 0.000000
0000 000000 0.000000 0.000000 0.000000 0.000000 1500 1500 1.846795 1500 5 409811 5.120351 1.995262 0.000000
0000 000000 0.000000 0.000000 0.000000 0.000000 1500 1500 1.882980 1500 5 459912 5.210149 2.087123 0.000000
0000 000000 0.000000 0.000000 0.000000 0.000000 1500 1500 1.918453 1500 5 509989 5.297805 2.181026 0.000000
0000 000000 0.000000 0.000000 0.000000 0.000000 1500 1500 1.544174 1500 5 560090 5.383231 2.276910 0.000000
0000 000000 0.000000 0.000000 0.000000 0.000000 1500 1500 1.561322 1500 5 610189 5.467018 2.374876 0.000000
0000 000000 0.000000 0.000000 0.000000 0.000000 1500 1500 1.579605 1500 5 660294 5.549447 2.474925 0.000000
0000 000000 0.000000 0.000000 0.000000 0.000000 1500 1500 1.599215 1500 5 710393 5.630632 2.577032 0.000000
0000 000000 0.000000 0.000000 0.000000 0.000000 1500 1500 1.620358 1500 5 760492 5.710608 2.681171 0.000000
0000 000000 0.000000 0.000000 0.000000 0.000000 1500 1500 1.643272 1500 5 810589 5.789362 2.787312 0.000000
0000 000000 0.000000 0.000000 0.000000 0.000000 1500 1500 1.668233 1500 5 860665 5.866858 2.895427 0.000000
0000 000000 0.000000 0.000000 0.000000 0.000000 1500 1500 1.695572 1500 5 910771 5.943044 3.005485 0.000000
0000 000000 0.000000 0.000000 0.000000 0.000000 1500 1500 1.725680 1500 5 960869 6.017856 3.117450 0.000000
0000 000000 0.000000 0.000000 0.000000 0.000000 1500 1500 1.759032 1500 6 10944 6.091222 3.231288 0.000000
0000 000000 0.000000 0.000000 0.000000 0.000000 1500 1500 1.796201 1500 6 61042 6.163058 3.346958 0.000000
0000 000000 0.000000 0.000000 0.000000 0.000000 1500 1500 1.837878 1500 6 111117 6.233274 3.464416 0.000000
0000 000000 0.000000 0.000000 0.000000 0.000000 1500 1500 1.884902 1500 6 161216 6.301765 3.583611 0.000000
0000 000000 0.000000 0.000000 0.000000 0.000000 1500 1500 1.938275 1500 6 211293 6.368413 3.704482 0.000000
0000 000000 0.000000 0.000000 0.000000 0.000000 1500 1500 1.999189 1500 6 261393 6.433089 3.826961 0.000000
0000 000000 0.000000 0.000000 0.000000 0.000000 1500 1500 2.069013 1500 6 311491 6.495644 3.950962 0.000000
0000 000000 0.000000 0.000000 0.000000 0.000000 1500 1500 2.096216 1500 6 361591 6.555912 4.076380 0.000000
0000 000000 0.000000 0.000000 0.000000 0.000000 1500 1500 2.107455 1500 6 411690 6.613786 4.203130 0.000000
0000 000000 0.000000 0.000000 0.000000 0.000000 1500 1500 2.117728 1500 6 461775 6.669216 4.331149 0.000000
0000 000000 0.000000 0.000000 0.000000 0.000000 1500 1500 2.127072 1500 6 511875 6.722178 4.460386 0.000000
0000 000000 0.000000 0.000000 0.000000 0.000000 1500 1500 2.135526 1500 6 561977 6.772664 4.590801 0.000000
0000 000000 0.000000 0.000000 0.000000 0.000000 1500 1500 2.143126 1500 6 612079 6.820673 4.722357 0.000000
0000 000000 0.000000 0.000000 0.000000 0.000000 1500 1500 2.149905 1500 6 662144 6.866212 4.855022 0.000000
0000 000000 0.000000 0.000000 0.000000 0.000000 1500 1500 2.155895 1500 6 712244 6.909292 4.988766 0.000000
0000 000000 0.000000 0.000000 0.000000 0.000000 1500 1500 2.161124 1500 6 762321 6.949924 5.123561 0.000000
0000 000000 0.000000 0.000000 0.000000 0.000000 1500 1500 2.165619 1500 6 812420 6.988124 5.259382 0.000000
0000 000000 0.000000 0.000000 0.000000 0.000000 1500 1500 2.169402 1500 6 862496 7.023911 5.396204 0.000000
0000 000000 0.000000 0.000000 0.000000 0.000000 1500 1500 2.172493 1500 6 912596 7.057304 5.534006 0.000000
0000 000000 0.000000 0.000000 0.000000 0.000000 1500 1500 2.174912 1500 6 962694 7.088324 5.672767 0.000000
0000 000000 0.000000 0.000000 0.000000 0.000000 1500 1500 2.176673 1500 7 12793 7.116995 5.812469 0.000000
0000 000000 0.000000 0.000000 0.000000 0.000000 1500 1500 2.177792 1500 7 62891 7.143341 5.953092 0.000000
0000 000000 0.000000 0.000000 0.000000 0.000000 1500 1500 2.178278 1500 7 112989 7.167390 6.094622 0.000000
0000 000000 0.000000 0.000000 0.000000 0.000000 1500 1500 2.178142 1500 7 163091 7.189168 6.237045 0.000000
0000 000000 0.000000 0.000000 0.000000 0.000000 1500 1500 2.177391 1500 7 213191 7.208706 6.380346 0.000000
0000 000000 0.000000 0.000000 0.000000 0.000000 1500 1500 2.176032 1500 7 263291 7.226034 6.524516 0.000000
0000 000000 0.000000 0.000000 0.000000 0.000000 1500 1500 2.174067 1500 7 313392 7.241183 6.669542 0.000000
0000 000000 0.000000 0.000000 0.000000 0.000000 1500 1500 2.171500 1500 7 363492 7.254187 6.815417 0.000000
0000 000000 0.000000 0.000000 0.000000 0.000000 1500 1500 2.168331 1500 7 413592 7.265081 6.962132 0.000000
0000 000000 0.000000 0.000000 0.000000 0.000000 1500 1500 2.164560 1500 7 463685 7.273900 7.109681 0.000000
0000 000000 0.000000 0.000000 0.000000 0.000000 1500 1500 2.160183 1500 7 513785 7.280682 7.258060 0.000000
0000 000000 0.000000 0.000000 0.000000 0.000000 1500 1500 2.155197 1500 7 563886 7.285463 7.407264 0.000000
0000 000000 0.000000 0.000000 0.000000 0.000000 1500 1500 2.149596 1500 7 613988 7.288285 7.557289 0.000000
0000 000000 0.000000 0.000000 0.000000 0.000000 1500 1500 2.143375 1500 7 664087 7.289187 7.708136 0.000000
0000 000000 0.000000 0.000000 0.000000 0.000000 1500 1500 2.136526 1500 7 714189 7.288212 7.859802 0.000000
0000 000000 0.000000 0.000000 0.000000 0.000000 1500 1500 2.129039 1500 7 764290 7.285402 8.012289 0.000000
0000 000000 0.000000 0.000000 0.000000 0.000000 1500 1500 2.120905 1500 7 814366 7.280803 8.165598 0.000000
0000 000000 0.000000 0.000000 0.000000 0.000000 1500 1500 2.112112 1500 7 864467 7.274459 8.319731 0.000000
0000 000000 0.000000 0.000000 0.000000 0.000000 1500 1500 2.102650 1500 7 914566 7.266419 8.474692 0.000000
0000 000000 0.000000 0.000000 0.000000 0.000000 1500 1500 2.092504 1500 7 964667 7.256731 8.630486 0.000000
0000 000000 0.000000 0.000000 0.000000 0.000000 1500 1500 2.081663 1500 8 14743 7.245444 8.787117 0.000000
0000 000000 0.000000 0.000000 0.000000 0.000000 1500 1500 2.070112 1500 8 64843 7.232612 8.944591 0.000000
0000 000000 0.000000 0.000000 0.000000 0.000000 1500 1500 2.057837 1500 8 114907 7.218285 9.102917 0.000000
0000 000000 0.000000 0.000000 0.000000 0.000000 1500 1500 2.044825 1500 8 165007 7.202521 9.262100 0.000000
0000 000000 0.000000 0.000000 0.000000 0.000000 1500 1500 2.031063 1500 8 215084 7.185374 9.422150 0.000000
0000 000000 0.000000 0.000000 0.000000 0.000000 1500 1500 2.016536 1500 8 265182 7.166902 9.583075 0.000000
0000 000000 0.000000 0.000000 0.000000 0.000000 1500 1500 2.001233 1500 8 315259 7.147167 9.744884 0.000000
0000 000000 0.000000 0.000000 0.000000 0.000000 1500 1500 1.985143 1500 8 365361 7.126229 9.907588 0.000000
0000 000000 0.000000 0.000000 0.000000 0.000000 1500 1500 1.968257 1500 8 415459 7.104153 10.071196 0.000000
0000 000000 0.000000 0.000000 0.000000 0.000000 1500 1500 1.950566 1500 8 465561 7.081003 10.235718 0.000000
0000 000000 0.000000 0.000000 0.000000 0.000000 1500 1500 1.932067 1500 8 515662 7.056847 10.401166 0.000000
0000 000000 0.000000 0.000000 0.000000 0.000000 1500 1500 1.912757 1500 8 565738 7.031755 10.567549 0.000000
0000 000000 0.000000 0.000000 0.000000 0.000000 1500 1500 1.892640 1500 8 615839 7.005798 10.734877 0.000000
0000 000000 0.000000 0.000000 0.000000 0.000000 1500 1500 1.871721 1500 8 665916 6.979049 10.903160 0.000000
0000 000000 0.000000 0.000000 0.000000 0.000000 1500 1500 1.850011 1500 8 716021 6.951586 11.072409 0.000000
0000 000000 0.000000 0.000000 0.000000 0.000000 1500 1500 1.827527 1500 8 766121 6.923484 11.242630 0.000000
0000 000000 0.000000 0.000000 0.000000 0.000000 1500 1500 1.804290 1500 8 816222 6.894824 11.413833 0.000000
0000 000000 0.000000 0.000000 0.000000 0.000000 1500 1500 1.780331 1500 8 866321 6.865687 11.586025 0.000000
0000 000000 0.000000 0.000000 0.000000 0.000000 1500 1500 1.755684 1500 8 916421 6.836156 11.759211 0.000000
0000 000000 0.000000 0.000000 0.000000 0.000000 1500 1500 1.730392 1500 8 966522 6.806317 11.933396 0.000000
0000 000000 0.000000 0.000000 0.000000 0.000000 1500 1500 1.704504 1500 9 16599 6.776256 12.108582 0.000000
0000 000000 0.000000 0.000000 0.000000 0.000000 1500 1500 1.678077 1500 9 66701 6.746061 12.284771 0.000000
0000 000000 0.000000 0.000000 0.000000 0.000000 1500 1500 1.651176 1500 9 116801 6.715822 12.461962 0.000000
0000 000000 0.000000 0.000000 0.000000 0.000000 1500 1500 1.623869 1500 9 166901 6.685627 12.640153 0.000000
0000 000000 0.000000 0.000000 0.000000 0.000000 1500 1500 1.596233 1500 9 216993 6.655567 12.819338 0.000000
0000 000000 0.000000 0.000000 0.000000 0.000000 1500 1500 1.568351 1500 9 267089 6.625734 12.999510 0.000000
0000 000000 0.000000 0.000000 0.000000 0.000000 1500 1500 1.540307 1500 9 317182 6.596219 13.180659 0.000000
0000 000000 0.000000 0.000000 0.000000 0.000000 1500 1500 1.512189 1500 9 367278 6.567111 13.362773 0.000000
0000 000000 0.000000 0.000000 0.000000 0.000000 1500 1500 1.484089 1500 9 417371 6.538502 13.545839 0.000000
0000 000000 0.000000 0.000000 0.000000 0.000000 1500 1500 1.456098 1500 9 467471 6.510479 13.729837 0.000000
0000 000000 0.000000 0.000000 0.000000 0.000000 1500 1500 1.428304 1500 9 517548 6.483131 13.914750 0.000000
0000 000000 0.000000 0.000000 0.000000 0.000000 1500 1500 1.400797 1500 9 567654 6.456542 14.100554 0.000000
0000 000000 0.000000 0.000000 0.000000 0.000000 1500 1500 1.373662 1500 9 617755 6.430797 14.287227 0.000000
0000 000000 0.000000 0.000000 0.000000 0.000000 1500 1500 1.346977 1500 9 667855 6.405976 14.474741 0.000000
0000 000000 0.000000 0.000000 0.000000 0.000000 1500 1500 1.320818 1500 9 717961 6.382157 14.663068 0.000000
0000 000000 0.000000 0.000000 0.000000 0.000000 1500 1500 1.295253 1500 9 768062 6.359417 14.852179 0.000000
0000 000000 0.000000 0.000000 0.000000 0.000000 1500 1500 1.270345 1500 9 818164 6.337827 15.042042 0.000000
0000 000000 0.000000 0.000000 0.000000 0.000000 1500 1500 1.246147 1500 9 868265 6.317455 15.232624 0.000000
0000 000000 0.000000 0.000000 0.000000 0.000000 1500 1500 1.222707 1500 9 918365 6.298367 15.423892 0.000000
0000 000000 0.000000 0.000000 0.000000 0.000000 1500 1500 1.200065 1500 9 968466 6.280622 15.615811 0.000000
0000 000000 0.000000 0.000000 0.000000 0.000000 1500 1500 1.178254 1500 10 18565 6.264280 15.808345 0.000000
0000 000000 0.000000 0.000000 0.000000 0.000000 1500 1500 1.157301 1500 10 68665 6.249392 16.001460 0.000000
0000 000000 0.000000 0.000000 0.000000 0.000000 1500 1500 1.137225 1500 10 118764 6.236009 16.195121 0.000000
0000 000000 0.000000 0.000000 0.000000 0.000000 1500 1500 1.118040 1500 10 168839 6.224176 16.389290 0.000000
0000 000000 0.000000 0.000000 0.000000 0.000000 1500 1500 1.099755 1500 10 218938 6.213933 16.583935 0.000000
0000 000000 0.000000 0.000000 0.000000 0.000000 1500 1500 1.082373 1500 10 269015 6.205319 16.779020 0.000000
0000 000000 0.000000 0.000000 0.000000 0.000000 1500 1500 1.065896 1500 10 319115 6.198368 16.974511 0.000000
0000 000000 0.000000 0.000000 0.000000 0.000000 1500 1500 1.050318 1500 10 369218 6.193110 17.170376 0.000000
0000 000000 0.000000 0.000000 0.000000 0.000000 1500 1500 1.035633 1500 10 419317 6.189571 17.366584 0.000000
0000 000000 0.000000 0.000000 0.000000 0.000000 1500 1500 1.021831 1500 10 469416 6.187775 17.563102 0.000000
0000 000000 0.000000 0.000000 0.000000 0.000000 1500 1500 1.008902 1500 10 519520 6.187741 17.759903 0.000000
0000 000000 0.000000 0.000000 0.000000 0.000000 1500 1500 0.996832 1500 10 569620 6.189486 17.956957 0.000000
0000 000000 0.000000 0.000000 0.000000 0.000000 1500 1500 0.985607 1500 10 619720 6.193024 18.154238 0.000000
0000 000000 0.000000 0.000000 0.000000 0.000000 1500 1500 0.975212 1500 10 669820 6.198364 18.351722 0.000000
0000 000000 0.000000 0.000000 0.000000 0.000000 1500 1500 0.965633 1500 10 719920 6.205516 18.549383 0.000000
0000 000000 0.000000 0.000000 0.000000 0.000000 1500 1500 0.956852 1500 10 770020 6.214483 18.747200 0.000000
0000 000000 0.000000 0.000000 0.000000 0.000000 1500 1500 0.948854 1500 10 820120 6.225268 18.945153 0.000000
0000 000000 0.000000 0.000000 0.000000 0.000000 1500 1500 0.941624 1500 10 870221 6.237872 19.143223 0.000000
0000 000000 0.000000 0.000000 0.000000 0.000000 1500 1500 0.935147 1500 10 920321 6.252292 19.341391 0.000000
0000 000000 0.000000 0.000000 0.000000 0.000000 1500 1500 0.929408 1500 10 970421 6.268523 19.539643 0.000000
0000 000000 0.000000 0.000000 0.000000 0.000000 1500 1500 0.924392 1500 11 20521 6.286559 19.737963 0.000000
0000 000000 0.000000 0.000000 0.000000 0.000000 1500 1500 0.920086 1500 11 70620 6.306392 19.936340 0.000000
0000 000000 0.000000 0.000000 0.000000 0.000000 1500 1500 0.916477 1500 11 120720 6.328011 20.134763 0.000000
0000 000000 0.000000 0.000000 0.000000 0.000000 1500 1500 0.913553 1500 11 170819 6.351403 20.333221 0.000000
0000 000000 0.000000 0.000000 0.000000 0.000000 1500 1500 0.911304 1500 11 220919 6.376555 20.531707 0.000000
0000 000000 0.000000 0.000000 0.000000 0.000000 1500 1500 0.909717 1500 11 271019 6.403450 20.730214 0.000000
0000 000000 0.000000 0.000000 0.000000 0.000000 1500 1500 0.908783 1500 11 321092 6.432071 20.928738 0.000000
0000 000000 0.000000 0.000000 0.000000 0.000000 1500 1500 0.908495 1500 11 371166 6.462399 21.127274 0.000000
0000 000000 0.000000 0.000000 0.000000 0.000000 1500 1500 0.908842 1500 11 421230 6.494414 21.325822 0.000000
0000 000000 0.000000 0.000000 0.000000 0.000000 1500 1500 0.909818 1500 11 471332 6.528093 21.524379 0.000000
0000 000000 0.000000 0.000000 0.000000 0.000000 1500 1500 0.911416 1500 11 521432 6.563413 21.722946 0.000000
0000 000000 0.000000 0.000000 0.000000 0.000000 1500 1500 0.913629 1500 11 571472 6.600350 21.921526 0.000000
0000 000000 0.000000 0.000000 0.000000 0.000000 1500 1500 0.916453 1500 11 621571 6.638877 22.120121 0.000000
0000 000000 0.000000 0.000000 0.000000 0.000000 1500 1500 0.919881 1500 11 671635 6.678967 22.318737 0.000000
0000 000000 0.000000 0.000000 0.000000 0.000000 1500 1500 0.923909 1500 11 721734 6.720591 22.517377 0.000000
0000 000000 0.000000 0.000000 0.000000 0.000000 1500 1500 0.928533 1500 11 771834 6.763718 22.716050 0.000000
0000 000000 0.000000 0.000000 0.000000 0.000000 1500 1500 0.933748 1500 11 821932 6.808319 22.914763 0.000000
0000 000000 0.000000 0.000000 0.000000 0.000000 1500 1500 0.939550 1500 11 872032 6.854359 23.113526 0.000000
0000 000000 0.000000 0.000000 0.000000 0.000000 1500 1500 0.945937 1500 11 922131 6.901806 23.312347 0.000000
0000 000000 0.000000 0.000000 0.000000 0.000000 1500 1500 0.952903 1500 11 972232 6.950625 23.511238 0.000000
0000 000000 0.000000 0.000000 0.000000 0.000000 1500 1500 0.960445 1500 12 22331 7.000779 23.710210 0.000000
0000 000000 0.000000 0.000000 0.000000 0.000000 1500 1500 0.968558 1500 12 72430 7.052231 23.909277 0.000000
0000 000000 0.000000 0.000000 0.000000 0.000000 1500 1500 0.977238 1500 12 122506 7.104942 24.108452 0.000000
0000 000000 0.000000 0.000000 0.000000 0.000000 1500 1500 0.986480 1500 12 172609 7.158873 24.307750 0.000000
0000 000000 0.000000 0.000000 0.000000 0.000000 1500 1500 0.996277 1500 12 222708 7.213983 24.507184 0.000000
0000 000000 0.000000 0.000000 0.000000 0.000000 1500 1500 1.006623 1500 12 272808 7.270229 24.706772 0.000000
0000 000000 0.000000 0.000000 0.000000 0.000000 1500 1500 1.017511 1500 12 322906 7.327568 24.906529 0.000000
0000 000000 0.000000 0.000000 0.000000 0.000000 1500 1500 1.028931 1500 12 372988 7.385956 25.106471 0.000000
0000 000000 0.000000 0.000000 0.000000 0.000000 1500 1500 1.040873 1500 12 423087 7.445347 25.306617 0.000000
0000 000000 0.000000 0.000000 0.000000 0.000000 1500 1500 1.053327 1500 12 473187 7.505694 25.506983 0.000000
0000 000000 0.000000 0.000000 0.000000 0.000000 1500 1500 1.066279 1500 12 523290 7.566950 25.707587 0.000000
0000 000000 0.000000 0.000000 0.000000 0.000000 1500 1500 1.079716 1500 12 573390 7.629064 25.908448 0.000000
0000 000000 0.000000 0.000000 0.000000 0.000000 1500 1500 1.093619 1500 12 623489 7.691988 26.109583 0.000000
0000 000000 0.000000 0.000000 0.000000 0.000000 1500 1500 1.107973 1500 12 673587 7.755670 26.311011 0.000000
0000 000000 0.000000 0.000000 0.000000 0.000000 1500 1500 1.122756 1500 12 723701 7.820057 26.512750 0.000000
0000 000000 0.000000 0.000000 0.000000 0.000000 1500 1500 1.137946 1500 12 773801 7.885096 26.714817 0.000000
0000 000000 0.000000 0.000000 0.000000 0.000000 1500 1500 1.153520 1500 12 823871 7.950734 26.917230 0.000000
0000 000000 0.000000 0.000000 0.000000 0.000000 1500 1500 1.169451 1500 12 873944 8.016915 27.120007 0.000000
0000 000000 0.000000 0.000000 0.000000 0.000000 1500 1500 1.185711 1500 12 924025 8.083585 27.323165 0.000000
0000 000000 0.000000 0.000000 0.000000 0.000000 1500 1500 1.202270 1500 12 974098 8.150685 27.526720 0.000000
0000 000000 0.000000 0.000000 0.000000 0.000000 1500 1500 1.219095 1500 13 24178 8.218160 27.730688 0.000000
0000 000000 0.000000 0.000000 0.000000 0.000000 1500 1500 1.236154 1500 13 74255 8.285951 27.935084 0.000000
0000 000000 0.000000 0.000000 0.000000 0.000000 1500 1500 1.253409 1500 13 124353 8.354002 28.139922 0.000000
0000 000000 0.000000 0.000000 0.000000 0.000000 1500 1500 1.270825 1500 13 174441 8.422253 28.345217 0.000000
0000 000000 0.000000 0.000000 0.000000 0.000000 1500 1500 1.288364 1500 13 224525 8.490646 28.550980 0.000000
0000 000000 0.000000 0.000000 0.000000 0.000000 1500 1500 1.305985 1500 13 274613 8.559124 28.757223 0.000000
0000 000000 0.000000 0.000000 0.000000 0.000000 1500 1500 1.323650 1500 13 324713 8.627626 28.963958 0.000000
0000 000000 0.000000 0.000000 0.000000 0.000000 1500 1500 1.341318 1500 13 374794 8.696097 29.171193 0.000000
0000 000000 0.000000 0.000000 0.000000 0.000000 1500 1500 1.358948 1500 13 424894 8.764476 29.378937 0.000000
0000 000000 0.000000 0.000000 0.000000 0.000000 1500 1500 1.376501 1500 13 474995 8.832708 29.587198 0.000000
0000 000000 0.000000 0.000000 0.000000 0.000000 1500 1500 1.393937 1500 13 525095 8.900736 29.795981 0.000000
0000 000000 0.000000 0.000000 0.000000 0.000000 1500 1500 1.411217 1500 13 575194 8.968504 30.005292 0.000000
0000 000000 0.000000 0.000000 0.000000 0.000000 1500 1500 1.428302 1500 13 625294 9.035957 30.215134 0.000000
0000 000000 0.000000 0.000000 0.000000 0.000000 1500 1500 1.445157 1500 13 675394 9.103041 30.425510 0.000000
0000 000000 0.000000 0.000000 0.000000 0.000000 1500 1500 1.461746 1500 13 725493 9.169704 30.636422 0.000000
0000 000000 0.000000 0.000000 0.000000 0.000000 1500 1500 1.478036 1500 13 775570 9.235895 30.847870 0.000000
0000 000000 0.000000 0.000000 0.000000 0.000000 1500 1500 1.493995 1500 13 825668 9.301563 31.059853 0.000000
0000 000000 0.000000 0.000000 0.000000 0.000000 1500 1500 1.509594 1500 13 875769 9.366662 31.272370 0.000000
0000 000000 0.000000 0.000000 0.000000 0.000000 1500 1500 1.524806 1500 13 925841 9.431143 31.485418 0.000000
0000 000000 0.000000 0.000000 0.000000 0.000000 1500 1500 1.539605 1500 13 975942 9.494964 31.698995 0.000000
0000 000000 0.000000 0.000000 0.000000 0.000000 1500 1500 1.553969 1500 14 26042 9.558080 31.913094 0.000000
0000 000000 0.000000 0.000000 0.000000 0.000000 1500 1500 1.567877 1500 14 76142 9.620451 32.127712 0.000000
0000 000000 0.000000 0.000000 0.000000 0.000000 1500 1500 1.581310 1500 14 126243 9.682038 32.342842 0.000000
0000 000000 0.000000 0.000000 0.000000 0.000000 1500 1500 1.594253 1500 14 176344 9.742804 32.558478 0.000000
0000 000000 0.000000 0.000000 0.000000 0.000000 1500 1500 1.606691 1500 14 226443 9.802715 32.774613 0.000000
0000 000000 0.000000 0.000000 0.000000 0.000000 1500 1500 1.618612 1500 14 276543 9.861738 32.991240 0.000000
0000 000000 0.000000 0.000000 0.000000 0.000000 1500 1500 1.630006 1500 14 326644 9.919842 33.208351 0.000000
0000 000000 0.000000 0.000000 0.000000 0.000000 1500 1500 1.640864 1500 14 376744 9.977000 33.425937 0.000000
0000 000000 0.000000 0.000000 0.000000 0.000000 1500 1500 1.651181 1500 14 426843 10.033185 33.643990 0.000000
0000 000000 0.000000 0.000000 0.000000 0.000000 1500 1500 1.660950 1500 14 476944 10.088374 33.862501 0.000000
0000 000000 0.000000 0.000000 0.000000 0.000000 1500 1500 1.670168 1500 14 527045 10.142545 34.081462 0.000000
0000 000000 0.000000 0.000000 0.000000 0.000000 1500 1500 1.678833 1500 14 577146 10.195679 34.300863 0.000000
0000 000000 0.000000 0.000000 0.000000 0.000000 1500 1500 1.686943 1500 14 627246 10.247757 34.520696 0.000000
0000 000000 0.000000 0.000000 0.000000 0.000000 1500 1500 1.694498 1500 14 677346 10.298766 34.740952 0.000000
0000 000000 0.000000 0.000000 0.000000 0.000000 1500 1500 1.701498 1500 14 727444 10.348692 34.961622 0.000000
0000 000000 0.000000 0.000000 0.000000 0.000000 1500 1500 1.707946 1500 14 777545 10.397523 35.182698 0.000000
0000 000000 0.000000 0.000000 0.000000 0.000000 1500 1500 1.713843 1500 14 827647 10.445252 35.404170 0.000000
0000 000000 0.000000 0.000000 0.000000 0.000000 1500 1500 1.719192 1500 14 877748 10.491872 35.626030 0.000000
0000 000000 0.000000 0.000000 0.000000 0.000000 1500 1500 1.723997 1500 14 927851 10.537376 35.848271 0.000000
0000 000000 0.000000 0.000000 0.000000 0.000000 1500 1500 1.728262 1500 14 977951 10.581763 36.070885 0.000000
0000 000000 0.000000 0.000000 0.000000 0.000000 1500 1500 1.731990 1500 15 28023 10.625031 36.293864 0.000000
0000 000000 0.000000 0.000000 0.000000 0.000000 1500 1500 1.735186 1500 15 78122 10.667180 36.517202 0.000000
0000 000000 0.000000 0.000000 0.000000 0.000000 1500 1500 1.737856 1500 15 128194 10.708214 36.740890 0.000000
0000 000000 0.000000 0.000000 0.000000 0.000000 1500 1500 1.740004 1500 15 178295 10.748137 36.964923 0.000000
0000 000000 0.000000 0.000000 0.000000 0.000000 1500 1500 1.741635 1500 15 228361 10.786955 37.189295 0.000000
0000 000000 0.000000 0.000000 0.000000 0.000000 1500 1500 1.742755 1500 15 278460 10.824675 37.413999 0.000000
0000 000000 0.000000 0.000000 0.000000 0.000000 1500 1500 1.743370 1500 15 328559 10.861306 37.639031 0.000000
0000 000000 0.000000 0.000000 0.000000 0.000000 1500 1500 1.743486 1500 15 378658 10.896861 37.864384 0.000000
0000 000000 0.000000 0.000000 0.000000 0.000000 1500 1500 1.743108 1500 15 428761 10.931350 38.090056 0.000000
0000 000000 0.000000 0.000000 0.000000 0.000000 1500 1500 1.742243 1500 15 478853 10.964789 38.316040 0.000000
0000 000000 0.000000 0.000000 0.000000 0.000000 1500 1500 1.740897 1500 15 528953 10.997192 38.542334 0.000000
0000 000000 0.000000 0.000000 0.000000 0.000000 1500 1500 1.739076 1500 15 579052 11.028576 38.768933 0.000000
0000 000000 0.000000 0.000000 0.000000 0.000000 1500 1500 1.736787 1500 15 629152 11.058961 38.995834 0.000000
0000 000000 0.000000 0.000000 0.000000 0.000000 1500 1500 1.734037 1500 15 679228 11.088364 39.223034 0.000000
0000 000000 0.000000 0.000000 0.000000 0.000000 1500 1500 1.730833 1500 15 729327 11.116808 39.450530 0.000000
0000 000000 0.000000 0.000000 0.000000 0.000000 1500 1500 1.727181 1500 15 779427 11.144314 39.678321 0.000000
0000 000000 0.000000 0.000000 0.000000 0.000000 1500 1500 1.723091 1500 15 829503 11.170907 39.906402 0.000000
0000 000000 0.000000 0.000000 0.000000 0.000000 1500 1500 1.718570 1500 15 879590 11.196609 40.134774 0.000000
0000 000000 0.000000 0.000000 0.000000 0.000000 1500 1500 1.713625 1500 15 929701 11.221449 40.363433 0.000000
0000 000000 0.000000 0.000000 0.000000 0.000000 1500 1500 1.708267 1500 15 979802 11.245451 40.592379 0.000000
0000 000000 0.000000 0.000000 0.000000 0.000000 1500 1500 1.702503 1500 16 29902 11.268644 40.821609 0.000000
0000 000000 0.000000 0.000000 0.000000 0.000000 1500 1500 1.696344 1500 16 80003 11.291058 41.051123 0.000000
0000 000000 0.000000 0.000000 0.000000 0.000000 1500 1500 1.689799 1500 16 130103 11.312722 41.280919 0.000000
0000 000000 0.000000 0.000000 0.000000 0.000000 1500 1500 1.682880 1500 16 180203 11.333668 41.510996 0.000000
0000 000000 0.000000 0.000000 0.000000 0.000000 1500 1500 1.675597 1500 16 230285 11.353926 41.741354 0.000000
0000 000000 0.000000 0.000000 0.000000 0.000000 1500 1500 1.667963 1500 16 280384 11.373530 41.971990 0.000000
0000 000000 0.000000 0.000000 0.000000 0.000000 1500 1500 1.659990 1500 16 330470 11.392513 42.202905 0.000000
0000 000000 0.000000 0.000000 0.000000 0.000000 1500 1500 1.651691 1500 16 380570 11.410910 42.434096 0.000000
0000 000000 0.000000 0.000000 0.000000 0.000000 1500 1500 1.643079 1500 16 430670 11.428755 42.665562 0.000000
0000 000000 0.000000 0.000000 0.000000 0.000000 1500 1500 1.634171 1500 16 480756 11.446085 42.897303 0.000000
0000 000000 0.000000 0.000000 0.000000 0.000000 1500 1500 1.624979 1500 16 530856 11.462934 43.129317 0.000000
0000 000000 0.000000 0.000000 0.000000 0.000000 1500 1500 1.615522 1500 16 580955 11.479341 43.361602 0.000000
0000 000000 0.000000 0.000000 0.000000 0.000000 1500 1500 1.605815 1500 16 631020 11.495343 43.594156 0.000000
0000 000000 0.000000 0.000000 0.000000 0.000000 1500 1500 1.595876 1500 16 681119 11.510976 43.826977 0.000000
0000 000000 0.000000 0.000000 0.000000 0.000000 1500 1500 1.585722 1500 16 731197 11.526280 44.060063 0.000000
0000 000000 0.000000 0.000000 0.000000 0.000000 1500 1500 1.575372 1500 16 781261 11.541292 44.293412 0.000000
0000 000000 0.000000 0.000000 0.000000 0.000000 1500 1500 1.564846 1500 16 831363 11.556050 44.527020 0.000000
0000 000000 0.000000 0.000000 0.000000 0.000000 1500 1500 1.554163 1500 16 881462 11.570595 44.760884 0.000000
0000 000000 0.000000 0.000000 0.000000 0.000000 1500 1500 1.543344 1500 16 931541 11.584964 44.995001 0.000000
0000 000000 0.000000 0.000000 0.000000 0.000000 1500 1500 1.532409 1500 16 981640 11.599196 45.229368 0.000000
0000 000000 0.000000 0.000000 0.000000 0.000000 1500 1500 1.521379 1500 17 31720 11.613329 45.463979 0.000000
0000 000000 0.000000 0.000000 0.000000 0.000000 1500 1500 1.510275 1500 17 81822 11.627404 45.698830 0.000000
0000 000000 0.000000 0.000000 0.000000 0.000000 1500 1500 1.499119 1500 17 131923 11.641456 45.933916 0.000000
0000 000000 0.000000 0.000000 0.000000 0.000000 1500 1500 1.487933 1500 17 182016 11.655526 46.169233 0.000000
0000 000000 0.000000 0.000000 0.000000 0.000000 1500 1500 1.476738 1500 17 232112 11.669650 46.404774 0.000000
0000 000000 0.000000 0.000000 0.000000 0.000000 1500 1500 1.465557 1500 17 282208 11.683866 46.640534 0.000000
0000 000000 0.000000 0.000000 0.000000 0.000000 1500 1500 1.454409 1500 17 332309 11.698211 46.876506 0.000000
0000 000000 0.000000 0.000000 0.000000 0.000000 1500 1500 1.443318 1500 17 382408 11.712720 47.112683 0.000000
0000 000000 0.000000 0.000000 0.000000 0.000000 1500 1500 1.432303 1500 17 432509 11.727429 47.349059 0.000000
0000 000000 0.000000 0.000000 0.000000 0.000000 1500 1500 1.421385 1500 17 482608 11.742373 47.585627 0.000000
0000 000000 0.000000 0.000000 0.000000 0.000000 1500 1500 1.410584 1500 17 532684 11.757586 47.822378 0.000000
0000 000000 0.000000 0.000000 0.000000 0.000000 1500 1500 1.399920 1500 17 582783 11.773102 48.059305 0.000000
0000 000000 0.000000 0.000000 0.000000 0.000000 1500 1500 1.389412 1500 17 632860 11.788951 48.296399 0.000000
0000 000000 0.000000 0.000000 0.000000 0.000000 1500 1500 1.379078 1500 17 682960 11.805167 48.533654 0.000000
0000 000000 0.000000 0.000000 0.000000 0.000000 1500 1500 1.368935 1500 17 733058 11.821779 48.771059 0.000000
0000 000000 0.000000 0.000000 0.000000 0.000000 1500 1500 1.359000 1500 17 783162 11.838816 49.008608 0.000000
0000 000000 0.000000 0.000000 0.000000 0.000000 1500 1500 1.349288 1500 17 833238 11.856306 49.246290 0.000000
0000 000000 0.000000 0.000000 0.000000 0.000000 1500 1500 1.339816 1500 17 883341 11.874277 49.484097 0.000000
0000 000000 0.000000 0.000000 0.000000 0.000000 1500 1500 1.330596 1500 17 933440 11.892754 49.722021 0.000000
0000 000000 0.000000 0.000000 0.000000 0.000000 1500 1500 1.321643 1500 17 983522 11.911762 49.960052 0.000000
0000 000000 0.000000 0.000000 0.000000 0.000000 1500 1500 1.312968 1500 18 33622 11.931324 50.198182 0.000000
0000 000000 0.000000 0.000000 0.000000 0.000000 1500 1500 1.304583 1500 18 83721 11.951463 50.436402 0.000000
0000 000000 0.000000 0.000000 0.000000 0.000000 1500 1500 1.296498 1500 18 133820 11.972199 50.674704 0.000000
0000 000000 0.000000 0.000000 0.000000 0.000000 1500 1500 1.288724 1500 18 183920 11.993552 50.913078 0.000000
0000 000000 0.000000 0.000000 0.000000 0.000000 1500 1500 1.281267 1500 18 234020 12.015540 51.151517 0.000000
0000 000000 0.000000 0.000000 0.000000 0.000000 1500 1500 1.274137 1500 18 284085 12.038180 51.390013 0.000000
0000 000000 0.000000 0.000000 0.000000 0.000000 1500 1500 1.267340 1500 18 334185 12.061487 51.628557 0.000000
0000 000000 0.000000 0.000000 0.000000 0.000000 1500 1500 1.260883 1500 18 384286 12.085476 51.867142 0.000000
0000 000000 0.000000 0.000000 0.000000 0.000000 1500 1500 1.254770 1500 18 434385 12.110159 52.105760 0.000000
0000 000000 0.000000 0.000000 0.000000 0.000000 1500 1500 1.249007 1500 18 484486 12.135549 52.344405 0.000000
0000 000000 0.000000 0.000000 0.000000 0.000000 1500 1500 1.243597 1500 18 534561 12.161656 52.583070 0.000000
0000 000000 0.000000 0.000000 0.000000 0.000000 1500 1500 1.238544 1500 18 584660 12.188488 52.821748 0.000000
0000 000000 0.000000 0.000000 0.000000 0.000000 1500 1500 1.233849 1500 18 634760 12.216053 53.060433 0.000000
0000 000000 0.000000 0.000000 0.000000 0.000000 1500 1500 1.229516 1500 18 684859 12.244358 53.299119 0.000000
0000 000000 0.000000 0.000000 0.000000 0.000000 1500 1500 1.225544 1500 18 734945 12.273408 53.537802 0.000000
0000 000000 0.000000 0.000000 0.000000 0.000000 1500 1500 1.221935 1500 18 785044 12.303207 53.776475 0.000000
0000 000000 0.000000 0.000000 0.000000 0.000000 1500 1500 1.218689 1500 18 835144 12.333756 54.015136 0.000000
0000 000000 0.000000 0.000000 0.000000 0.000000 1500 1500 1.215806 1500 18 885244 12.365059 54.253780 0.000000
0000 000000 0.000000 0.000000 0.000000 0.000000 1500 1500 1.213285 1500 18 935343 12.397114 54.492403 0.000000
0000 000000 0.000000 0.000000 0.000000 0.000000 1500 1500 1.211124 1500 18 985444 12.429922 54.731002 0.000000
0000 000000 0.000000 0.000000 0.000000 0.000000 1500 1500 1.209322 1500 19 35546 12.463479 54.969575 0.000000
0000 000000 0.000000 0.000000 0.000000 0.000000 1500 1500 1.207877 1500 19 85646 12.497783 55.208119 0.000000
0000 000000 0.000000 0.000000 0.000000 0.000000 1500 1500 1.206786 1500 19 135749 12.532830 55.446633 0.000000
0000 000000 0.000000 0.000000 0.000000 0.000000 1500 1500 1.206046 1500 19 185851 12.568613 55.685114 0.000000
0000 000000 0.000000 0.000000 0.000000 0.000000 1500 1500 1.205654 1500 19 235952 12.605127 55.923563 0.000000
0000 000000 0.000000 0.000000 0.000000 0.000000 1500 1500 1.205606 1500 19 286029 12.642364 56.161979 0.000000
0000 000000 0.000000 0.000000 0.000000 0.000000 1500 1500 1.205898 1500 19 336131 12.680316 56.400362 0.000000
0000 000000 0.000000 0.000000 0.000000 0.000000 1500 1500 1.206525 1500 19 386209 12.718972 56.638711 0.000000
0000 000000 0.000000 0.000000 0.000000 0.000000 1500 1500 1.207484 1500 19 436314 12.758323 56.877029 0.000000
0000 000000 0.000000 0.000000 0.000000 0.000000 1500 1500 1.208769 1500 19 486400 12.798357 57.115316 0.000000
0000 000000 0.000000 0.000000 0.000000 0.000000 1500 1500 1.210374 1500 19 536461 12.839062 57.353574 0.000000
0000 000000 0.000000 0.000000 0.000000 0.000000 1500 1500 1.212294 1500 19 586562 12.880425 57.591804 0.000000
0000 000000 0.000000 0.000000 0.000000 0.000000 1500 1500 1.214523 1500 19 636649 12.922432 57.830009 0.000000
0000 000000 0.000000 0.000000 0.000000 0.000000 1500 1500 1.217053 1500 19 686749 12.965067 58.068192 0.000000
0000 000000 0.000000 0.000000 0.000000 0.000000 1500 1500 1.219880 1500 19 736816 13.008316 58.306356 0.000000
0000 000000 0.000000 0.000000 0.000000 0.000000 1500 1500 1.222995 1500 19 786916 13.052162 58.544503 0.000000
0000 000000 0.000000 0.000000 0.000000 0.000000 1500 1500 1.226391 1500 19 836998 13.096588 58.782637 0.000000
0000 000000 0.000000 0.000000 0.000000 0.000000 1500 1500 1.230060 1500 19 887100 13.141576 59.020763 0.000000
0000 000000 0.000000 0.000000 0.000000 0.000000 1500 1500 1.233995 1500 19 937181 13.187107 59.258884 0.000000
0000 000000 0.000000 0.000000 0.000000 0.000000 1500 1500 1.238186 1500 19 987279 13.233163 59.497005 0.000000
0000 000000 0.000000 0.000000 0.000000 0.000000 1500 1500 1.242625 1500 20 37378 13.279724 59.735129 0.000000
0000 000000 0.000000 0.000000 0.000000 0.000000 1500 1500 1.247303 1500 20 87478 13.326769 59.973262 0.000000
0000 000000 0.000000 0.000000 0.000000 0.000000 1500 1500 1.252210 1500 20 137578 13.374277 60.211408 0.000000
0000 000000 0.000000 0.000000 0.000000 0.000000 1500 1500 1.257337 1500 20 187645 13.422228 60.449572 0.000000
0000 000000 0.000000 0.000000 0.000000 0.000000 1500 1500 1.262673 1500 20 237748 13.470599 60.687760 0.000000
0000 000000 0.000000 0.000000 0.000000 0.000000 1500 1500 1.268209 1500 20 287825 13.519369 60.925976 0.000000
0000 000000 0.000000 0.000000 0.000000 0.000000 1500 1500 1.273933 1500 20 337924 13.568513 61.164226 0.000000
0000 000000 0.000000 0.000000 0.000000 0.000000 1500 1500 1.279834 1500 20 388019 13.618010 61.402514 0.000000
0000 000000 0.000000 0.000000 0.000000 0.000000 1500 1500 1.285901 1500 20 438121 13.667836 61.640846 0.000000
0000 000000 0.000000 0.000000 0.000000 0.000000 1500 1500 1.292122 1500 20 488226 13.717967 61.879228 0.000000
0000 000000 0.000000 0.000000 0.000000 0.000000 1500 1500 1.298486 1500 20 538325 13.768380 62.117664 0.000000
0000 000000 0.000000 0.000000 0.000000 0.000000 1500 1500 1.304980 1500 20 588425 13.819050 62.356160 0.000000
0000 000000 0.000000 0.000000 0.000000 0.000000 1500 1500 1.311593 1500 20 638523 13.869952 62.594720 0.000000
0000 000000 0.000000 0.000000 0.000000 0.000000 1500 1500 1.318311 1500 20 688622 13.921063 62.833350 0.000000
0000 000000 0.000000 0.000000 0.000000 0.000000 1500 1500 1.325122 1500 20 738720 13.972358 63.072054 0.000000
0000 000000 0.000000 0.000000 0.000000 0.000000 1500 1500 1.332014 1500 20 788820 14.023812 63.310838 0.000000
0000 000000 0.000000 0.000000 0.000000 0.000000 1500 1500 1.338974 1500 20 838919 14.075400 63.549706 0.000000
0000 000000 0.000000 0.000000 0.000000 0.000000 1500 1500 1.345988 1500 20 889020 14.127098 63.788663 0.000000
0000 000000 0.000000 0.000000 0.000000 0.000000 1500 1500 1.353043 1500 20 939118 14.178882 64.027712 0.000000
0000 000000 0.000000 0.000000 0.000000 0.000000 1500 1500 1.360128 1500 20 989199 14.230726 64.266858 0.000000
0000 000000 0.000000 0.000000 0.000000 0.000000 1500 1500 1.367228 1500 21 39297 14.282607 64.506105 0.000000
0000 000000 0.000000 0.000000 0.000000 0.000000 1500 1500 1.374331 1500 21 89397 14.334501 64.745457 0.000000
0000 000000 0.000000 0.000000 0.000000 0.000000 1500 1500 1.381424 1500 21 139495 14.386383 64.984917 0.000000
0000 000000 0.000000 0.000000 0.000000 0.000000 1500 1500 1.388495 1500 21 189593 14.438231 65.224489 0.000000
0000 000000 0.000000 0.000000 0.000000 0.000000 1500 1500 1.395532 1500 21 239689 14.490020 65.464175 0.000000
0000 000000 0.000000 0.000000 0.000000 0.000000 1500 1500 1.402521 1500 21 289790 14.541728 65.703979 0.000000
0000 000000 0.000000 0.000000 0.000000 0.000000 1500 1500 1.409450 1500 21 339864 14.593333 65.943904 0.000000
0000 000000 0.000000 0.000000 0.000000 0.000000 1500 1500 1.416309 1500 21 389966 14.644813 66.183951 0.000000
0000 000000 0.000000 0.000000 0.000000 0.000000 1500 1500 1.423086 1500 21 440067 14.696145 66.424123 0.000000
0000 000000 0.000000 0.000000 0.000000 0.000000 1500 1500 1.429769 1500 21 490133 14.747309 66.664422 0.000000
0000 000000 0.000000 0.000000 0.000000 0.000000 1500 1500 1.436347 1500 21 540235 14.798284 66.904850 0.000000
0000 000000 0.000000 0.000000 0.000000 0.000000 1500 1500 1.442811 1500 21 590336 14.849051 67.145408 0.000000
0000 000000 0.000000 0.000000 0.000000 0.000000 1500 1500 1.449149 1500 21 640440 14.899589 67.386098 0.000000
0000 000000 0.000000 0.000000 0.000000 0.000000 1500 1500 1.455353 1500 21 690541 14.949880 67.626920 0.000000
0000 000000 0.000000 0.000000 0.000000 0.000000 1500 1500 1.461413 1500 21 740642 14.999907 67.867876 0.000000
0000 000000 0.000000 0.000000 0.000000 0.000000 1500 1500 1.467319 1500 21 790741 15.049651 68.108966 0.000000
0000 000000 0.000000 0.000000 0.000000 0.000000 1500 1500 1.473065 1500 21 840841 15.099095 68.350191 0.000000
0000 000000 0.000000 0.000000 0.000000 0.000000 1500 1500 1.478641 1500 21 890943 15.148225 68.591551 0.000000
0000 000000 0.000000 0.000000 0.000000 0.000000 1500 1500 1.484041 1500 21 941044 15.197025 68.833047 0.000000
0000 000000 0.000000 0.000000 0.000000 0.000000 1500 1500 1.489257 1500 21 991144 15.245479 69.074678 0.000000
0000 000000 0.000000 0.000000 0.000000 0.000000 1500 1500 1.494282 1500 22 41244 15.293575 69.316443 0.000000
0000 000000 0.000000 0.000000 0.000000 0.000000 1500 1500 1.499111 1500 22 91345 15.341300 69.558344 0.000000
0000 000000 0.000000 0.000000 0.000000 0.000000 1500 1500 1.503738 1500 22 141428 15.388642 69.800378 0.000000
0000 000000 0.000000 0.000000 0.000000 0.000000 1500 1500 1.508157 1500 22 191530 15.435589 70.042547 0.000000
0000 000000 0.000000 0.000000 0.000000 0.000000 1500 1500 1.512365 1500 22 241631 15.482130 70.284848 0.000000
0000 000000 0.000000 0.000000 0.000000 0.000000 1500 1500 1.516356 1500 22 291732 15.528258 70.527281 0.000000
0000 000000 0.000000 0.000000 0.000000 0.000000 1500 1500 1.520127 1500 22 341832 15.573962 70.769846 0.000000
0000 000000 0.000000 0.000000 0.000000 0.000000 1500 1500 1.523675 1500 22 391932 15.619234 71.012541 0.000000
0000 000000 0.000000 0.000000 0.000000 0.000000 1500 1500 1.526996 1500 22 442032 15.664069 71.255365 0.000000
0000 000000 0.000000 0.000000 0.000000 0.000000 1500 1500 1.530089 1500 22 492114 15.708459 71.498317 0.000000
0000 000000 0.000000 0.000000 0.000000 0.000000 1500 1500 1.532950 1500 22 542214 15.752400 71.741396 0.000000
0000 000000 0.000000 0.000000 0.000000 0.000000 1500 1500 1.535579 1500 22 592314 15.795887 71.984600 0.000000
0000 000000 0.000000 0.000000 0.000000 0.000000 1500 1500 1.537975 1500 22 642390 15.838915 72.227929 0.000000
0000 000000 0.000000 0.000000 0.000000 0.000000 1500 1500 1.540135 1500 22 692489 15.881484 72.471380 0.000000
0000 000000 0.000000 0.000000 0.000000 0.000000 1500 1500 1.542060 1500 22 742589 15.923590 72.714953 0.000000
0000 000000 0.000000 0.000000 0.000000 0.000000 1500 1500 1.543750 1500 22 792667 15.965232 72.958646 0.000000
0000 000000 0.000000 0.000000 0.000000 0.000000 1500 1500 1.545205 1500 22 842768 16.006410 73.202457 0.000000
0000 000000 0.000000 0.000000 0.000000 0.000000 1500 1500 1.546425 1500 22 892845 16.047125 73.446386 0.000000
0000 000000 0.000000 0.000000 0.000000 0.000000 1500 1500 1.547412 1500 22 942945 16.087379 73.690431 0.000000
0000 000000 0.000000 0.000000 0.000000 0.000000 1500 1500 1.548167 1500 22 993045 16.127172 73.934589 0.000000
0000 000000 0.000000 0.000000 0.000000 0.000000 1500 1500 1.548691 1500 23 43144 16.166507 74.178861 0.000000
0000 000000 0.000000 0.000000 0.000000 0.000000 1500 1500 1.548987 1500 23 93243 16.205390 74.423244 0.000000
0000 000000 0.000000 0.000000 0.000000 0.000000 1500 1500 1.549056 1500 23 143342 16.243823 74.667737 0.000000
0000 000000 0.000000 0.000000 0.000000 0.000000 1500 1500 1.548901 1500 23 193441 16.281812 74.912338 0.000000
0000 000000 0.000000 0.000000 0.000000 0.000000 1500 1500 1.548526 1500 23 243523 16.319363 75.157046 0.000000
0000 000000 0.000000 0.000000 0.000000 0.000000 1500 1500 1.547933 1500 23 293624 16.356481 75.401860 0.000000
0000 000000 0.000000 0.000000 0.000000 0.000000 1500 1500 1.547126 1500 23 343703 16.393175 75.646778 0.000000
0000 000000 0.000000 0.000000 0.000000 0.000000 1500 1500 1.546108 1500 23 393803 16.429452 75.891798 0.000000
0000 000000 0.000000 0.000000 0.000000 0.000000 1500 1500 1.544884 1500 23 443882 16.465320 76.136920 0.000000
0000 000000 0.000000 0.000000 0.000000 0.000000 1500 1500 1.543457 1500 23 493970 16.500788 76.382141 0.000000
0000 000000 0.000000 0.000000 0.000000 0.000000 1500 1500 1.541833 1500 23 544059 16.535866 76.627461 0.000000
0000 000000 0.000000 0.000000 0.000000 0.000000 1500 1500 1.540016 1500 23 594146 16.570564 76.872877 0.000000
0000 000000 0.000000 0.000000 0.000000 0.000000 1500 1500 1.538011 1500 23 644230 16.604893 77.118389 0.000000
0000 000000 0.000000 0.000000 0.000000 0.000000 1500 1500 1.535823 1500 23 694328 16.638863 77.363995 0.000000
0000 000000 0.000000 0.000000 0.000000 0.000000 1500 1500 1.533459 1500 23 744427 16.672487 77.609693 0.000000
0000 000000 0.000000 0.000000 0.000000 0.000000 1500 1500 1.530923 1500 23 794526 16.705777 77.855481 0.000000
0000 000000 0.000000 0.000000 0.000000 0.000000 1500 1500 1.528222 1500 23 844626 16.738745 78.101360 0.000000
0000 000000 0.000000 0.000000 0.000000 0.000000 1500 1500 1.525362 1500 23 894726 16.771404 78.347326 0.000000
0000 000000 0.000000 0.000000 0.000000 0.000000 1500 1500 1.522349 1500 23 944825 16.803767 78.593378 0.000000
0000 000000 0.000000 0.000000 0.000000 0.000000 1500 1500 1.519190 1500 23 994891 16.835848 78.839515 0.000000
0000 000000 0.000000 0.000000 0.000000 0.000000 1500 1500 1.515892 1500 24 44990 16.867662 79.085734 0.000000
0000 000000 0.000000 0.000000 0.000000 0.000000 1500 1500 1.512461 1500 24 95056 16.899223 79.332036 0.000000
0000 000000 0.000000 0.000000 0.000000 0.000000 1500 1500 1.508906 1500 24 145157 16.930545 79.578417 0.000000
0000 000000 0.000000 0.000000 0.000000 0.000000 1500 1500 1.505232 1500 24 195235 16.961643 79.824875 0.000000
0000 000000 0.000000 0.000000 0.000000 0.000000 1500 1500 1.501447 1500 24 245334 16.992532 80.071410 0.000000
0000 000000 0.000000 0.000000 0.000000 0.000000 1500 1500 1.497559 1500 24 295411 17.023228 80.318019 0.000000
0000 000000 0.000000 0.000000 0.000000 0.000000 1500 1500 1.493576 1500 24 345510 17.053746 80.564701 0.000000
0000 000000 0.000000 0.000000 0.000000 0.000000 1500 1500 1.489505 1500 24 395589 17.084101 80.811453 0.000000
0000 000000 0.000000 0.000000 0.000000 0.000000 1500 1500 1.485355 1500 24 445688 17.114310 81.058274 0.000000
0000 000000 0.000000 0.000000 0.000000 0.000000 1500 1500 1.481132 1500 24 495771 17.144389 81.305161 0.000000
0000 000000 0.000000 0.000000 0.000000 0.000000 1500 1500 1.476846 1500 24 545869 17.174352 81.552113 0.000000
0000 000000 0.000000 0.000000 0.000000 0.000000 1500 1500 1.472504 1500 24 595969 17.204216 81.799127 0.000000
0000 000000 0.000000 0.000000 0.000000 0.000000 1500 1500 1.468114 1500 24 646068 17.233997 82.046201 0.000000
0000 000000 0.000000 0.000000 0.000000 0.000000 1500 1500 1.463685 1500 24 696168 17.263711 82.293333 0.000000
0000 000000 0.000000 0.000000 0.000000 0.000000 1500 1500 1.459224 1500 24 746268 17.293374 82.540520 0.000000
0000 000000 0.000000 0.000000 0.000000 0.000000 1500 1500 1.454739 1500 24 796368 17.323000 82.787761 0.000000
0000 000000 0.000000 0.000000 0.000000 0.000000 1500 1500 1.450239 1500 24 846468 17.352607 83.035053 0.000000
0000 000000 0.000000 0.000000 0.000000 0.000000 1500 1500 1.445731 1500 24 896569 17.382208 83.282393 0.000000
0000 000000 0.000000 0.000000 0.000000 0.000000 1500 1500 1.441224 1500 24 946669 17.411820 83.529779 0.000000
0000 000000 0.000000 0.000000 0.000000 0.000000 1500 1500 1.436725 1500 24 996770 17.441458 83.777209 0.000000
0000 000000 0.000000 0.000000 0.000000 0.000000 1500 1500 1.432242 1500 25 46870 17.471136 84.024680 0.000000
0000 000000 0.000000 0.000000 0.000000 0.000000 1500 1500 1.427783 1500 25 96963 17.500870 84.272189 0.000000
0000 000000 0.000000 0.000000 0.000000 0.000000 1500 1500 1.423355 1500 25 147059 17.530672 84.519734 0.000000
0000 000000 0.000000 0.000000 0.000000 0.000000 1500 1500 1.418965 1500 25 197161 17.560559 84.767312 0.000000
0000 000000 0.000000 0.000000 0.000000 0.000000 1500 1500 1.414621 1500 25 247262 17.590543 85.014920 0.000000
0000 000000 0.000000 0.000000 0.000000 0.000000 1500 1500 1.410329 1500 25 297326 17.620638 85.262557 0.000000
0000 000000 0.000000 0.000000 0.000000 0.000000 1500 1500 1.406097 1500 25 347425 17.650857 85.510219 0.000000
0000 000000 0.000000 0.000000 0.000000 0.000000 1500 1500 1.401931 1500 25 397501 17.681213 85.757903 0.000000
0000 000000 0.000000 0.000000 0.000000 0.000000 1500 1500 1.397838 1500 25 447602 17.711718 86.005607 0.000000
0000 000000 0.000000 0.000000 0.000000 0.000000 1500 1500 1.393823 1500 25 497703 17.742384 86.253329 0.000000
0000 000000 0.000000 0.000000 0.000000 0.000000 1500 1500 1.389894 1500 25 547804 17.773223 86.501066 0.000000
0000 000000 0.000000 0.000000 0.000000 0.000000 1500 1500 1.386055 1500 25 597903 17.804246 86.748814 0.000000
0000 000000 0.000000 0.000000 0.000000 0.000000 1500 1500 1.382312 1500 25 648006 17.835464 86.996573 0.000000
0000 000000 0.000000 0.000000 0.000000 0.000000 1500 1500 1.378670 1500 25 698105 17.866886 87.244338 0.000000
0000 000000 0.000000 0.000000 0.000000 0.000000 1500 1500 1.375136 1500 25 748207 17.898523 87.492108 0.000000
0000 000000 0.000000 0.000000 0.000000 0.000000 1500 1500 1.371712 1500 25 798306 17.930383 87.739880 0.000000
0000 000000 0.000000 0.000000 0.000000 0.000000 1500 1500 1.368404 1500 25 848383 17.962477 87.987652 0.000000
0000 000000 0.000000 0.000000 0.000000 0.000000 1500 1500 1.365216 1500 25 898482 17.994811 88.235422 0.000000
0000 000000 0.000000 0.000000 0.000000 0.000000 1500 1500 1.362151 1500 25 948584 18.027394 88.483187 0.000000
0000 000000 0.000000 0.000000 0.000000 0.000000 1500 1500 1.359215 1500 25 998683 18.060234 88.730946 0.000000
0000 000000 0.000000 0.000000 0.000000 0.000000 1500 1500 1.356409 1500 26 48783 18.093336 88.978695 0.000000
0000 000000 0.000000 0.000000 0.000000 0.000000 1500 1500 1.353738 1500 26 98882 18.126707 89.226434 0.000000
0000 000000 0.000000 0.000000 0.000000 0.000000 1500 1500 1.351203 1500 26 148947 18.160353 89.474160 0.000000
0000 000000 0.000000 0.000000 0.000000 0.000000 1500 1500 1.348809 1500 26 199048 18.194278 89.721872 0.000000
0000 000000 0.000000 0.000000 0.000000 0.000000 1500 1500 1.346556 1500 26 249149 18.228489 89.969568 0.000000
0000 000000 0.000000 0.000000 0.000000 0.000000 1500 1500 1.344447 1500 26 299249 18.262988 90.217246 0.000000
0000 000000 0.000000 0.000000 0.000000 0.000000 1500 1500 1.342484 1500 26 349326 18.297779 90.464905 0.000000
0000 000000 0.000000 0.000000 0.000000 0.000000 1500 1500 1.340668 1500 26 399427 18.332866 90.712543 0.000000
0000 000000 0.000000 0.000000 0.000000 0.000000 1500 1500 1.339000 1500 26 449529 18.368251 90.960160 0.000000
0000 000000 0.000000 0.000000 0.000000 0.000000 1500 1500 1.337482 1500 26 499616 18.403935 91.207753 0.000000
0000 000000 0.000000 0.000000 0.000000 0.000000 1500 1500 1.336114 1500 26 549715 18.439921 91.455324 0.000000
0000 000000 0.000000 0.000000 0.000000 0.000000 1500 1500 1.334897 1500 26 599796 18.476210 91.702869 0.000000
0000 000000 0.000000 0.000000 0.000000 0.000000 1500 1500 1.333830 1500 26 649894 18.512801 91.950389 0.000000
0000 000000 0.000000 0.000000 0.000000 0.000000 1500 1500 1.332915 1500 26 699970 18.549695 92.197883 0.000000
0000 000000 0.000000 0.000000 0.000000 0.000000 1500 1500 1.332149 1500 26 750069 18.586891 92.445350 0.000000
0000 000000 0.000000 0.000000 0.000000 0.000000 1500 1500 1.331534 1500 26 800168 18.624388 92.692790 0.000000
0000 000000 0.000000 0.000000 0.000000 0.000000 1500 1500 1.331067 1500 26 850246 18.662185 92.940204 0.000000
0000 000000 0.000000 0.000000 0.000000 0.000000 1500 1500 1.330749 1500 26 900346 18.700279 93.187590 0.000000
0000 000000 0.000000 0.000000 0.000000 0.000000 1500 1500 1.330577 1500 26 950423 18.738669 93.434948 0.000000
0000 000000 0.000000 0.000000 0.000000 0.000000 1500 1500 1.330551 1500 27 522 18.777351 93.682280 0.000000
0000 000000 0.000000 0.000000 0.000000 0.000000 1500 1500 1.330669 1500 27 50623 18.816321 93.929584 0.000000
0000 000000 0.000000 0.000000 0.000000 0.000000 1500 1500 1.330929 1500 27 100700 18.855577 94.176862 0.000000
0000 000000 0.000000 0.000000 0.000000 0.000000 1500 1500 1.331328 1500 27 150782 18.895114 94.424113 0.000000
0000 000000 0.000000 0.000000 0.000000 0.000000 1500 1500 1.331865 1500 27 200847 18.934926 94.671339 0.000000
0000 000000 0.000000 0.000000 0.000000 0.000000 1500 1500 1.332536 1500 27 250948 18.975010 94.918540 0.000000
0000 000000 0.000000 0.000000 0.000000 0.000000 1500 1500 1.333340 1500 27 301012 19.015360 95.165717 0.000000
0000 000000 0.000000 0.000000 0.000000 0.000000 1500 1500 1.334274 1500 27 351124 19.055969 95.412870 0.000000
0000 000000 0.000000 0.000000 0.000000 0.000000 1500 1500 1.335333 1500 27 401201 19.096832 95.660001 0.000000
0000 000000 0.000000 0.000000 0.000000 0.000000 1500 1500 1.336516 1500 27 451300 19.137942 95.907111 0.000000
0000 000000 0.000000 0.000000 0.000000 0.000000 1500 1500 1.337819 1500 27 501390 19.179292 96.154201 0.000000
0000 000000 0.000000 0.000000 0.000000 0.000000 1500 1500 1.339238 1500 27 551483 19.220876 96.401271 0.000000
0000 000000 0.000000 0.000000 0.000000 0.000000 1500 1500 1.340769 1500 27 601573 19.262685 96.648324 0.000000
0000 000000 0.000000 0.000000 0.000000 0.000000 1500 1500 1.342409 1500 27 651673 19.304713 96.895361 0.000000
0000 000000 0.000000 0.000000 0.000000 0.000000 1500 1500 1.344154 1500 27 701773 19.346950 97.142383 0.000000
0000 000000 0.000000 0.000000 0.000000 0.000000 1500 1500 1.346000 1500 27 751875 19.389389 97.389391 0.000000
0000 000000 0.000000 0.000000 0.000000 0.000000 1500 1500 1.347942 1500 27 801975 19.432021 97.636387 0.000000
0000 000000 0.000000 0.000000 0.000000 0.000000 1500 1500 1.349975 1500 27 852075 19.474837 97.883373 0.000000
0000 000000 0.000000 0.000000 0.000000 0.000000 1500 1500 1.352097 1500 27 902175 19.517829 98.130350 0.000000
0000 000000 0.000000 0.000000 0.000000 0.000000 1500 1500 1.354301 1500 27 952275 19.560987 98.377320 0.000000
0000 000000 0.000000 0.000000 0.000000 0.000000 1500 1500 1.356584 1500 28 2376 19.604302 98.624285 0.000000
0000 000000 0.000000 0.000000 0.000000 0.000000 1500 1500 1.257978 1500 28 52477 19.647765 98.871246 0.000000
0000 000000 0.000000 0.000000 0.000000 0.000000 1500 1500 1.284564 1500 28 102578 19.691533 99.118164 0.000000
0000 000000 0.000000 0.000000 0.000000 0.000000 1500 1500 1.306128 1500 28 152681 19.735637 99.365029 0.000000
0000 000000 0.000000 0.000000 0.000000 0.000000 1500 1500 1.320638 1500 28 202781 19.780057 99.611849 0.000000
0000 000000 0.000000 0.000000 0.000000 0.000000 1500 1500 1.326305 1500 28 252881 19.824754 99.858631 0.000000
0000 000000 0.000000 0.000000 0.000000 0.000000 1500 1500 1.321723 1500 28 302980 19.869699 100.105383 0.000000
0000 000000 0.000000 0.000000 0.000000 0.000000 1500 1500 1.305923 1500 28 353081 19.914883 100.352108 0.000000
0000 000000 0.000000 0.000000 0.000000 0.000000 1500 1500 1.278357 1500 28 403181 19.960327 100.598799 0.000000
0000 000000 0.000000 0.000000 0.000000 0.000000 1500 1500 1.238841 1500 28 453254 20.006084 100.845441 0.000000
0000 000000 0.000000 0.000000 0.000000 0.000000 1500 1500 1.187501 1500 28 503353 20.052243 101.092007 0.000000
0000 000000 0.000000 0.000000 0.000000 0.000000 1500 1500 1.124731 1500 28 553453 20.098927 101.338456 0.000000
0000 000000 0.000000 0.000000 0.000000 0.000000 1500 1500 1.051184 1500 28 603555 20.146293 101.584724 0.000000
0000 000000 0.000000 0.000000 0.000000 0.000000 1500 1500 0.967787 1500 28 653654 20.194526 101.830728 0.000000
0000 000000 0.000000 0.000000 0.000000 0.000000 1500 1500 0.875770 1500 28 703757 20.243832 102.076351 0.000000
0000 000000 0.000000 0.000000 0.000000 0.000000 1500 1500 0.776677 1500 28 753834 20.294435 102.321449 0.000000
0000 000000 0.000000 0.000000 0.000000 0.000000 1500 1500 0.672341 1500 28 803934 20.346561 102.565837 0.000000
0000 000000 0.000000 0.000000 0.000000 0.000000 1500 1500 0.564798 1500 28 854035 20.400434 102.809298 0.000000
0000 000000 0.000000 0.000000 0.000000 0.000000 1500 1500 0.456146 1500 28 904135 20.456260 103.051582 0.000000
0000 000000 0.000000 0.000000 0.000000 0.000000 1500 1500 0.348377 1500 28 954235 20.514220 103.292410 0.000000
0000 000000 0.000000 0.000000 0.000000 0.000000 1500 1500 0.243225 1500 29 4335 20.574462 103.531484 0.000000
0000 000000 0.000000 0.000000 0.000000 0.000000 1500 1500 0.142055 1500 29 54434 20.637098 103.768495 0.000000
0000 000000 0.000000 0.000000 0.000000 0.000000 1500 1500 0.045825 1500 29 104533 20.702198 104.003132 0.000000
0000 000000 0.000000 0.000000 0.000000 0.000000 1500 1500 -0.044895 1500 29 154634 20.769796 104.235095 0.000000
0000 000000 0.000000 0.000000 0.000000 0.000000 1500 1500 -0.129865 1500 29 204709 20.839888 104.464095 0.000000
0000 000000 0.000000 0.000000 0.000000 0.000000 1500 1500 -0.209093 1500 29 254785 20.912445 104.689864 0.000000
0000 000000 0.000000 0.000000 0.000000 0.000000 1500 1500 -0.282767 1500 29 304885 20.987407 104.912159 0.000000
0000 000000 0.000000 0.000000 0.000000 0.000000 1500 1500 -0.351180 1500 29 354963 21.064699 105.130760 0.000000
0000 000000 0.000000 0.000000 0.000000 0.000000 1500 1500 -0.414690 1500 29 405063 21.144230 105.345473 0.000000
0000 000000 0.000000 0.000000 0.000000 0.000000 1500 1500 -0.473676 1500 29 455164 21.225897 105.556126 0.000000
0000 000000 0.000000 0.000000 0.000000 0.000000 1500 1500 -0.528516 1500 29 505214 21.309590 105.762572 0.000000
0000 000000 0.000000 0.000000 0.000000 0.000000 1500 1500 -0.579576 1500 29 555314 21.395197 105.964686 0.000000
0000 000000 0.000000 0.000000 0.000000 0.000000 1500 1500 -0.627197 1500 29 605414 21.482602 106.162359 0.000000
0000 000000 0.000000 0.000000 0.000000 0.000000 1500 1500 -0.671694 1500 29 655526 21.571688 106.355502 0.000000
0000 000000 0.000000 0.000000 0.000000 0.000000 1500 1500 -0.713353 1500 29 705591 21.662342 106.544042 0.000000
0000 000000 0.000000 0.000000 0.000000 0.000000 1500 1500 -0.752434 1500 29 755664 21.754448 106.727918 0.000000
0000 000000 0.000000 0.000000 0.000000 0.000000 1500 1500 -0.789168 1500 29 805763 21.847897 106.907083 0.000000
0000 000000 0.000000 0.000000 0.000000 0.000000 1500 1500 -0.823766 1500 29 855865 21.942581 107.081501 0.000000
0000 000000 0.000000 0.000000 0.000000 0.000000 1500 1500 -0.856415 1500 29 905943 22.038396 107.251145 0.000000
0000 000000 0.000000 0.000000 0.000000 0.000000 1500 1500 -0.887283 1500 29 956043 22.135241 107.415997 0.000000
0000 000000 0.000000 0.000000 0.000000 0.000000 1500 1500 -0.916520 1500 30 6120 22.233018 107.576048 0.000000
0000 000000 0.000000 0.000000 0.000000 0.000000 1500 1500 -0.944262 1500 30 56225 22.331634 107.731292 0.000000
0000 000000 0.000000 0.000000 0.000000 0.000000 1500 1500 -0.970629 1500 30 106287 22.430999 107.881734 0.000000
0000 000000 0.000000 0.000000 0.000000 0.000000 1500 1500 -0.995731 1500 30 156402 22.531027 108.027381 0.000000
0000 000000 0.000000 0.000000 0.000000 0.000000 1500 1500 -1.019665 1500 30 206500 22.631635 108.168246 0.000000
0000 000000 0.000000 0.000000 0.000000 0.000000 1500 1500 -1.042521 1500 30 256599 22.732743 108.304346 0.000000
0000 000000 0.000000 0.000000 0.000000 0.000000 1500 1500 -1.064379 1500 30 306698 22.834275 108.435700 0.000000
0000 000000 0.000000 0.000000 0.000000 0.000000 1500 1500 -1.085312 1500 30 356796 22.936160 108.562334 0.000000
0000 000000 0.000000 0.000000 0.000000 0.000000 1500 1500 -1.105384 1500 30 406895 23.038326 108.684273 0.000000
0000 000000 0.000000 0.000000 0.000000 0.000000 1500 1500 -1.124657 1500 30 456996 23.140707 108.801546 0.000000
0000 000000 0.000000 0.000000 0.000000 0.000000 1500 1500 -1.143186 1500 30 507100 23.243238 108.914187 0.000000
0000 000000 0.000000 0.000000 0.000000 0.000000 1500 1500 -1.161019 1500 30 557201 23.345860 109.022227 0.000000
0000 000000 0.000000 0.000000 0.000000 0.000000 1500 1500 -1.178202 1500 30 607279 23.448512 109.125702 0.000000
0000 000000 0.000000 0.000000 0.000000 0.000000 1500 1500 -1.194778 1500 30 657379 23.551140 109.224649 0.000000
0000 000000 0.000000 0.000000 0.000000 0.000000 1500 1500 -1.210785 1500 30 707458 23.653688 109.319107 0.000000
0000 000000 0.000000 0.000000 0.000000 0.000000 1500 1500 -1.226258 1500 30 757530 23.756106 109.409114 0.000000
0000 000000 0.000000 0.000000 0.000000 0.000000 1500 1500 -1.241230 1500 30 807631 23.858344 109.494711 0.000000
0000 000000 0.000000 0.000000 0.000000 0.000000 1500 1500 -1.255730 1500 30 857732 23.960356 109.575939 0.000000
0000 000000 0.000000 0.000000 0.000000 0.000000 1500 1500 -1.269786 1500 30 907833 24.062095 109.652841 0.000000
0000 000000 0.000000 0.000000 0.000000 0.000000 1500 1500 -1.283424 1500 30 957932 24.163518 109.725458 0.000000
0000 000000 0.000000 0.000000 0.000000 0.000000 1500 1500 -1.296668 1500 31 8012 24.264584 109.793835 0.000000
0000 000000 0.000000 0.000000 0.000000 0.000000 1500 1500 -1.309540 1500 31 58077 24.365253 109.858016 0.000000
0000 000000 0.000000 0.000000 0.000000 0.000000 1500 1500 -1.322059 1500 31 108177 24.465487 109.918043 0.000000
0000 000000 0.000000 0.000000 0.000000 0.000000 1500 1500 -1.334246 1500 31 158256 24.565250 109.973962 0.000000
0000 000000 0.000000 0.000000 0.000000 0.000000 1500 1500 -1.346118 1500 31 208357 24.664505 110.025818 0.000000
0000 000000 0.000000 0.000000 0.000000 0.000000 1500 1500 -1.357691 1500 31 258458 24.763221 110.073655 0.000000
0000 000000 0.000000 0.000000 0.000000 0.000000 1500 1500 -1.368981 1500 31 308557 24.861364 110.117518 0.000000
0000 000000 0.000000 0.000000 0.000000 0.000000 1500 1500 -1.380002 1500 31 358656 24.958903 110.157453 0.000000
0000 000000 0.000000 0.000000 0.000000 0.000000 1500 1500 -1.390769 1500 31 408756 25.055810 110.193505 0.000000
0000 000000 0.000000 0.000000 0.000000 0.000000 1500 1500 -1.401292 1500 31 458855 25.152055 110.225718 0.000000
0000 000000 0.000000 0.000000 0.000000 0.000000 1500 1500 -1.411585 1500 31 508955 25.247611 110.254138 0.000000
0000 000000 0.000000 0.000000 0.000000 0.000000 1500 1500 -1.421658 1500 31 559055 25.342453 110.278810 0.000000
0000 000000 0.000000 0.000000 0.000000 0.000000 1500 1500 -1.431523 1500 31 609131 25.436556 110.299778 0.000000
0000 000000 0.000000 0.000000 0.000000 0.000000 1500 1500 -1.441187 1500 31 659196 25.529894 110.317088 0.000000
0000 000000 0.000000 0.000000 0.000000 0.000000 1500 1500 -1.450662 1500 31 709295 25.622446 110.330784 0.000000
0000 000000 0.000000 0.000000 0.000000 0.000000 1500 1500 -1.459956 1500 31 759360 25.714188 110.340910 0.000000
0000 000000 0.000000 0.000000 0.000000 0.000000 1500 1500 -1.469076 1500 31 809457 25.805101 110.347511 0.000000
0000 000000 0.000000 0.000000 0.000000 0.000000 1500 1500 -1.478031 1500 31 859537 25.895163 110.350630 0.000000
0000 000000 0.000000 0.000000 0.000000 0.000000 1500 1500 -1.486827 1500 31 909636 25.984356 110.350312 0.000000
0000 000000 0.000000 0.000000 0.000000 0.000000 1500 1500 -1.495472 1500 31 959715 26.072660 110.346600 0.000000
0000 000000 0.000000 0.000000 0.000000 0.000000 1500 1500 -1.503973 1500 32 9816 26.160057 110.339536 0.000000
0000 000000 0.000000 0.000000 0.000000 0.000000 1500 1500 -1.512334 1500 32 59916 26.246531 110.329165 0.000000
0000 000000 0.000000 0.000000 0.000000 0.000000 1500 1500 -1.520562 1500 32 110015 26.332064 110.315528 0.000000
0000 000000 0.000000 0.000000 0.000000 0.000000 1500 1500 -1.528663 1500 32 160116 26.416642 110.298668 0.000000
0000 000000 0.000000 0.000000 0.000000 0.000000 1500 1500 -1.536641 1500 32 210215 26.500248 110.278627 0.000000
0000 000000 0.000000 0.000000 0.000000 0.000000 1500 1500 -1.544501 1500 32 260316 26.582869 110.255447 0.000000
0000 000000 0.000000 0.000000 0.000000 0.000000 1500 1500 -1.552248 1500 32 310414 26.664491 110.229168 0.000000
0000 000000 0.000000 0.000000 0.000000 0.000000 1500 1500 -1.559886 1500 32 360514 26.745099 110.199833 0.000000
0000 000000 0.000000 0.000000 0.000000 0.000000 1500 1500 -1.567419 1500 32 410613 26.824682 110.167482 0.000000
0000 000000 0.000000 0.000000 0.000000 0.000000 1500 1500 -1.574851 1500 32 460712 26.903227 110.132155 0.000000
0000 000000 0.000000 0.000000 0.000000 0.000000 1500 1500 -1.582184 1500 32 510813 26.980723 110.093892 0.000000
0000 000000 0.000000 0.000000 0.000000 0.000000 1500 1500 -1.589424 1500 32 560892 27.057157 110.052732 0.000000
0000 000000 0.000000 0.000000 0.000000 0.000000 1500 1500 -1.596571 1500 32 610991 27.132521 110.008716 0.000000
0000 000000 0.000000 0.000000 0.000000 0.000000 1500 1500 -1.603630 1500 32 661089 27.206802 109.961883 0.000000
0000 000000 0.000000 0.000000 0.000000 0.000000 1500 1500 -1.610603 1500 32 711165 27.279993 109.912270 0.000000
0000 000000 0.000000 0.000000 0.000000 0.000000 1500 1500 -1.617492 1500 32 761265 27.352082 109.859916 0.000000
0000 000000 0.000000 0.000000 0.000000 0.000000 1500 1500 -1.624299 1500 32 811364 27.423062 109.804859 0.000000
0000 000000 0.000000 0.000000 0.000000 0.000000 1500 1500 -1.631026 1500 32 861444 27.492923 109.747136 0.000000
0000 000000 0.000000 0.000000 0.000000 0.000000 1500 1500 -1.637674 1500 32 911547 27.561659 109.686785 0.000000
0000 000000 0.000000 0.000000 0.000000 0.000000 1500 1500 -1.644246 1500 32 961612 27.629260 109.623843 0.000000
0000 000000 0.000000 0.000000 0.000000 0.000000 1500 1500 -1.650742 1500 33 11713 27.695719 109.558346 0.000000
0000 000000 0.000000 0.000000 0.000000 0.000000 1500 1500 -1.657163 1500 33 61813 27.761031 109.490329 0.000000
0000 000000 0.000000 0.000000 0.000000 0.000000 1500 1500 -1.663509 1500 33 111913 27.825188 109.419830 0.000000
0000 000000 0.000000 0.000000 0.000000 0.000000 1500 1500 -1.669782 1500 33 161991 27.888183 109.346883 0.000000
0000 000000 0.000000 0.000000 0.000000 0.000000 1500 1500 -1.675981 1500 33 212091 27.950011 109.271523 0.000000
0000 000000 0.000000 0.000000 0.000000 0.000000 1500 1500 -1.682105 1500 33 262168 28.010667 109.193784 0.000000
0000 000000 0.000000 0.000000 0.000000 0.000000 1500 1500 -1.688155 1500 33 312266 28.070145 109.113702 0.000000
0000 000000 0.000000 0.000000 0.000000 0.000000 1500 1500 -1.694128 1500 33 362342 28.128440 109.031310 0.000000
0000 000000 0.000000 0.000000 0.000000 0.000000 1500 1500 -1.700025 1500 33 412417 28.185549 108.946642 0.000000
0000 000000 0.000000 0.000000 0.000000 0.000000 1500 1500 -1.705842 1500 33 462507 28.241466 108.859730 0.000000
0000 000000 0.000000 0.000000 0.000000 0.000000 1500 1500 -1.711578 1500 33 512575 28.296187 108.770608 0.000000
0000 000000 0.000000 0.000000 0.000000 0.000000 1500 1500 -1.717231 1500 33 562674 28.349710 108.679308 0.000000
0000 000000 0.000000 0.000000 0.000000 0.000000 1500 1500 -1.722796 1500 33 612753 28.402031 108.585863 0.000000
0000 000000 0.000000 0.000000 0.000000 0.000000 1500 1500 -1.728270 1500 33 662852 28.453147 108.490304 0.000000
0000 000000 0.000000 0.000000 0.000000 0.000000 1500 1500 -1.733648 1500 33 712933 28.503056 108.392662 0.000000
0000 000000 0.000000 0.000000 0.000000 0.000000 1500 1500 -1.738925 1500 33 763034 28.551755 108.292968 0.000000
0000 000000 0.000000 0.000000 0.000000 0.000000 1500 1500 -1.744095 1500 33 813102 28.599244 108.191254 0.000000
0000 000000 0.000000 0.000000 0.000000 0.000000 1500 1500 -1.749152 1500 33 863169 28.645519 108.087549 0.000000
0000 000000 0.000000 0.000000 0.000000 0.000000 1500 1500 -1.754086 1500 33 913268 28.690582 107.981883 0.000000
0000 000000 0.000000 0.000000 0.000000 0.000000 1500 1500 -1.758890 1500 33 963367 28.734430 107.874286 0.000000
0000 000000 0.000000 0.000000 0.000000 0.000000 1500 1500 -1.763552 1500 34 13461 28.777064 107.764787 0.000000
0000 000000 0.000000 0.000000 0.000000 0.000000 1500 1500 -1.768062 1500 34 63532 28.818483 107.653414 0.000000
0000 000000 0.000000 0.000000 0.000000 0.000000 1500 1500 -1.772405 1500 34 113633 28.858690 107.540196 0.000000
0000 000000 0.000000 0.000000 0.000000 0.000000 1500 1500 -1.776567 1500 34 163698 28.897685 107.425162 0.000000
0000 000000 0.000000 0.000000 0.000000 0.000000 1500 1500 -1.780531 1500 34 213798 28.935471 107.308337 0.000000
0000 000000 0.000000 0.000000 0.000000 0.000000 1500 1500 -1.784277 1500 34 263875 28.972048 107.189750 0.000000
0000 000000 0.000000 0.000000 0.000000 0.000000 1500 1500 -1.787785 1500 34 313975 29.007422 107.069427 0.000000
0000 000000 0.000000 0.000000 0.000000 0.000000 1500 1500 -1.791029 1500 34 364080 29.041595 106.947394 0.000000
0000 000000 0.000000 0.000000 0.000000 0.000000 1500 1500 -1.793982 1500 34 414179 29.074572 106.823677 0.000000
0000 000000 0.000000 0.000000 0.000000 0.000000 1500 1500 -1.796613 1500 34 464282 29.106359 106.698300 0.000000
0000 000000 0.000000 0.000000 0.000000 0.000000 1500 1500 -1.798885 1500 34 514386 29.136962 106.571290 0.000000
0000 000000 0.000000 0.000000 0.000000 0.000000 1500 1500 -1.800760 1500 34 564463 29.166388 106.442668 0.000000
0000 000000 0.000000 0.000000 0.000000 0.000000 1500 1500 -1.802192 1500 34 614562 29.194646 106.312460 0.000000
0000 000000 0.000000 0.000000 0.000000 0.000000 1500 1500 -1.803129 1500 34 664661 29.221745 106.180687 0.000000
0000 000000 0.000000 0.000000 0.000000 0.000000 1500 1500 -1.803515 1500 34 714759 29.247697 106.047373 0.000000
0000 000000 0.000000 0.000000 0.000000 0.000000 1500 1500 -1.803283 1500 34 764859 29.272514 105.912538 0.000000
0000 000000 0.000000 0.000000 0.000000 0.000000 1500 1500 -1.802360 1500 34 814958 29.296210 105.776204 0.000000
0000 000000 0.000000 0.000000 0.000000 0.000000 1500 1500 -1.800663 1500 34 865059 29.318802 105.638390 0.000000
0000 000000 0.000000 0.000000 0.000000 0.000000 1500 1500 -1.798098 1500 34 915158 29.340308 105.499116 0.000000
0000 000000 0.000000 0.000000 0.000000 0.000000 1500 1500 -1.794561 1500 34 965259 29.360747 105.358400 0.000000
0000 000000 0.000000 0.000000 0.000000 0.000000 1500 1500 -1.789933 1500 35 15360 29.380145 105.216260 0.000000
0000 000000 0.000000 0.000000 0.000000 0.000000 1500 1500 -1.784084 1500 35 65461 29.398526 105.072711 0.000000
0000 000000 0.000000 0.000000 0.000000 0.000000 1500 1500 -1.776870 1500 35 115563 29.415920 104.927770 0.000000
0000 000000 0.000000 0.000000 0.000000 0.000000 1500 1500 -1.768132 1500 35 165664 29.432361 104.781451 0.000000
0000 000000 0.000000 0.000000 0.000000 0.000000 1500 1500 -1.757701 1500 35 215749 29.447886 104.633767 0.000000
0000 000000 0.000000 0.000000 0.000000 0.000000 1500 1500 -1.745394 1500 35 265836 29.462537 104.484730 0.000000
0000 000000 0.000000 0.000000 0.000000 0.000000 1500 1500 -1.731025 1500 35 315919 29.476361 104.334353 0.000000
0000 000000 0.000000 0.000000 0.000000 0.000000 1500 1500 -1.714406 1500 35 366018 29.489412 104.182646 0.000000
0000 000000 0.000000 0.000000 0.000000 0.000000 1500 1500 -1.695361 1500 35 416118 29.501750 104.029618 0.000000
0000 000000 0.000000 0.000000 0.000000 0.000000 1500 1500 -1.673741 1500 35 466211 29.513439 103.875279 0.000000
0000 000000 0.000000 0.000000 0.000000 0.000000 1500 1500 -1.649442 1500 35 516317 29.524555 103.719637 0.000000
0000 000000 0.000000 0.000000 0.000000 0.000000 1500 1500 -1.622432 1500 35 566409 29.535178 103.562703 0.000000
0000 000000 0.000000 0.000000 0.000000 0.000000 1500 1500 -1.592781 1500 35 616516 29.545399 103.404487 0.000000
0000 000000 0.000000 0.000000 0.000000 0.000000 1500 1500 -1.560698 1500 35 666609 29.555314 103.244999 0.000000
0000 000000 0.000000 0.000000 0.000000 0.000000 1500 1500 -1.526555 1500 35 716713 29.565029 103.084254 0.000000
0000 000000 0.000000 0.000000 0.000000 0.000000 1500 1500 -1.490919 1500 35 766805 29.574655 102.922268 0.000000
0000 000000 0.000000 0.000000 0.000000 0.000000 1500 1500 -1.454551 1500 35 816905 29.584308 102.759062 0.000000
0000 000000 0.000000 0.000000 0.000000 0.000000 1500 1500 -1.418395 1500 35 867005 29.594108 102.594659 0.000000
0000 000000 0.000000 0.000000 0.000000 0.000000 1500 1500 -1.383531 1500 35 917105 29.604173 102.429088 0.000000
0000 000000 0.000000 0.000000 0.000000 0.000000 1500 1500 -1.351111 1500 35 967206 29.614619 102.262380 0.000000
0000 000000 0.000000 0.000000 0.000000 0.000000 1500 1500 -1.322282 1500 36 17306 29.625554 102.094571 0.000000
0000 000000 0.000000 0.000000 0.000000 0.000000 1500 1500 -1.322282 1500 36 67405 29.637078 101.925696 0.000000
0000 000000 0.000000 0.000000 0.000000 0.000000 1500 1500 -1.322282 1500 36 117479 29.649233 101.755783 0.000000
0000 000000 0.000000 0.000000 0.000000 0.000000 1500 1500 -1.322282 1500 36 167577 29.662037 101.584850 0.000000
0000 000000 0.000000 0.000000 0.000000 0.000000 1500 1500 -1.322282 1500 36 217652 29.675495 101.412916 0.000000
0000 000000 0.000000 0.000000 0.000000 0.000000 1500 1500 -1.322282 1500 36 267755 29.689604 101.239996 0.000000
0000 000000 0.000000 0.000000 0.000000 0.000000 1500 1500 -1.322282 1500 36 317829 29.704359 101.066103 0.000000
0000 000000 0.000000 0.000000 0.000000 0.000000 1500 1500 -1.322282 1500 36 367905 29.719752 100.891251 0.000000
0000 000000 0.000000 0.000000 0.000000 0.000000 1500 1500 -1.322282 1500 36 418002 29.735776 100.715453 0.000000
0000 000000 0.000000 0.000000 0.000000 0.000000 1500 1500 -1.322282 1500 36 468088 29.752422 100.538723 0.000000
0000 000000 0.000000 0.000000 0.000000 0.000000 1500 1500 -1.322282 1500 36 518166 29.769683 100.361072 0.000000
0000 000000 0.000000 0.000000 0.000000 0.000000 1500 1500 -1.322282 1500 36 568249 29.787550 100.182514 0.000000
0000 000000 0.000000 0.000000 0.000000 0.000000 1500 1500 -1.322282 1500 36 618332 29.806016 100.003060 0.000000
0000 000000 0.000000 0.000000 0.000000 0.000000 1500 1500 -1.322282 1500 36 668399 29.825071 99.822723 0.000000
0000 000000 0.000000 0.000000 0.000000 0.000000 1500 1500 -1.322282 1500 36 718466 29.844708 99.641515 0.000000
0000 000000 0.000000 0.000000 0.000000 0.000000 1500 1500 -1.322282 1500 36 768548 29.864919 99.459447 0.000000
0000 000000 0.000000 0.000000 0.000000 0.000000 1500 1500 -1.322282 1500 36 818645 29.885697 99.276531 0.000000
0000 000000 0.000000 0.000000 0.000000 0.000000 1500 1500 -1.322282 1500 36 868708 29.907033 99.092778 0.000000
0000 000000 0.000000 0.000000 0.000000 0.000000 1500 1500 -1.322282 1500 36 918806 29.928921 98.908201 0.000000
0000 000000 0.000000 0.000000 0.000000 0.000000 1500 1500 -1.322282 1500 36 968906 29.951352 98.722809 0.000000
0000 000000 0.000000 0.000000 0.000000 0.000000 1500 1500 -1.322282 1500 37 19005 29.974320 98.536614 0.000000
0000 000000 0.000000 0.000000 0.000000 0.000000 1500 1500 -1.322282 1500 37 69101 29.997817 98.349627 0.000000
0000 000000 0.000000 0.000000 0.000000 0.000000 1500 1500 -1.322282 1500 37 119197 30.021836 98.161858 0.000000
0000 000000 0.000000 0.000000 0.000000 0.000000 1500 1500 -1.322282 1500 37 169293 30.046370 97.973319 0.000000
0000 000000 0.000000 0.000000 0.000000 0.000000 1500 1500 -1.322282 1500 37 219389 30.071411 97.784019 0.000000
0000 000000 0.000000 0.000000 0.000000 0.000000 1500 1500 -1.322282 1500 37 269488 30.096954 97.593968 0.000000
0000 000000 0.000000 0.000000 0.000000 0.000000 1500 1500 -1.322282 1500 37 319587 30.122992 97.403178 0.000000
0000 000000 0.000000 0.000000 0.000000 0.000000 1500 1500 -1.322282 1500 37 369685 30.149517 97.211657 0.000000
0000 000000 0.000000 0.000000 0.000000 0.000000 1500 1500 -1.322282 1500 37 419781 30.176523 97.019416 0.000000
0000 000000 0.000000 0.000000 0.000000 0.000000 1500 1500 -1.322282 1500 37 469834 30.204003 96.826465 0.000000
0000 000000 0.000000 0.000000 0.000000 0.000000 1500 1500 -1.322282 1500 37 519933 30.231952 96.632813 0.000000
0000 000000 0.000000 0.000000 0.000000 0.000000 1500 1500 -1.322282 1500 37 570005 30.260363 96.438469 0.000000
0000 000000 0.000000 0.000000 0.000000 0.000000 1500 1500 -1.322282 1500 37 620102 30.289229 96.243443 0.000000
0000 000000 0.000000 0.000000 0.000000 0.000000 1500 1500 -1.322282 1500 37 670169 30.318545 96.047745 0.000000
0000 000000 0.000000 0.000000 0.000000 0.000000 1500 1500 -1.322282 1500 37 720265 30.348304 95.851382 0.000000
0000 000000 0.000000 0.000000 0.000000 0.000000 1500 1500 -1.322282 1500 37 770362 30.378501 95.654365 0.000000
0000 000000 0.000000 0.000000 0.000000 0.000000 1500 1500 -1.322282 1500 37 820458 30.409128 95.456702 0.000000
0000 000000 0.000000 0.000000 0.000000 0.000000 1500 1500 -1.322282 1500 37 870554 30.440182 95.258401 0.000000
0000 000000 0.000000 0.000000 0.000000 0.000000 1500 1500 -1.322282 1500 37 920650 30.471656 95.059472 0.000000
0000 000000 0.000000 0.000000 0.000000 0.000000 1500 1500 -1.322282 1500 37 970746 30.503543 94.859923 0.000000
0000 000000 0.000000 0.000000 0.000000 0.000000 1500 1500 -1.322282 1500 38 20844 30.535840 94.659762 0.000000
0000 000000 0.000000 0.000000 0.000000 0.000000 1500 1500 -1.322282 1500 38 70942 30.568539 94.458998 0.000000
0000 000000 0.000000 0.000000 0.000000 0.000000 1500 1500 -1.322282 1500 38 121004 30.601636 94.257638 0.000000
0000 000000 0.000000 0.000000 0.000000 0.000000 1500 1500 -1.322282 1500 38 171102 30.635125 94.055691 0.000000
0000 000000 0.000000 0.000000 0.000000 0.000000 1500 1500 -1.322282 1500 38 221177 30.669002 93.853164 0.000000
0000 000000 0.000000 0.000000 0.000000 0.000000 1500 1500 -1.322282 1500 38 271274 30.703260 93.650067 0.000000
0000 000000 0.000000 0.000000 0.000000 0.000000 1500 1500 -1.322282 1500 38 321336 30.737894 93.446405 0.000000
0000 000000 0.000000 0.000000 0.000000 0.000000 1500 1500 -1.322282 1500 38 371434 30.772900 93.242187 0.000000
0000 000000 0.000000 0.000000 0.000000 0.000000 1500 1500 -1.322282 1500 38 421530 30.808273 93.037420 0.000000
0000 000000 0.000000 0.000000 0.000000 0.000000 1500 1500 -1.322282 1500 38 471632 30.844007 92.832113 0.000000
0000 000000 0.000000 0.000000 0.000000 0.000000 1500 1500 -1.322282 1500 38 521730 30.880098 92.626271 0.000000
0000 000000 0.000000 0.000000 0.000000 0.000000 1500 1500 -1.322282 1500 38 571828 30.916540 92.419902 0.000000
0000 000000 0.000000 0.000000 0.000000 0.000000 1500 1500 -1.322282 1500 38 621924 30.953330 92.213014 0.000000
0000 000000 0.000000 0.000000 0.000000 0.000000 1500 1500 -1.322282 1500 38 672022 30.990462 92.005614 0.000000
0000 000000 0.000000 0.000000 0.000000 0.000000 1500 1500 -1.322282 1500 38 722123 31.027931 91.797707 0.000000
0000 000000 0.000000 0.000000 0.000000 0.000000 1500 1500 -1.322282 1500 38 772199 31.065734 91.589302 0.000000
0000 000000 0.000000 0.000000 0.000000 0.000000 1500 1500 -1.322282 1500 38 822296 31.103866 91.380405 0.000000
0000 000000 0.000000 0.000000 0.000000 0.000000 1500 1500 -1.322282 1500 38 872393 31.142322 91.171022 0.000000
0000 000000 0.000000 0.000000 0.000000 0.000000 1500 1500 -1.322282 1500 38 922491 31.181097 90.961161 0.000000
0000 000000 0.000000 0.000000 0.000000 0.000000 1500 1500 -1.322282 1500 38 972589 31.220189 90.750827 0.000000
0000 000000 0.000000 0.000000 0.000000 0.000000 1500 1500 -1.322282 1500 39 22687 31.259591 90.540027 0.000000
0000 000000 0.000000 0.000000 0.000000 0.000000 1500 1500 -1.322282 1500 39 72784 31.299301 90.328768 0.000000
0000 000000 0.000000 0.000000 0.000000 0.000000 1500 1500 -1.322282 1500 39 122882 31.339313 90.117054 0.000000
0000 000000 0.000000 0.000000 0.000000 0.000000 1500 1500 -1.322282 1500 39 172981 31.379624 89.904894 0.000000
0000 000000 0.000000 0.000000 0.000000 0.000000 1500 1500 -1.322282 1500 39 223062 31.420230 89.692292 0.000000
0000 000000 0.000000 0.000000 0.000000 0.000000 1500 1500 -1.322282 1500 39 273140 31.461127 89.479255 0.000000
0000 000000 0.000000 0.000000 0.000000 0.000000 1500 1500 -1.322282 1500 39 323236 31.502311 89.265788 0.000000
0000 000000 0.000000 0.000000 0.000000 0.000000 1500 1500 -1.322282 1500 39 373335 31.543778 89.051898 0.000000
0000 000000 0.000000 0.000000 0.000000 0.000000 1500 1500 -1.322282 1500 39 423430 31.585523 88.837590 0.000000
0000 000000 0.000000 0.000000 0.000000 0.000000 1500 1500 -1.322282 1500 39 473515 31.627545 88.622869 0.000000
0000 000000 0.000000 0.000000 0.000000 0.000000 1500 1500 -1.322282 1500 39 523593 31.669838 88.407742 0.000000
0000 000000 0.000000 0.000000 0.000000 0.000000 1500 1500 -1.322282 1500 39 573676 31.712399 88.192213 0.000000
0000 000000 0.000000 0.000000 0.000000 0.000000 1500 1500 -1.322282 1500 39 623759 31.755224 87.976289 0.000000
0000 000000 0.000000 0.000000 0.000000 0.000000 1500 1500 -1.322282 1500 39 673795 31.798310 87.759974 0.000000
0000 000000 0.000000 0.000000 0.000000 0.000000 1500 1500 -1.322282 1500 39 723876 31.841654 87.543274 0.000000
0000 000000 0.000000 0.000000 0.000000 0.000000 1500 1500 -1.322282 1500 39 773957 31.885251 87.326194 0.000000
0000 000000 0.000000 0.000000 0.000000 0.000000 1500 1500 -1.322282 1500 39 824053 31.929098 87.108739 0.000000
0000 000000 0.000000 0.000000 0.000000 0.000000 1500 1500 -1.322282 1500 39 874154 31.973193 86.890914 0.000000
0000 000000 0.000000 0.000000 0.000000 0.000000 1500 1500 -1.322282 1500 39 924250 32.017531 86.672725 0.000000
0000 000000 0.000000 0.000000 0.000000 0.000000 1500 1500 -1.322282 1500 39 974349 32.062110 86.454176 0.000000
0000 000000 0.000000 0.000000 0.000000 0.000000 1500 1500 -1.322282 1500 40 24424 32.106926 86.235271 0.000000
0000 000000 0.000000 0.000000 0.000000 0.000000 1500 1500 -1.322282 1500 40 74494 32.151975 86.016017 0.000000
0000 000000 0.000000 0.000000 0.000000 0.000000 1500 1500 -1.322282 1500 40 124568 32.197256 85.796417 0.000000
0000 000000 0.000000 0.000000 0.000000 0.000000 1500 1500 -1.322282 1500 40 174666 32.242764 85.576476 0.000000
0000 000000 0.000000 0.000000 0.000000 0.000000 1500 1500 -1.322282 1500 40 224762 32.288496 85.356199 0.000000
0000 000000 0.000000 0.000000 0.000000 0.000000 1500 1500 -1.322282 1500 40 274859 32.334450 85.135591 0.000000
0000 000000 0.000000 0.000000 0.000000 0.000000 1500 1500 -1.322282 1500 40 324934 32.380623 84.914655 0.000000
0000 000000 0.000000 0.000000 0.000000 0.000000 1500 1500 -1.322282 1500 40 375031 32.427011 84.693396 0.000000
0000 000000 0.000000 0.000000 0.000000 0.000000 1500 1500 -1.322282 1500 40 425127 32.473612 84.471819 0.000000
0000 000000 0.000000 0.000000 0.000000 0.000000 1500 1500 -1.322282 1500 40 475232 32.520423 84.249928 0.000000
0000 000000 0.000000 0.000000 0.000000 0.000000 1500 1500 -1.322282 1500 40 525330 32.567440 84.027728 0.000000
0000 000000 0.000000 0.000000 0.000000 0.000000 1500 1500 -1.322282 1500 40 575417 32.614662 83.805221 0.000000
0000 000000 0.000000 0.000000 0.000000 0.000000 1500 1500 -1.322282 1500 40 625515 32.662085 83.582413 0.000000
0000 000000 0.000000 0.000000 0.000000 0.000000 1500 1500 -1.322282 1500 40 675579 32.709707 83.359308 0.000000
0000 000000 0.000000 0.000000 0.000000 0.000000 1500 1500 -1.322282 1500 40 725677 32.757525 83.135909 0.000000
0000 000000 0.000000 0.000000 0.000000 0.000000 1500 1500 -1.322282 1500 40 775776 32.805536 82.912221 0.000000
0000 000000 0.000000 0.000000 0.000000 0.000000 1500 1500 -1.322282 1500 40 825874 32.853738 82.688247 0.000000
0000 000000 0.000000 0.000000 0.000000 0.000000 1500 1500 -1.322282 1500 40 875973 32.902128 82.463991 0.000000
0000 000000 0.000000 0.000000 0.000000 0.000000 1500 1500 -1.322282 1500 40 926044 32.950704 82.239458 0.000000
0000 000000 0.000000 0.000000 0.000000 0.000000 1500 1500 -1.322282 1500 40 976141 32.999462 82.014650 0.000000
0000 000000 0.000000 0.000000 0.000000 0.000000 1500 1500 -1.322282 1500 41 26215 33.048402 81.789572 0.000000
0000 000000 0.000000 0.000000 0.000000 0.000000 1500 1500 -1.322282 1500 41 76314 33.097519 81.564228 0.000000
0000 000000 0.000000 0.000000 0.000000 0.000000 1500 1500 -1.322282 1500 41 126413 33.146813 81.338620 0.000000
0000 000000 0.000000 0.000000 0.000000 0.000000 1500 1500 -1.322282 1500 41 176513 33.196279 81.112752 0.000000
0000 000000 0.000000 0.000000 0.000000 0.000000 1500 1500 -1.322282 1500 41 226615 33.245917 80.886629 0.000000
0000 000000 0.000000 0.000000 0.000000 0.000000 1500 1500 -1.322282 1500 41 276713 33.295724 80.660252 0.000000
0000 000000 0.000000 0.000000 0.000000 0.000000 1500 1500 -1.322282 1500 41 326811 33.345697 80.433627 0.000000
0000 000000 0.000000 0.000000 0.000000 0.000000 1500 1500 -1.322282 1500 41 376909 33.395834 80.206756 0.000000
0000 000000 0.000000 0.000000 0.000000 0.000000 1500 1500 -1.322282 1500 41 427007 33.446133 79.979642 0.000000
0000 000000 0.000000 0.000000 0.000000 0.000000 1500 1500 -1.322282 1500 41 477098 33.496592 79.752289 0.000000
0000 000000 0.000000 0.000000 0.000000 0.000000 1500 1500 -1.322282 1500 41 527197 33.547209 79.524700 0.000000
0000 000000 0.000000 0.000000 0.000000 0.000000 1500 1500 -1.322282 1500 41 577294 33.597981 79.296878 0.000000
0000 000000 0.000000 0.000000 0.000000 0.000000 1500 1500 -1.322282 1500 41 627391 33.648907 79.068826 0.000000
0000 000000 0.000000 0.000000 0.000000 0.000000 1500 1500 -1.322282 1500 41 677488 33.699984 78.840548 0.000000
0000 000000 0.000000 0.000000 0.000000 0.000000 1500 1500 -1.322282 1500 41 727587 33.751210 78.612046 0.000000
0000 000000 0.000000 0.000000 0.000000 0.000000 1500 1500 -1.322282 1500 41 777686 33.802584 78.383324 0.000000
0000 000000 0.000000 0.000000 0.000000 0.000000 1500 1500 -1.322282 1500 41 827786 33.854103 78.154384 0.000000
0000 000000 0.000000 0.000000 0.000000 0.000000 1500 1500 -1.322282 1500 41 877884 33.905765 77.925230 0.000000
0000 000000 0.000000 0.000000 0.000000 0.000000 1500 1500 -1.322282 1500 41 927982 33.957568 77.695864 0.000000
0000 000000 0.000000 0.000000 0.000000 0.000000 1500 1500 -1.322282 1500 41 978080 34.009511 77.466289 0.000000
0000 000000 0.000000 0.000000 0.000000 0.000000 1500 1500 -1.322282 1500 42 28178 34.061592 77.236508 0.000000
0000 000000 0.000000 0.000000 0.000000 0.000000 1500 1500 -1.322282 1500 42 78273 34.113808 77.006524 0.000000
0000 000000 0.000000 0.000000 0.000000 0.000000 1500 1500 -1.322282 1500 42 128348 34.166159 76.776339 0.000000
0000 000000 0.000000 0.000000 0.000000 0.000000 1500 1500 -1.322282 1500 42 178410 34.218641 76.545957 0.000000
0000 000000 0.000000 0.000000 0.000000 0.000000 1500 1500 -1.322282 1500 42 228510 34.271254 76.315379 0.000000
0000 000000 0.000000 0.000000 0.000000 0.000000 1500 1500 -1.322282 1500 42 278606 34.323995 76.084610 0.000000
0000 000000 0.000000 0.000000 0.000000 0.000000 1500 1500 -1.322282 1500 42 328703 34.376863 75.853650 0.000000
0000 000000 0.000000 0.000000 0.000000 0.000000 1500 1500 -1.322282 1500 42 378782 34.429856 75.622503 0.000000
0000 000000 0.000000 0.000000 0.000000 0.000000 1500 1500 -1.322282 1000 42 428880 34.429856 75.622503 0.000000
0000 000000 0.000000 0.000000 0.000000 0.000000 1500 1500 -1.322282 1000 42 478967 34.429856 75.622503 0.000000
0000 000000 0.000000 0.000000 0.000000 0.000000 1500 1500 -1.322282 1000 42 529048 34.429856 75.622503 0.000000
0000 000000 0.000000 0.000000 0.000000 0.000000 1500 1500 -1.322282 1000 42 579129 34.429856 75.622503 0.000000
0000 000000 0.000000 0.000000 0.000000 0.000000 1500 1500 -1.322282 1000 42 629209 34.429856 75.622503 0.000000
0000 000000 0.000000 0.000000 0.000000 0.000000 1500 1500 -1.322282 1000 42 679290 34.429856 75.622503 0.000000
0000 000000 0.000000 0.000000 0.000000 0.000000 1500 1500 -1.322282 1000 42 729369 34.429856 75.622503 0.000000
0000 000000 0.000000 0.000000 0.000000 0.000000 1500 1500 -1.322282 1000 42 779467 34.429856 75.622503 0.000000
0000 000000 0.000000 0.000000 0.000000 0.000000 1500 1500 -1.322282 1000 42 829566 34.429856 75.622503 0.000000
