0000 000000 0.000000 0.000000 0.000000 0.000000 1500 1500 0.000000 950 0 500492 0.000000 0.000000 0.000000
0000 000000 0.000000 0.000000 0.000000 0.000000 1500 1500 0.000000 950 0 550575 0.000000 0.000000 0.000000
0000 000000 0.000000 0.000000 0.000000 0.000000 1500 1500 0.000000 950 0 600673 0.000000 0.000000 0.000000
0000 000000 0.000000 0.000000 0.000000 0.000000 1500 1500 0.000000 950 0 650770 0.000000 0.000000 0.000000
0000 000000 0.000000 0.000000 0.000000 0.000000 1500 1500 0.000000 950 0 700867 0.000000 0.000000 0.000000
0000 000000 0.000000 0.000000 0.000000 0.000000 1500 1500 0.000000 950 0 750966 0.000000 0.000000 0.000000
0000 000000 0.000000 0.000000 0.000000 0.000000 1500 1500 0.000000 950 0 801065 0.000000 0.000000 0.000000
0000 000000 0.000000 0.000000 0.000000 0.000000 1500 1500 0.000000 950 0 851161 0.000000 0.000000 0.000000
0000 000000 0.000000 0.000000 0.000000 0.000000 1500 1500 0.000000 950 0 901257 0.000000 0.000000 0.000000
0000 000000 0.000000 0.000000 0.000000 0.000000 1500 1500 0.000000 950 0 951352 0.000000 0.000000 0.000000
0000 000000 0.000000 0.000000 0.000000 0.000000 1500 1500 0.000000 950 1 1448 0.000000 0.000000 0.000000
0000 000000 0.000000 0.000000 0.000000 0.000000 1500 1500 0.000000 950 1 51545 0.000000 0.000000 0.000000
0000 000000 0.000000 0.000000 0.000000 0.000000 1500 1500 0.000000 950 1 101641 0.000000 0.000000 0.000000
0000 000000 0.000000 0.000000 0.000000 0.000000 1500 1500 0.000000 950 1 151738 0.000000 0.000000 0.000000
0000 000000 0.000000 0.000000 0.000000 0.000000 1500 1500 0.000000 950 1 201833 0.000000 0.000000 0.000000
0000 000000 0.000000 0.000000 0.000000 0.000000 1500 1500 0.000000 950 1 251929 0.000000 0.000000 0.000000
0000 000000 0.000000 0.000000 0.000000 0.000000 1500 1500 0.000000 950 1 302026 0.000000 0.000000 0.000000
0000 000000 0.000000 0.000000 0.000000 0.000000 1500 1500 0.000000 950 1 352125 0.000000 0.000000 0.000000
0000 000000 0.000000 0.000000 0.000000 0.000000 1500 1500 0.000000 950 1 402221 0.000000 0.000000 0.000000
0000 000000 0.000000 0.000000 0.000000 0.000000 1500 1500 0.000000 950 1 452316 0.000000 0.000000 0.000000
0000 000000 0.000000 0.000000 0.000000 0.000000 1500 1500 0.000000 950 1 502411 0.000000 0.000000 0.000000
0000 000000 0.000000 0.000000 0.000000 0.000000 1500 1500 0.000000 950 1 552509 0.000000 0.000000 0.000000
0000 000000 0.000000 0.000000 0.000000 0.000000 1500 1500 0.000000 950 1 602606 0.000000 0.000000 0.000000
0000 000000 0.000000 0.000000 0.000000 0.000000 1500 1500 0.000000 950 1 652704 0.000000 0.000000 0.000000
0000 000000 0.000000 0.000000 0.000000 0.000000 1500 1500 0.000000 950 1 702800 0.000000 0.000000 0.000000
0000 000000 0.000000 0.000000 0.000000 0.000000 1500 1500 0.000000 950 1 752895 0.000000 0.000000 0.000000
0000 000000 0.000000 0.000000 0.000000 0.000000 1500 1500 0.000000 950 1 802984 0.000000 0.000000 0.000000
0000 000000 0.000000 0.000000 0.000000 0.000000 1500 1500 0.000000 950 1 853072 0.000000 0.000000 0.000000
0000 000000 0.000000 0.000000 0.000000 0.000000 1500 1500 0.000000 950 1 903157 0.000000 0.000000 0.000000
0000 000000 0.000000 0.000000 0.000000 0.000000 1500 1500 0.000000 950 1 953231 0.000000 0.000000 0.000000
0000 000000 0.000000 0.000000 0.000000 0.000000 1500 1500 0.000000 950 2 3328 0.000000 0.000000 0.000000
0000 000000 0.000000 0.000000 0.000000 0.000000 1500 1500 0.250341 1500 2 53427 0.003413 0.000000 0.000000
0000 000000 0.000000 0.000000 0.000000 0.000000 1500 1500 0.251014 1500 2 103524 0.010166 0.000017 0.000000
0000 000000 0.000000 0.000000 0.000000 0.000000 1500 1500 0.252009 1500 2 153623 0.020185 0.000068 0.000000
0000 000000 0.000000 0.000000 0.000000 0.000000 1500 1500 0.253318 1500 2 203723 0.033401 0.000168 0.000000
0000 000000 0.000000 0.000000 0.000000 0.000000 1500 1500 0.254934 1500 2 253827 0.049744 0.000332 0.000000
0000 000000 0.000000 0.000000 0.000000 0.000000 1500 1500 0.256849 1500 2 303930 0.069146 0.000576 0.000000
0000 000000 0.000000 0.000000 0.000000 0.000000 1500 1500 0.259058 1500 2 354030 0.091539 0.000913 0.000000
0000 000000 0.000000 0.000000 0.000000 0.000000 1500 1500 0.261555 1500 2 404130 0.116860 0.001357 0.000000
0000 000000 0.000000 0.000000 0.000000 0.000000 1500 1500 0.264336 1500 2 454230 0.145045 0.001921 0.000000
0000 000000 0.000000 0.000000 0.000000 0.000000 1500 1500 0.267396 1500 2 504330 0.176030 0.002619 0.000000
0000 000000 0.000000 0.000000 0.000000 0.000000 1500 1500 0.270733 1500 2 554429 0.209754 0.003462 0.000000
0000 000000 0.000000 0.000000 0.000000 0.000000 1500 1500 0.274341 1500 2 604529 0.246158 0.004462 0.000000
0000 000000 0.000000 0.000000 0.000000 0.000000 1500 1500 0.278220 1500 2 654629 0.285183 0.005632 0.000000
0000 000000 0.000000 0.000000 0.000000 0.000000 1500 1500 0.282367 1500 2 704706 0.326771 0.006983 0.000000
0000 000000 0.000000 0.000000 0.000000 0.000000 1500 1500 0.286779 1500 2 754804 0.370865 0.008527 0.000000
0000 000000 0.000000 0.000000 0.000000 0.000000 1500 1500 0.291455 1500 2 804904 0.417412 0.010273 0.000000
0000 000000 0.000000 0.000000 0.000000 0.000000 1500 1500 0.296394 1500 2 855004 0.466356 0.012233 0.000000
0000 000000 0.000000 0.000000 0.000000 0.000000 1500 1500 0.301595 1500 2 905081 0.517644 0.014418 0.000000
0000 000000 0.000000 0.000000 0.000000 0.000000 1500 1500 0.307057 1500 2 955180 0.571225 0.016837 0.000000
0000 000000 0.000000 0.000000 0.000000 0.000000 1500 1500 0.312780 1500 3 5281 0.627048 0.019501 0.000000
0000 000000 0.000000 0.000000 0.000000 0.000000 1500 1500 0.318762 1500 3 55381 0.685063 0.022420 0.000000
0000 000000 0.000000 0.000000 0.000000 0.000000 1500 1500 0.325005 1500 3 105482 0.745220 0.025604 0.000000
0000 000000 0.000000 0.000000 0.000000 0.000000 1500 1500 0.331507 1500 3 155585 0.807473 0.029062 0.000000
0000 000000 0.000000 0.000000 0.000000 0.000000 1500 1500 0.338269 1500 3 205684 0.871774 0.032805 0.000000
0000 000000 0.000000 0.000000 0.000000 0.000000 1500 1500 0.345292 1500 3 255784 0.938078 0.036842 0.000000
0000 000000 0.000000 0.000000 0.000000 0.000000 1500 1500 0.352574 1500 3 305876 1.006339 0.041183 0.000000
0000 000000 0.000000 0.000000 0.000000 0.000000 1500 1500 0.360117 1500 3 355969 1.076512 0.045837 0.000000
0000 000000 0.000000 0.000000 0.000000 0.000000 1500 1500 0.367920 1500 3 406068 1.148555 0.050813 0.000000
0000 000000 0.000000 0.000000 0.000000 0.000000 1500 1500 0.375984 1500 3 456168 1.222426 0.056122 0.000000
0000 000000 0.000000 0.000000 0.000000 0.000000 1500 1500 0.384309 1500 3 506267 1.298081 0.061773 0.000000
0000 000000 0.000000 0.000000 0.000000 0.000000 1500 1500 0.392894 1500 3 556366 1.375481 0.067775 0.000000
0000 000000 0.000000 0.000000 0.000000 0.000000 1500 1500 0.401741 1500 3 606443 1.454586 0.074137 0.000000
0000 000000 0.000000 0.000000 0.000000 0.000000 1500 1500 0.410850 1500 3 656543 1.535355 0.080871 0.000000
0000 000000 0.000000 0.000000 0.000000 0.000000 1500 1500 0.420219 1500 3 706643 1.617750 0.087984 0.000000
0000 000000 0.000000 0.000000 0.000000 0.000000 1500 1500 0.429849 1500 3 756759 1.701733 0.095487 0.000000
0000 000000 0.000000 0.000000 0.000000 0.000000 1500 1500 0.439739 1500 3 806836 1.787268 0.103389 0.000000
0000 000000 0.000000 0.000000 0.000000 0.000000 1500 1500 0.449890 1500 3 856938 1.874316 0.111701 0.000000
0000 000000 0.000000 0.000000 0.000000 0.000000 1500 1500 0.460300 1500 3 907015 1.962843 0.120432 0.000000
0000 000000 0.000000 0.000000 0.000000 0.000000 1500 1500 0.470969 1500 3 957092 2.052812 0.129592 0.000000
0000 000000 0.000000 0.000000 0.000000 0.000000 1500 1500 0.481895 1500 4 7191 2.144189 0.139192 0.000000
0000 000000 0.000000 0.000000 0.000000 0.000000 1500 1500 0.493079 1500 4 57268 2.236940 0.149241 0.000000
0000 000000 0.000000 0.000000 0.000000 0.000000 1500 1500 0.504517 1500 4 107368 2.331030 0.159750 0.000000
0000 000000 0.000000 0.000000 0.000000 0.000000 1500 1500 0.516210 1500 4 157468 2.426428 0.170730 0.000000
0000 000000 0.000000 0.000000 0.000000 0.000000 1500 1500 0.528155 1500 4 207568 2.523100 0.182190 0.000000
0000 000000 0.000000 0.000000 0.000000 0.000000 1500 1500 0.540350 1500 4 257668 2.621013 0.194142 0.000000
0000 000000 0.000000 0.000000 0.000000 0.000000 1500 1500 0.552793 1500 4 307771 2.720137 0.206596 0.000000
0000 000000 0.000000 0.000000 0.000000 0.000000 1500 1500 0.565482 1500 4 357870 2.820440 0.219564 0.000000
0000 000000 0.000000 0.000000 0.000000 0.000000 1500 1500 0.578415 1500 4 407969 2.921891 0.233056 0.000000
0000 000000 0.000000 0.000000 0.000000 0.000000 1500 1500 0.591588 1500 4 458068 3.024461 0.247084 0.000000
0000 000000 0.000000 0.000000 0.000000 0.000000 1500 1500 0.604999 1500 4 508131 3.128118 0.261659 0.000000
0000 000000 0.000000 0.000000 0.000000 0.000000 1500 1500 0.618644 1500 4 558230 3.232833 0.276792 0.000000
0000 000000 0.000000 0.000000 0.000000 0.000000 1500 1500 0.632520 1500 4 608302 3.338577 0.292495 0.000000
0000 000000 0.000000 0.000000 0.000000 0.000000 1500 1500 0.646624 1500 4 658399 3.445322 0.308780 0.000000
0000 000000 0.000000 0.000000 0.000000 0.000000 1500 1500 0.660950 1500 4 708492 3.553038 0.325660 0.000000
0000 000000 0.000000 0.000000 0.000000 0.000000 1500 1500 0.675496 1500 4 758563 3.661697 0.343145 0.000000
0000 000000 0.000000 0.000000 0.000000 0.000000 1500 1500 0.690256 1500 4 808664 3.771272 0.361248 0.000000
0000 000000 0.000000 0.000000 0.000000 0.000000 1500 1500 0.705227 1500 4 858764 3.881734 0.379982 0.000000
0000 000000 0.000000 0.000000 0.000000 0.000000 1500 1500 0.720402 1500 4 908865 3.993055 0.399358 0.000000
0000 000000 0.000000 0.000000 0.000000 0.000000 1500 1500 0.735779 1500 4 958964 4.105210 0.419390 0.000000
0000 000000 0.000000 0.000000 0.000000 0.000000 1500 1500 0.751350 1500 5 9066 4.218170 0.440091 0.000000
0000 000000 0.000000 0.000000 0.000000 0.000000 1500 1500 0.767111 1500 5 59165 4.331910 0.461472 0.000000
0000 000000 0.000000 0.000000 0.000000 0.000000 1500 1500 0.783056 1500 5 109265 4.446401 0.483548 0.000000
0000 000000 0.000000 0.000000 0.000000 0.000000 1500 1500 0.799179 1500 5 159364 4.561618 0.506330 0.000000
0000 000000 0.000000 0.000000 0.000000 0.000000 1500 1500 0.815474 1500 5 209463 4.677534 0.529833 0.000000
0000 000000 0.000000 0.000000 0.000000 0.000000 1500 1500 0.831936 1500 5 259562 4.794124 0.554069 0.000000
0000 000000 0.000000 0.000000 0.000000 0.000000 1500 1500 0.848557 1500 5 309661 4.911360 0.579052 0.000000
0000 000000 0.000000 0.000000 0.000000 0.000000 1500 1500 0.865331 1500 5 359748 5.029217 0.604795 0.000000
0000 000000 0.000000 0.000000 0.000000 0.000000 1500 1500 0.882252 1500 5 409834 5.147670 0.631311 0.000000
0000 000000 0.000000 0.000000 0.000000 0.000000 1500 1500 0.899313 1500 5 459920 5.266692 0.658615 0.000000
0000 000000 0.000000 0.000000 0.000000 0.000000 1500 1500 0.916506 1500 5 510005 5.386257 0.686719 0.000000
0000 000000 0.000000 0.000000 0.000000 0.000000 1500 1500 0.933826 1500 5 560091 5.506340 0.715638 0.000000
0000 000000 0.000000 0.000000 0.000000 0.000000 1500 1500 0.951264 1500 5 610146 5.626915 0.745384 0.000000
0000 000000 0.000000 0.000000 0.000000 0.000000 1500 1500 0.968815 1500 5 660228 5.747956 0.775972 0.000000
0000 000000 0.000000 0.000000 0.000000 0.000000 1500 1500 0.986470 1500 5 710311 5.869438 0.807415 0.000000
0000 000000 0.000000 0.000000 0.000000 0.000000 1500 1500 1.004222 1500 5 760416 5.991335 0.839727 0.000000
0000 000000 0.000000 0.000000 0.000000 0.000000 1500 1500 1.022064 1500 5 810515 6.113622 0.872921 0.000000
0000 000000 0.000000 0.000000 0.000000 0.000000 1500 1500 1.039988 1500 5 860592 6.236273 0.907011 0.000000
0000 000000 0.000000 0.000000 0.000000 0.000000 1500 1500 1.057988 1500 5 910691 6.359261 0.942009 0.000000
0000 000000 0.000000 0.000000 0.000000 0.000000 1500 1500 1.076055 1500 5 960792 6.482562 0.977931 0.000000
0000 000000 0.000000 0.000000 0.000000 0.000000 1500 1500 1.094184 1500 6 10892 6.606149 1.014789 0.000000
0000 000000 0.000000 0.000000 0.000000 0.000000 1500 1500 1.112365 1500 6 60994 6.729997 1.052596 0.000000
0000 000000 0.000000 0.000000 0.000000 0.000000 1500 1500 1.130592 1500 6 111059 6.854079 1.091365 0.000000
0000 000000 0.000000 0.000000 0.000000 0.000000 1500 1500 1.148859 1500 6 161124 6.978370 1.131109 0.000000
0000 000000 0.000000 0.000000 0.000000 0.000000 1500 1500 1.167156 1500 6 211224 7.102844 1.171842 0.000000
0000 000000 0.000000 0.000000 0.000000 0.000000 1500 1500 1.185479 1500 6 261309 7.227474 1.213575 0.000000
0000 000000 0.000000 0.000000 0.000000 0.000000 1500 1500 1.203818 1500 6 311387 7.352235 1.256322 0.000000
0000 000000 0.000000 0.000000 0.000000 0.000000 1500 1500 1.222169 1500 6 361471 7.477099 1.300094 0.000000
0000 000000 0.000000 0.000000 0.000000 0.000000 1500 1500 1.240523 1500 6 411554 7.602041 1.344904 0.000000
0000 000000 0.000000 0.000000 0.000000 0.000000 1500 1500 1.258875 1500 6 461639 7.727034 1.390764 0.000000
0000 000000 0.000000 0.000000 0.000000 0.000000 1500 1500 1.277218 1500 6 511725 7.852052 1.437684 0.000000
0000 000000 0.000000 0.000000 0.000000 0.000000 1500 1500 1.295546 1500 6 561822 7.977067 1.485677 0.000000
0000 000000 0.000000 0.000000 0.000000 0.000000 1500 1500 1.313852 1500 6 611920 8.102053 1.534754 0.000000
0000 000000 0.000000 0.000000 0.000000 0.000000 1500 1500 1.332130 1500 6 662008 8.226983 1.584925 0.000000
0000 000000 0.000000 0.000000 0.000000 0.000000 1500 1500 1.350375 1500 6 712109 8.351831 1.636201 0.000000
0000 000000 0.000000 0.000000 0.000000 0.000000 1500 1500 1.368581 1500 6 762185 8.476568 1.688592 0.000000
0000 000000 0.000000 0.000000 0.000000 0.000000 1500 1500 1.386742 1500 6 812285 8.601168 1.742108 0.000000
0000 000000 0.000000 0.000000 0.000000 0.000000 1500 1500 1.404854 1500 6 862385 8.725604 1.796758 0.000000
0000 000000 0.000000 0.000000 0.000000 0.000000 1500 1500 1.422911 1500 6 912461 8.849848 1.852552 0.000000
0000 000000 0.000000 0.000000 0.000000 0.000000 1500 1500 1.440908 1500 6 962539 8.973874 1.909497 0.000000
0000 000000 0.000000 0.000000 0.000000 0.000000 1500 1500 1.458842 1500 7 12638 9.097652 1.967604 0.000000
0000 000000 0.000000 0.000000 0.000000 0.000000 1500 1500 1.476706 1500 7 62716 9.221157 2.026878 0.000000
0000 000000 0.000000 0.000000 0.000000 0.000000 1500 1500 1.494498 1500 7 112817 9.344359 2.087329 0.000000
0000 000000 0.000000 0.000000 0.000000 0.000000 1500 1500 1.512212 1500 7 162917 9.467233 2.148963 0.000000
0000 000000 0.000000 0.000000 0.000000 0.000000 1500 1500 1.529846 1500 7 213002 9.589749 2.211786 0.000000
0000 000000 0.000000 0.000000 0.000000 0.000000 1500 1500 1.547396 1500 7 263103 9.711881 2.275805 0.000000
0000 000000 0.000000 0.000000 0.000000 0.000000 1500 1500 1.564857 1500 7 313188 9.833600 2.341025 0.000000
0000 000000 0.000000 0.000000 0.000000 0.000000 1500 1500 1.582228 1500 7 363275 9.954879 2.407452 0.000000
0000 000000 0.000000 0.000000 0.000000 0.000000 1500 1500 1.599505 1500 7 413373 10.075690 2.475090 0.000000
0000 000000 0.000000 0.000000 0.000000 0.000000 1500 1500 1.616685 1500 7 463472 10.196005 2.543944 0.000000
0000 000000 0.000000 0.000000 0.000000 0.000000 1500 1500 1.633766 1500 7 513571 10.315796 2.614017 0.000000
0000 000000 0.000000 0.000000 0.000000 0.000000 1500 1500 1.650745 1500 7 563671 10.435036 2.685313 0.000000
0000 000000 0.000000 0.000000 0.000000 0.000000 1500 1500 1.667621 1500 7 613771 10.553697 2.757833 0.000000
0000 000000 0.000000 0.000000 0.000000 0.000000 1500 1500 1.684390 1500 7 663852 10.671751 2.831581 0.000000
0000 000000 0.000000 0.000000 0.000000 0.000000 1500 1500 1.701052 1500 7 713954 10.789170 2.906557 0.000000
0000 000000 0.000000 0.000000 0.000000 0.000000 1500 1500 1.717605 1500 7 764054 10.905928 2.982763 0.000000
0000 000000 0.000000 0.000000 0.000000 0.000000 1500 1500 1.734046 1500 7 814155 11.021997 3.060199 0.000000
0000 000000 0.000000 0.000000 0.000000 0.000000 1500 1500 1.750376 1500 7 864256 11.137348 3.138865 0.000000
0000 000000 0.000000 0.000000 0.000000 0.000000 1500 1500 1.766592 1500 7 914332 11.251956 3.218761 0.000000
0000 000000 0.000000 0.000000 0.000000 0.000000 1500 1500 1.782694 1500 7 964432 11.365793 3.299885 0.000000
0000 000000 0.000000 0.000000 0.000000 0.000000 1500 1500 1.798681 1500 8 14532 11.478831 3.382236 0.000000
0000 000000 0.000000 0.000000 0.000000 0.000000 1500 1500 1.814552 1500 8 64632 11.591045 3.465811 0.000000
0000 000000 0.000000 0.000000 0.000000 0.000000 1500 1500 1.830307 1500 8 114710 11.702407 3.550607 0.000000
0000 000000 0.000000 0.000000 0.000000 0.000000 1500 1500 1.845945 1500 8 164810 11.812891 3.636621 0.000000
0000 000000 0.000000 0.000000 0.000000 0.000000 1500 1500 1.861466 1500 8 214886 11.922470 3.723849 0.000000
0000 000000 0.000000 0.000000 0.000000 0.000000 1500 1500 1.876869 1500 8 264963 12.031119 3.812285 0.000000
0000 000000 0.000000 0.000000 0.000000 0.000000 1500 1500 1.892155 1500 8 315062 12.138811 3.901926 0.000000
0000 000000 0.000000 0.000000 0.000000 0.000000 1500 1500 1.907324 1500 8 365127 12.245521 3.992766 0.000000
0000 000000 0.000000 0.000000 0.000000 0.000000 1500 1500 1.922376 1500 8 415226 12.351223 4.084797 0.000000
0000 000000 0.000000 0.000000 0.000000 0.000000 1500 1500 1.937310 1500 8 465304 12.455893 4.178014 0.000000
0000 000000 0.000000 0.000000 0.000000 0.000000 1500 1500 1.952128 1500 8 515403 12.559504 4.272408 0.000000
0000 000000 0.000000 0.000000 0.000000 0.000000 1500 1500 1.966830 1500 8 565483 12.662033 4.367972 0.000000
0000 000000 0.000000 0.000000 0.000000 0.000000 1500 1500 1.981415 1500 8 615533 12.763456 4.464698 0.000000
0000 000000 0.000000 0.000000 0.000000 0.000000 1500 1500 1.995886 1500 8 665632 12.863747 4.562576 0.000000
0000 000000 0.000000 0.000000 0.000000 0.000000 1500 1500 2.010242 1500 8 715709 12.962884 4.661597 0.000000
0000 000000 0.000000 0.000000 0.000000 0.000000 1500 1500 2.024484 1500 8 765809 13.060842 4.761751 0.000000
0000 000000 0.000000 0.000000 0.000000 0.000000 1500 1500 2.038612 1500 8 815908 13.157600 4.863027 0.000000
0000 000000 0.000000 0.000000 0.000000 0.000000 1500 1500 2.052629 1500 8 866008 13.253133 4.965415 0.000000
0000 000000 0.000000 0.000000 0.000000 0.000000 1500 1500 2.066534 1500 8 916107 13.347420 5.068902 0.000000
0000 000000 0.000000 0.000000 0.000000 0.000000 1500 1500 2.080328 1500 8 966183 13.440438 5.173477 0.000000
0000 000000 0.000000 0.000000 0.000000 0.000000 1500 1500 2.094012 1500 9 16282 13.532167 5.279126 0.000000
0000 000000 0.000000 0.000000 0.000000 0.000000 1500 1500 2.107588 1500 9 66359 13.622583 5.385839 0.000000
0000 000000 0.000000 0.000000 0.000000 0.000000 1500 1500 2.121057 1500 9 116459 13.711668 5.493599 0.000000
0000 000000 0.000000 0.000000 0.000000 0.000000 1500 1500 2.134418 1500 9 166535 13.799399 5.602395 0.000000
0000 000000 0.000000 0.000000 0.000000 0.000000 1500 1500 2.147675 1500 9 216636 13.885758 5.712211 0.000000
0000 000000 0.000000 0.000000 0.000000 0.000000 1500 1500 2.160827 1500 9 266738 13.970724 5.823032 0.000000
0000 000000 0.000000 0.000000 0.000000 0.000000 1500 1500 2.173875 1500 9 316819 14.054278 5.934844 0.000000
0000 000000 0.000000 0.000000 0.000000 0.000000 1500 1500 2.186822 1500 9 366919 14.136401 6.047631 0.000000
0000 000000 0.000000 0.000000 0.000000 0.000000 1500 1500 2.199667 1500 9 416996 14.217075 6.161377 0.000000
0000 000000 0.000000 0.000000 0.000000 0.000000 1500 1500 2.212413 1500 9 467095 14.296283 6.276065 0.000000
0000 000000 0.000000 0.000000 0.000000 0.000000 1500 1500 2.225060 1500 9 517196 14.374005 6.391680 0.000000
0000 000000 0.000000 0.000000 0.000000 0.000000 1500 1500 2.237610 1500 9 567299 14.450226 6.508203 0.000000
0000 000000 0.000000 0.000000 0.000000 0.000000 1500 1500 2.250064 1500 9 617374 14.524929 6.625617 0.000000
0000 000000 0.000000 0.000000 0.000000 0.000000 1500 1500 2.262423 1500 9 667473 14.598098 6.743905 0.000000
0000 000000 0.000000 0.000000 0.000000 0.000000 1500 1500 2.274689 1500 9 717573 14.669717 6.863049 0.000000
0000 000000 0.000000 0.000000 0.000000 0.000000 1500 1500 2.286862 1500 9 767658 14.739770 6.983029 0.000000
0000 000000 0.000000 0.000000 0.000000 0.000000 1500 1500 2.298944 1500 9 817742 14.808244 7.103828 0.000000
0000 000000 0.000000 0.000000 0.000000 0.000000 1500 1500 2.310936 1500 9 867824 14.875124 7.225426 0.000000
0000 000000 0.000000 0.000000 0.000000 0.000000 1500 1500 2.322839 1500 9 917903 14.940396 7.347805 0.000000
0000 000000 0.000000 0.000000 0.000000 0.000000 1500 1500 2.334655 1500 9 967967 15.004047 7.470945 0.000000
0000 000000 0.000000 0.000000 0.000000 0.000000 1500 1500 2.346385 1500 10 18043 15.066064 7.594825 0.000000
0000 000000 0.000000 0.000000 0.000000 0.000000 1500 1500 2.358030 1500 10 68106 15.126435 7.719426 0.000000
0000 000000 0.000000 0.000000 0.000000 0.000000 1500 1500 2.369591 1500 10 118183 15.185148 7.844729 0.000000
0000 000000 0.000000 0.000000 0.000000 0.000000 1500 1500 2.381070 1500 10 168247 15.242191 7.970712 0.000000
0000 000000 0.000000 0.000000 0.000000 0.000000 1500 1500 2.392467 1500 10 218325 15.297555 8.097354 0.000000
0000 000000 0.000000 0.000000 0.000000 0.000000 1500 1500 2.403784 1500 10 268403 15.351228 8.224636 0.000000
0000 000000 0.000000 0.000000 0.000000 0.000000 1500 1500 2.415023 1500 10 318480 15.403201 8.352536 0.000000
0000 000000 0.000000 0.000000 0.000000 0.000000 1500 1500 2.426183 1500 10 368559 15.453464 8.481033 0.000000
0000 000000 0.000000 0.000000 0.000000 0.000000 1500 1500 2.437267 1500 10 418634 15.502008 8.610107 0.000000
0000 000000 0.000000 0.000000 0.000000 0.000000 1500 1500 2.448276 1500 10 468710 15.548825 8.739734 0.000000
0000 000000 0.000000 0.000000 0.000000 0.000000 1500 1500 2.459210 1500 10 518774 15.593908 8.869895 0.000000
0000 000000 0.000000 0.000000 0.000000 0.000000 1500 1500 2.470072 1500 10 568840 15.637247 9.000567 0.000000
0000 000000 0.000000 0.000000 0.000000 0.000000 1500 1500 2.480861 1500 10 618872 15.678838 9.131729 0.000000
0000 000000 0.000000 0.000000 0.000000 0.000000 1500 1500 2.491580 1500 10 668955 15.718672 9.263359 0.000000
0000 000000 0.000000 0.000000 0.000000 0.000000 1500 1500 2.502229 1500 10 718982 15.756745 9.395436 0.000000
0000 000000 0.000000 0.000000 0.000000 0.000000 1500 1500 2.512809 1500 10 769079 15.793050 9.527936 0.000000
0000 000000 0.000000 0.000000 0.000000 0.000000 1500 1500 2.523321 1500 10 819172 15.827583 9.660839 0.000000
0000 000000 0.000000 0.000000 0.000000 0.000000 1500 1500 2.533768 1500 10 869254 15.860338 9.794122 0.000000
0000 000000 0.000000 0.000000 0.000000 0.000000 1500 1500 2.544148 1500 10 919319 15.891311 9.927764 0.000000
0000 000000 0.000000 0.000000 0.000000 0.000000 1500 1500 2.554465 1500 10 969420 15.920500 10.061741 0.000000
0000 000000 0.000000 0.000000 0.000000 0.000000 1500 1500 2.564718 1500 11 19519 15.947900 10.196033 0.000000
0000 000000 0.000000 0.000000 0.000000 0.000000 1500 1500 2.574908 1500 11 69624 15.973508 10.330617 0.000000
0000 000000 0.000000 0.000000 0.000000 0.000000 1500 1500 2.585038 1500 11 119724 15.997323 10.465471 0.000000
0000 000000 0.000000 0.000000 0.000000 0.000000 1500 1500 2.595107 1500 11 169824 16.019342 10.600573 0.000000
0000 000000 0.000000 0.000000 0.000000 0.000000 1500 1500 2.605116 1500 11 219923 16.039564 10.735902 0.000000
0000 000000 0.000000 0.000000 0.000000 0.000000 1500 1500 2.615067 1500 11 270023 16.057988 10.871434 0.000000
0000 000000 0.000000 0.000000 0.000000 0.000000 1500 1500 2.624961 1500 11 320082 16.074612 11.007148 0.000000
0000 000000 0.000000 0.000000 0.000000 0.000000 1500 1500 2.634798 1500 11 370184 16.089438 11.143023 0.000000
0000 000000 0.000000 0.000000 0.000000 0.000000 1500 1500 2.644580 1500 11 420284 16.102463 11.279036 0.000000
0000 000000 0.000000 0.000000 0.000000 0.000000 1500 1500 2.654307 1500 11 470386 16.113691 11.415166 0.000000
0000 000000 0.000000 0.000000 0.000000 0.000000 1500 1500 2.663980 1500 11 520463 16.123120 11.551390 0.000000
0000 000000 0.000000 0.000000 0.000000 0.000000 1500 1500 2.673600 1500 11 570529 16.130753 11.687689 0.000000
0000 000000 0.000000 0.000000 0.000000 0.000000 1500 1500 2.683168 1500 11 620629 16.136591 11.824039 0.000000
0000 000000 0.000000 0.000000 0.000000 0.000000 1500 1500 2.692685 1500 11 670707 16.140636 11.960420 0.000000
0000 000000 0.000000 0.000000 0.000000 0.000000 1500 1500 2.702152 1500 11 720799 16.142891 12.096810 0.000000
0000 000000 0.000000 0.000000 0.000000 0.000000 1500 1500 2.711570 1500 11 770905 16.143359 12.233189 0.000000
0000 000000 0.000000 0.000000 0.000000 0.000000 1500 1500 2.720938 1500 11 820983 16.142042 12.369534 0.000000
0000 000000 0.000000 0.000000 0.000000 0.000000 1500 1500 2.730259 1500 11 871083 16.138944 12.505826 0.000000
0000 000000 0.000000 0.000000 0.000000 0.000000 1500 1500 2.739533 1500 11 921183 16.134070 12.642043 0.000000
0000 000000 0.000000 0.000000 0.000000 0.000000 1500 1500 2.748760 1500 11 971283 16.127422 12.778165 0.000000
0000 000000 0.000000 0.000000 0.000000 0.000000 1500 1500 2.757942 1500 12 21382 16.119007 12.914171 0.000000
0000 000000 0.000000 0.000000 0.000000 0.000000 1500 1500 2.767080 1500 12 71481 16.108828 13.050042 0.000000
0000 000000 0.000000 0.000000 0.000000 0.000000 1500 1500 2.776173 1500 12 121559 16.096891 13.185756 0.000000
0000 000000 0.000000 0.000000 0.000000 0.000000 1500 1500 2.785224 1500 12 171663 16.083201 13.321293 0.000000
0000 000000 0.000000 0.000000 0.000000 0.000000 1500 1500 2.794232 1500 12 221762 16.067764 13.456635 0.000000
0000 000000 0.000000 0.000000 0.000000 0.000000 1500 1500 2.803198 1500 12 271844 16.050587 13.591760 0.000000
0000 000000 0.000000 0.000000 0.000000 0.000000 1500 1500 2.812123 1500 12 321943 16.031675 13.726650 0.000000
0000 000000 0.000000 0.000000 0.000000 0.000000 1500 1500 2.821008 1500 12 372043 16.011035 13.861285 0.000000
0000 000000 0.000000 0.000000 0.000000 0.000000 1500 1500 2.829853 1500 12 422145 15.988674 13.995647 0.000000
0000 000000 0.000000 0.000000 0.000000 0.000000 1500 1500 2.838660 1500 12 472246 15.964600 14.129715 0.000000
0000 000000 0.000000 0.000000 0.000000 0.000000 1500 1500 2.847428 1500 12 522310 15.938820 14.263471 0.000000
0000 000000 0.000000 0.000000 0.000000 0.000000 1500 1500 2.856159 1500 12 572410 15.911342 14.396897 0.000000
0000 000000 0.000000 0.000000 0.000000 0.000000 1500 1500 2.864853 1500 12 622487 15.882173 14.529974 0.000000
0000 000000 0.000000 0.000000 0.000000 0.000000 1500 1500 2.873510 1500 12 672588 15.851322 14.662684 0.000000
0000 000000 0.000000 0.000000 0.000000 0.000000 1500 1500 2.882132 1500 12 722656 15.818798 14.795009 0.000000
0000 000000 0.000000 0.000000 0.000000 0.000000 1500 1500 2.890719 1500 12 772750 15.784608 14.926931 0.000000
0000 000000 0.000000 0.000000 0.000000 0.000000 1500 1500 2.899272 1500 12 822823 15.748763 15.058432 0.000000
0000 000000 0.000000 0.000000 0.000000 0.000000 1500 1500 2.907791 1500 12 872924 15.711271 15.189495 0.000000
0000 000000 0.000000 0.000000 0.000000 0.000000 1500 1500 2.916277 1500 12 923023 15.672142 15.320103 0.000000
0000 000000 0.000000 0.000000 0.000000 0.000000 1500 1500 2.924731 1500 12 973124 15.631384 15.450238 0.000000
0000 000000 0.000000 0.000000 0.000000 0.000000 1500 1500 2.933153 1500 13 23223 15.589009 15.579885 0.000000
0000 000000 0.000000 0.000000 0.000000 0.000000 1500 1500 2.941543 1500 13 73324 15.545026 15.709025 0.000000
0000 000000 0.000000 0.000000 0.000000 0.000000 1500 1500 2.949903 1500 13 123396 15.499445 15.837644 0.000000
0000 000000 0.000000 0.000000 0.000000 0.000000 1500 1500 2.958233 1500 13 173460 15.452276 15.965725 0.000000
0000 000000 0.000000 0.000000 0.000000 0.000000 1500 1500 2.966533 1500 13 223536 15.403531 16.093251 0.000000
0000 000000 0.000000 0.000000 0.000000 0.000000 1500 1500 2.974805 1500 13 273636 15.353219 16.220207 0.000000
0000 000000 0.000000 0.000000 0.000000 0.000000 1500 1500 2.983048 1500 13 323735 15.301352 16.346578 0.000000
0000 000000 0.000000 0.000000 0.000000 0.000000 1500 1500 2.991263 1500 13 373834 15.247941 16.472348 0.000000
0000 000000 0.000000 0.000000 0.000000 0.000000 1500 1500 2.999451 1500 13 423909 15.192997 16.597502 0.000000
0000 000000 0.000000 0.000000 0.000000 0.000000 1500 1500 3.007612 1500 13 474008 15.136531 16.722026 0.000000
0000 000000 0.000000 0.000000 0.000000 0.000000 1500 1500 3.015747 1500 13 524107 15.078554 16.845905 0.000000
0000 000000 0.000000 0.000000 0.000000 0.000000 1500 1500 3.023856 1500 13 574207 15.019079 16.969123 0.000000
0000 000000 0.000000 0.000000 0.000000 0.000000 1500 1500 3.031940 1500 13 624283 14.958117 17.091668 0.000000
0000 000000 0.000000 0.000000 0.000000 0.000000 1500 1500 3.040000 1500 13 674382 14.895680 17.213525 0.000000
0000 000000 0.000000 0.000000 0.000000 0.000000 1500 1500 3.048035 1500 13 724464 14.831780 17.334681 0.000000
0000 000000 0.000000 0.000000 0.000000 0.000000 1500 1500 3.056047 1500 13 774522 14.766429 17.455121 0.000000
0000 000000 0.000000 0.000000 0.000000 0.000000 1500 1500 3.064036 1500 13 824623 14.699639 17.574832 0.000000
0000 000000 0.000000 0.000000 0.000000 0.000000 1500 1500 3.072002 1500 13 874723 14.631423 17.693802 0.000000
0000 000000 0.000000 0.000000 0.000000 0.000000 1500 1500 3.079947 1500 13 924800 14.561793 17.812018 0.000000
0000 000000 0.000000 0.000000 0.000000 0.000000 1500 1500 3.087869 1500 13 974900 14.490761 17.929466 0.000000
0000 000000 0.000000 0.000000 0.000000 0.000000 1500 1500 3.095771 1500 14 24967 14.418341 18.046135 0.000000
0000 000000 0.000000 0.000000 0.000000 0.000000 1500 1500 3.103652 1500 14 75067 14.344545 18.162012 0.000000
0000 000000 0.000000 0.000000 0.000000 0.000000 1500 1500 3.111514 1500 14 125166 14.269386 18.277085 0.000000
0000 000000 0.000000 0.000000 0.000000 0.000000 1500 1500 3.119355 1500 14 175252 14.192876 18.391343 0.000000
0000 000000 0.000000 0.000000 0.000000 0.000000 1500 1500 3.127178 1500 14 225316 14.115029 18.504773 0.000000
0000 000000 0.000000 0.000000 0.000000 0.000000 1500 1500 3.134982 1500 14 275416 14.035857 18.617365 0.000000
0000 000000 0.000000 0.000000 0.000000 0.000000 1500 1500 -3.140418 1500 14 325490 13.955374 18.729107 0.000000
0000 000000 0.000000 0.000000 0.000000 0.000000 1500 1500 -3.132615 1500 14 375594 13.873812 18.840356 0.000000
0000 000000 0.000000 0.000000 0.000000 0.000000 1500 1500 -3.124765 1500 14 425695 13.791430 18.951431 0.000000
0000 000000 0.000000 0.000000 0.000000 0.000000 1500 1500 -3.116838 1500 14 475791 13.708510 19.062608 0.000000
0000 000000 0.000000 0.000000 0.000000 0.000000 1500 1500 -3.108812 1500 14 525890 13.625347 19.174121 0.000000
0000 000000 0.000000 0.000000 0.000000 0.000000 1500 1500 -3.100664 1500 14 575974 13.542250 19.286164 0.000000
0000 000000 0.000000 0.000000 0.000000 0.000000 1500 1500 -3.092380 1500 14 626059 13.459532 19.398890 0.000000
0000 000000 0.000000 0.000000 0.000000 0.000000 1500 1500 -3.083946 1500 14 676090 13.377508 19.512411 0.000000
0000 000000 0.000000 0.000000 0.000000 0.000000 1500 1500 -3.075356 1500 14 726190 13.296490 19.626803 0.000000
0000 000000 0.000000 0.000000 0.000000 0.000000 1500 1500 -3.066606 1500 14 776289 13.216783 19.742107 0.000000
0000 000000 0.000000 0.000000 0.000000 0.000000 1500 1500 -3.057695 1500 14 826366 13.138683 19.858329 0.000000
0000 000000 0.000000 0.000000 0.000000 0.000000 1500 1500 -3.048630 1500 14 876465 13.062475 19.975445 0.000000
0000 000000 0.000000 0.000000 0.000000 0.000000 1500 1500 -3.039417 1500 14 926564 12.988425 20.093404 0.000000
0000 000000 0.000000 0.000000 0.000000 0.000000 1500 1500 -3.030068 1500 14 976634 12.916787 20.212127 0.000000
0000 000000 0.000000 0.000000 0.000000 0.000000 1500 1500 -3.020598 1500 15 26736 12.847793 20.331517 0.000000
0000 000000 0.000000 0.000000 0.000000 0.000000 1500 1500 -3.011024 1500 15 76817 12.781658 20.451452 0.000000
0000 000000 0.000000 0.000000 0.000000 0.000000 1500 1500 -3.001367 1500 15 126920 12.718576 20.571797 0.000000
0000 000000 0.000000 0.000000 0.000000 0.000000 1500 1500 -2.991647 1500 15 177021 12.658721 20.692401 0.000000
0000 000000 0.000000 0.000000 0.000000 0.000000 1500 1500 -2.981889 1500 15 227122 12.602243 20.813100 0.000000
0000 000000 0.000000 0.000000 0.000000 0.000000 1500 1500 -2.972116 1500 15 277223 12.549275 20.933722 0.000000
0000 000000 0.000000 0.000000 0.000000 0.000000 1500 1500 -2.962354 1500 15 327320 12.499926 21.054087 0.000000
0000 000000 0.000000 0.000000 0.000000 0.000000 1500 1500 -2.952629 1500 15 377407 12.454286 21.174010 0.000000
0000 000000 0.000000 0.000000 0.000000 0.000000 1500 1500 -2.942966 1500 15 427496 12.412425 21.293304 0.000000
0000 000000 0.000000 0.000000 0.000000 0.000000 1500 1500 -2.933391 1500 15 477574 12.374394 21.411778 0.000000
0000 000000 0.000000 0.000000 0.000000 0.000000 1500 1500 -2.923929 1500 15 527656 12.340225 21.529242 0.000000
0000 000000 0.000000 0.000000 0.000000 0.000000 1500 1500 -2.914603 1500 15 577741 12.309933 21.645509 0.000000
0000 000000 0.000000 0.000000 0.000000 0.000000 1500 1500 -2.905436 1500 15 627823 12.283517 21.760394 0.000000
0000 000000 0.000000 0.000000 0.000000 0.000000 1500 1500 -2.896449 1500 15 677909 12.260958 21.873714 0.000000
0000 000000 0.000000 0.000000 0.000000 0.000000 1500 1500 -2.887663 1500 15 727987 12.242226 21.985295 0.000000
0000 000000 0.000000 0.000000 0.000000 0.000000 1500 1500 -2.879096 1500 15 778085 12.227275 22.094965 0.000000
0000 000000 0.000000 0.000000 0.000000 0.000000 1500 1500 -2.870764 1500 15 828185 12.216047 22.202561 0.000000
0000 000000 0.000000 0.000000 0.000000 0.000000 1500 1500 -2.862683 1500 15 878261 12.208474 22.307926 0.000000
0000 000000 0.000000 0.000000 0.000000 0.000000 1500 1500 -2.854866 1500 15 928358 12.204477 22.410910 0.000000
0000 000000 0.000000 0.000000 0.000000 0.000000 1500 1500 -2.847324 1500 15 978435 12.203966 22.511373 0.000000
0000 000000 0.000000 0.000000 0.000000 0.000000 1500 1500 -2.840068 1500 16 28534 12.206846 22.609183 0.000000
0000 000000 0.000000 0.000000 0.000000 0.000000 1500 1500 -2.833105 1500 16 78633 12.213011 22.704215 0.000000
0000 000000 0.000000 0.000000 0.000000 0.000000 1500 1500 -2.826443 1500 16 128733 12.222352 22.796352 0.000000
0000 000000 0.000000 0.000000 0.000000 0.000000 1500 1500 -2.820087 1500 16 178810 12.234751 22.885490 0.000000
0000 000000 0.000000 0.000000 0.000000 0.000000 1500 1500 -2.814040 1500 16 228911 12.250088 22.971529 0.000000
0000 000000 0.000000 0.000000 0.000000 0.000000 1500 1500 -2.808306 1500 16 279010 12.268239 23.054379 0.000000
0000 000000 0.000000 0.000000 0.000000 0.000000 1500 1500 -2.802885 1500 16 329098 12.289073 23.133961 0.000000
0000 000000 0.000000 0.000000 0.000000 0.000000 1500 1500 -2.797778 1500 16 379176 12.312461 23.210201 0.000000
0000 000000 0.000000 0.000000 0.000000 0.000000 1500 1500 -2.792985 1500 16 429277 12.338269 23.283036 0.000000
0000 000000 0.000000 0.000000 0.000000 0.000000 1500 1500 -2.788503 1500 16 479377 12.366363 23.352408 0.000000
0000 000000 0.000000 0.000000 0.000000 0.000000 1500 1500 -2.784331 1500 16 529477 12.396608 23.418269 0.000000
0000 000000 0.000000 0.000000 0.000000 0.000000 1500 1500 -2.780465 1500 16 579554 12.428867 23.480578 0.000000
0000 000000 0.000000 0.000000 0.000000 0.000000 1500 1500 -2.776901 1500 16 629658 12.463006 23.539302 0.000000
0000 000000 0.000000 0.000000 0.000000 0.000000 1500 1500 -2.773635 1500 16 679757 12.498889 23.594414 0.000000
0000 000000 0.000000 0.000000 0.000000 0.000000 1500 1500 -2.770663 1500 16 729858 12.536382 23.645893 0.000000
0000 000000 0.000000 0.000000 0.000000 0.000000 1500 1500 -2.767979 1500 16 779956 12.575352 23.693726 0.000000
0000 000000 0.000000 0.000000 0.000000 0.000000 1500 1500 -2.765578 1500 16 830055 12.615667 23.737905 0.000000
0000 000000 0.000000 0.000000 0.000000 0.000000 1500 1500 -2.763454 1500 16 880120 12.657198 23.778428 0.000000
0000 000000 0.000000 0.000000 0.000000 0.000000 1500 1500 -2.761601 1500 16 930220 12.699818 23.815299 0.000000
0000 000000 0.000000 0.000000 0.000000 0.000000 1500 1500 -2.760014 1500 16 980319 12.743400 23.848528 0.000000
0000 000000 0.000000 0.000000 0.000000 0.000000 1500 1500 -2.758685 1500 17 30419 12.787822 23.878126 0.000000
0000 000000 0.000000 0.000000 0.000000 0.000000 1500 1500 -2.757608 1500 17 80518 12.832964 23.904114 0.000000
0000 000000 0.000000 0.000000 0.000000 0.000000 1500 1500 -2.756778 1500 17 130617 12.878707 23.926513 0.000000
0000 000000 0.000000 0.000000 0.000000 0.000000 1500 1500 -2.756188 1500 17 180716 12.924937 23.945350 0.000000
0000 000000 0.000000 0.000000 0.000000 0.000000 1500 1500 -2.755831 1500 17 230815 12.971543 23.960656 0.000000
0000 000000 0.000000 0.000000 0.000000 0.000000 1500 1500 -2.755701 1500 17 280916 13.018415 23.972464 0.000000
0000 000000 0.000000 0.000000 0.000000 0.000000 1500 1500 -2.755793 1500 17 330972 13.065448 23.980813 0.000000
0000 000000 0.000000 0.000000 0.000000 0.000000 1500 1500 -2.756099 1500 17 381049 13.112540 23.985741 0.000000
0000 000000 0.000000 0.000000 0.000000 0.000000 1500 1500 -2.756615 1500 17 431152 13.159591 23.987292 0.000000
0000 000000 0.000000 0.000000 0.000000 0.000000 1500 1500 -2.757333 1500 17 481253 13.206504 23.985513 0.000000
0000 000000 0.000000 0.000000 0.000000 0.000000 1500 1500 -2.758249 1500 17 531318 13.253188 23.980450 0.000000
0000 000000 0.000000 0.000000 0.000000 0.000000 1500 1500 -2.759357 1500 17 581417 13.299553 23.972153 0.000000
0000 000000 0.000000 0.000000 0.000000 0.000000 1500 1500 -2.760651 1500 17 631516 13.345512 23.960676 0.000000
0000 000000 0.000000 0.000000 0.000000 0.000000 1500 1500 -2.762126 1500 17 681614 13.390981 23.946070 0.000000
0000 000000 0.000000 0.000000 0.000000 0.000000 1500 1500 -2.763778 1500 17 731714 13.435882 23.928393 0.000000
0000 000000 0.000000 0.000000 0.000000 0.000000 1500 1500 -2.765600 1500 17 781817 13.480136 23.907700 0.000000
0000 000000 0.000000 0.000000 0.000000 0.000000 1500 1500 -2.767588 1500 17 831909 13.523671 23.884049 0.000000
0000 000000 0.000000 0.000000 0.000000 0.000000 1500 1500 -2.769738 1500 17 882008 13.566415 23.857500 0.000000
0000 000000 0.000000 0.000000 0.000000 0.000000 1500 1500 -2.772045 1500 17 932106 13.608300 23.828113 0.000000
0000 000000 0.000000 0.000000 0.000000 0.000000 1500 1500 -2.774505 1500 17 982194 13.649263 23.795947 0.000000
0000 000000 0.000000 0.000000 0.000000 0.000000 1500 1500 -2.777113 1500 18 32292 13.689241 23.761066 0.000000
0000 000000 0.000000 0.000000 0.000000 0.000000 1500 1500 -2.779866 1500 18 82392 13.728175 23.723530 0.000000
0000 000000 0.000000 0.000000 0.000000 0.000000 1500 1500 -2.782761 1500 18 132492 13.766009 23.683402 0.000000
0000 000000 0.000000 0.000000 0.000000 0.000000 1500 1500 -2.785792 1500 18 182569 13.802689 23.640745 0.000000
0000 000000 0.000000 0.000000 0.000000 0.000000 1500 1500 -2.788958 1500 18 232668 13.838165 23.595622 0.000000
0000 000000 0.000000 0.000000 0.000000 0.000000 1500 1500 -2.792254 1500 18 282767 13.872388 23.548096 0.000000
0000 000000 0.000000 0.000000 0.000000 0.000000 1500 1500 -2.795678 1500 18 332831 13.905313 23.498231 0.000000
0000 000000 0.000000 0.000000 0.000000 0.000000 1500 1500 -2.799227 1500 18 382908 13.936896 23.446089 0.000000
0000 000000 0.000000 0.000000 0.000000 0.000000 1500 1500 -2.802897 1500 18 432978 13.967097 23.391734 0.000000
0000 000000 0.000000 0.000000 0.000000 0.000000 1500 1500 -2.806687 1500 18 483077 13.995877 23.335228 0.000000
0000 000000 0.000000 0.000000 0.000000 0.000000 1500 1500 -2.810594 1500 18 533175 14.023200 23.276634 0.000000
0000 000000 0.000000 0.000000 0.000000 0.000000 1500 1500 -2.814615 1500 18 583274 14.049032 23.216015 0.000000
0000 000000 0.000000 0.000000 0.000000 0.000000 1500 1500 -2.818748 1500 18 633374 14.073341 23.153433 0.000000
0000 000000 0.000000 0.000000 0.000000 0.000000 1500 1500 -2.822991 1500 18 683463 14.096097 23.088948 0.000000
0000 000000 0.000000 0.000000 0.000000 0.000000 1500 1500 -2.827343 1500 18 733558 14.117273 23.022623 0.000000
0000 000000 0.000000 0.000000 0.000000 0.000000 1500 1500 -2.831802 1500 18 783657 14.136841 22.954518 0.000000
0000 000000 0.000000 0.000000 0.000000 0.000000 1500 1500 -2.836365 1500 18 833757 14.154779 22.884693 0.000000
0000 000000 0.000000 0.000000 0.000000 0.000000 1500 1500 -2.841032 1500 18 883855 14.171064 22.813208 0.000000
0000 000000 0.000000 0.000000 0.000000 0.000000 1500 1500 -2.845801 1500 18 933954 14.185676 22.740121 0.000000
0000 000000 0.000000 0.000000 0.000000 0.000000 1500 1500 -2.850671 1500 18 984054 14.198595 22.665491 0.000000
0000 000000 0.000000 0.000000 0.000000 0.000000 1500 1500 -2.855641 1500 19 34156 14.209805 22.589376 0.000000
0000 000000 0.000000 0.000000 0.000000 0.000000 1500 1500 -2.860710 1500 19 84255 14.219289 22.511832 0.000000
0000 000000 0.000000 0.000000 0.000000 0.000000 1500 1500 -2.865877 1500 19 134354 14.227035 22.432916 0.000000
0000 000000 0.000000 0.000000 0.000000 0.000000 1500 1500 -2.871141 1500 19 184453 14.233028 22.352683 0.000000
0000 000000 0.000000 0.000000 0.000000 0.000000 1500 1500 -2.876503 1500 19 234518 14.237257 22.271188 0.000000
0000 000000 0.000000 0.000000 0.000000 0.000000 1500 1500 -2.881961 1500 19 284617 14.239714 22.188485 0.000000
0000 000000 0.000000 0.000000 0.000000 0.000000 1500 1500 -2.887514 1500 19 334717 14.240388 22.104627 0.000000
0000 000000 0.000000 0.000000 0.000000 0.000000 1500 1500 -2.893164 1500 19 384821 14.239272 22.019667 0.000000
0000 000000 0.000000 0.000000 0.000000 0.000000 1500 1500 -2.898910 1500 19 434898 14.236361 21.933657 0.000000
0000 000000 0.000000 0.000000 0.000000 0.000000 1500 1500 -2.904751 1500 19 484998 14.231648 21.846647 0.000000
0000 000000 0.000000 0.000000 0.000000 0.000000 1500 1500 -2.910689 1500 19 535098 14.225130 21.758687 0.000000
0000 000000 0.000000 0.000000 0.000000 0.000000 1500 1500 -2.916723 1500 19 585198 14.216804 21.669827 0.000000
0000 000000 0.000000 0.000000 0.000000 0.000000 1500 1500 -2.922854 1500 19 635297 14.206668 21.580116 0.000000
0000 000000 0.000000 0.000000 0.000000 0.000000 1500 1500 -2.929082 1500 19 685361 14.194720 21.489601 0.000000
0000 000000 0.000000 0.000000 0.000000 0.000000 1500 1500 -2.935409 1500 19 735462 14.180961 21.398330 0.000000
0000 000000 0.000000 0.000000 0.000000 0.000000 1500 1500 -2.941834 1500 19 785563 14.165391 21.306347 0.000000
0000 000000 0.000000 0.000000 0.000000 0.000000 1500 1500 -2.948359 1500 19 835666 14.148011 21.213699 0.000000
0000 000000 0.000000 0.000000 0.000000 0.000000 1500 1500 -2.954985 1500 19 885765 14.128825 21.120430 0.000000
0000 000000 0.000000 0.000000 0.000000 0.000000 1500 1500 -2.961713 1500 19 935830 14.107834 21.026585 0.000000
0000 000000 0.000000 0.000000 0.000000 0.000000 1500 1500 -2.968544 1500 19 985929 14.085043 20.932205 0.000000
0000 000000 0.000000 0.000000 0.000000 0.000000 1500 1500 -2.975480 1500 20 36006 14.060456 20.837334 0.000000
0000 000000 0.000000 0.000000 0.000000 0.000000 1500 1500 -2.982522 1500 20 86104 14.034079 20.742013 0.000000
0000 000000 0.000000 0.000000 0.000000 0.000000 1500 1500 -2.989672 1500 20 136203 14.005916 20.646282 0.000000
0000 000000 0.000000 0.000000 0.000000 0.000000 1500 1500 -2.996933 1500 20 186302 13.975975 20.550182 0.000000
0000 000000 0.000000 0.000000 0.000000 0.000000 1500 1500 -3.004305 1500 20 236403 13.944262 20.453752 0.000000
0000 000000 0.000000 0.000000 0.000000 0.000000 1500 1500 -3.011792 1500 20 286503 13.910785 20.357031 0.000000
0000 000000 0.000000 0.000000 0.000000 0.000000 1500 1500 -3.019395 1500 20 336579 13.875552 20.260055 0.000000
0000 000000 0.000000 0.000000 0.000000 0.000000 1500 1500 -3.027117 1500 20 386683 13.838570 20.162864 0.000000
0000 000000 0.000000 0.000000 0.000000 0.000000 1500 1500 -3.034960 1500 20 436785 13.799849 20.065493 0.000000
0000 000000 0.000000 0.000000 0.000000 0.000000 1500 1500 -3.042928 1500 20 486890 13.759398 19.967977 0.000000
0000 000000 0.000000 0.000000 0.000000 0.000000 1500 1500 -3.051023 1500 20 536991 13.717227 19.870353 0.000000
0000 000000 0.000000 0.000000 0.000000 0.000000 1500 1500 -3.059248 1500 20 587094 13.673346 19.772654 0.000000
0000 000000 0.000000 0.000000 0.000000 0.000000 1500 1500 -3.067607 1500 20 637195 13.627765 19.674914 0.000000
0000 000000 0.000000 0.000000 0.000000 0.000000 1500 1500 -3.076103 1500 20 687294 13.580495 19.577168 0.000000
0000 000000 0.000000 0.000000 0.000000 0.000000 1500 1500 -3.084740 1500 20 737395 13.531547 19.479447 0.000000
0000 000000 0.000000 0.000000 0.000000 0.000000 1500 1500 -3.093522 1500 20 787499 13.480932 19.381783 0.000000
0000 000000 0.000000 0.000000 0.000000 0.000000 1500 1500 -3.102452 1500 20 837578 13.428663 19.284208 0.000000
0000 000000 0.000000 0.000000 0.000000 0.000000 1500 1500 -3.111535 1500 20 887656 13.374750 19.186754 0.000000
0000 000000 0.000000 0.000000 0.000000 0.000000 1500 1500 -3.120775 1500 20 937733 13.319206 19.089449 0.000000
0000 000000 0.000000 0.000000 0.000000 0.000000 1500 1500 -3.130178 1500 20 987810 13.262044 18.992325 0.000000
0000 000000 0.000000 0.000000 0.000000 0.000000 1500 1500 -3.139747 1500 21 37914 13.203276 18.895410 0.000000
0000 000000 0.000000 0.000000 0.000000 0.000000 1500 1500 3.133697 1500 21 88015 13.142914 18.798734 0.000000
0000 000000 0.000000 0.000000 0.000000 0.000000 1500 1500 3.123753 1500 21 138091 13.081224 18.701977 0.000000
0000 000000 0.000000 0.000000 0.000000 0.000000 1500 1500 3.113578 1500 21 188191 13.018492 18.604862 0.000000
0000 000000 0.000000 0.000000 0.000000 0.000000 1500 1500 3.103148 1500 21 238267 12.955020 18.507153 0.000000
0000 000000 0.000000 0.000000 0.000000 0.000000 1500 1500 3.092444 1500 21 288366 12.891125 18.408653 0.000000
0000 000000 0.000000 0.000000 0.000000 0.000000 1500 1500 3.081452 1500 21 338465 12.827127 18.309210 0.000000
0000 000000 0.000000 0.000000 0.000000 0.000000 1500 1500 3.070160 1500 21 388563 12.763350 18.208708 0.000000
0000 000000 0.000000 0.000000 0.000000 0.000000 1500 1500 3.058564 1500 21 438628 12.700113 18.107070 0.000000
0000 000000 0.000000 0.000000 0.000000 0.000000 1500 1500 3.046663 1500 21 488728 12.637732 18.004255 0.000000
0000 000000 0.000000 0.000000 0.000000 0.000000 1500 1500 3.034461 1500 21 538828 12.576512 17.900255 0.000000
0000 000000 0.000000 0.000000 0.000000 0.000000 1500 1500 3.021967 1500 21 588919 12.516746 17.795093 0.000000
0000 000000 0.000000 0.000000 0.000000 0.000000 1500 1500 3.009194 1500 21 638997 12.458711 17.688820 0.000000
0000 000000 0.000000 0.000000 0.000000 0.000000 1500 1500 2.996161 1500 21 689096 12.402670 17.581513 0.000000
0000 000000 0.000000 0.000000 0.000000 0.000000 1500 1500 2.982890 1500 21 739184 12.348866 17.473270 0.000000
0000 000000 0.000000 0.000000 0.000000 0.000000 1500 1500 2.969407 1500 21 789266 12.297523 17.364211 0.000000
0000 000000 0.000000 0.000000 0.000000 0.000000 1500 1500 2.955743 1500 21 839342 12.248846 17.254471 0.000000
0000 000000 0.000000 0.000000 0.000000 0.000000 1500 1500 2.941932 1500 21 889442 12.203017 17.144202 0.000000
0000 000000 0.000000 0.000000 0.000000 0.000000 1500 1500 2.928012 1500 21 939541 12.160200 17.033566 0.000000
0000 000000 0.000000 0.000000 0.000000 0.000000 1500 1500 2.914020 1500 21 989641 12.120535 16.922735 0.000000
0000 000000 0.000000 0.000000 0.000000 0.000000 1500 1500 2.900001 1500 22 39739 12.084143 16.811889 0.000000
0000 000000 0.000000 0.000000 0.000000 0.000000 1500 1500 2.885998 1500 22 89834 12.051124 16.701212 0.000000
0000 000000 0.000000 0.000000 0.000000 0.000000 1500 1500 2.872056 1500 22 139932 12.021559 16.590893 0.000000
0000 000000 0.000000 0.000000 0.000000 0.000000 1500 1500 2.858221 1500 22 190031 11.995509 16.481120 0.000000
0000 000000 0.000000 0.000000 0.000000 0.000000 1500 1500 2.844539 1500 22 240131 11.973017 16.372084 0.000000
0000 000000 0.000000 0.000000 0.000000 0.000000 1500 1500 2.831057 1500 22 290208 11.954109 16.263972 0.000000
0000 000000 0.000000 0.000000 0.000000 0.000000 1500 1500 2.817820 1500 22 340312 11.938795 16.156970 0.000000
0000 000000 0.000000 0.000000 0.000000 0.000000 1500 1500 2.804871 1500 22 390410 11.927068 16.051258 0.000000
0000 000000 0.000000 0.000000 0.000000 0.000000 1500 1500 2.792254 1500 22 440475 11.918909 15.947014 0.000000
0000 000000 0.000000 0.000000 0.000000 0.000000 1500 1500 2.780008 1500 22 490574 11.914283 15.844407 0.000000
0000 000000 0.000000 0.000000 0.000000 0.000000 1500 1500 2.768171 1500 22 540672 11.913144 15.743603 0.000000
0000 000000 0.000000 0.000000 0.000000 0.000000 1500 1500 2.756779 1500 22 590771 11.915437 15.644758 0.000000
0000 000000 0.000000 0.000000 0.000000 0.000000 1500 1500 2.745864 1500 22 640843 11.921093 15.548024 0.000000
0000 000000 0.000000 0.000000 0.000000 0.000000 1500 1500 2.735453 1500 22 690943 11.930036 15.453541 0.000000
0000 000000 0.000000 0.000000 0.000000 0.000000 1500 1500 2.725572 1500 22 741019 11.942181 15.361445 0.000000
0000 000000 0.000000 0.000000 0.000000 0.000000 1500 1500 2.716244 1500 22 791112 11.957438 15.271862 0.000000
0000 000000 0.000000 0.000000 0.000000 0.000000 1500 1500 2.707486 1500 22 841216 11.975706 15.184909 0.000000
0000 000000 0.000000 0.000000 0.000000 0.000000 1500 1500 2.699313 1500 22 891315 11.996883 15.100696 0.000000
0000 000000 0.000000 0.000000 0.000000 0.000000 1500 1500 2.691736 1500 22 941417 12.020858 15.019324 0.000000
0000 000000 0.000000 0.000000 0.000000 0.000000 1500 1500 2.684762 1500 22 991516 12.047521 14.940885 0.000000
0000 000000 0.000000 0.000000 0.000000 0.000000 1500 1500 2.678396 1500 23 41620 12.076753 14.865466 0.000000
0000 000000 0.000000 0.000000 0.000000 0.000000 1500 1500 2.672640 1500 23 91720 12.108436 14.793142 0.000000
0000 000000 0.000000 0.000000 0.000000 0.000000 1500 1500 2.667490 1500 23 141823 12.142449 14.723983 0.000000
0000 000000 0.000000 0.000000 0.000000 0.000000 1500 1500 2.662944 1500 23 191924 12.178668 14.658050 0.000000
0000 000000 0.000000 0.000000 0.000000 0.000000 1500 1500 2.658993 1500 23 242003 12.216969 14.595397 0.000000
0000 000000 0.000000 0.000000 0.000000 0.000000 1500 1500 2.655629 1500 23 292104 12.257228 14.536070 0.000000
0000 000000 0.000000 0.000000 0.000000 0.000000 1500 1500 2.652840 1500 23 342203 12.299320 14.480111 0.000000
0000 000000 0.000000 0.000000 0.000000 0.000000 1500 1500 2.650612 1500 23 392302 12.343119 14.427552 0.000000
0000 000000 0.000000 0.000000 0.000000 0.000000 1500 1500 2.648932 1500 23 442384 12.388501 14.378420 0.000000
0000 000000 0.000000 0.000000 0.000000 0.000000 1500 1500 2.647782 1500 23 492484 12.435342 14.332737 0.000000
0000 000000 0.000000 0.000000 0.000000 0.000000 1500 1500 2.647146 1500 23 542583 12.483521 14.290518 0.000000
0000 000000 0.000000 0.000000 0.000000 0.000000 1500 1500 2.647005 1500 23 592681 12.532914 14.251772 0.000000
0000 000000 0.000000 0.000000 0.000000 0.000000 1500 1500 2.647342 1500 23 642745 12.583403 14.216503 0.000000
0000 000000 0.000000 0.000000 0.000000 0.000000 1500 1500 2.648136 1500 23 692809 12.634870 14.184712 0.000000
0000 000000 0.000000 0.000000 0.000000 0.000000 1500 1500 2.649367 1500 23 742907 12.687197 14.156392 0.000000
0000 000000 0.000000 0.000000 0.000000 0.000000 1500 1500 2.651017 1500 23 792984 12.740272 14.131535 0.000000
0000 000000 0.000000 0.000000 0.000000 0.000000 1500 1500 2.653066 1500 23 843085 12.793982 14.110126 0.000000
0000 000000 0.000000 0.000000 0.000000 0.000000 1500 1500 2.655493 1500 23 893186 12.848217 14.092147 0.000000
0000 000000 0.000000 0.000000 0.000000 0.000000 1500 1500 2.658280 1500 23 943250 12.902871 14.077577 0.000000
0000 000000 0.000000 0.000000 0.000000 0.000000 1500 1500 2.661407 1500 23 993351 12.957837 14.066390 0.000000
0000 000000 0.000000 0.000000 0.000000 0.000000 1500 1500 2.664855 1500 24 43427 13.013015 14.058558 0.000000
0000 000000 0.000000 0.000000 0.000000 0.000000 1500 1500 2.668608 1500 24 93529 13.068305 14.054049 0.000000
0000 000000 0.000000 0.000000 0.000000 0.000000 1500 1500 2.672646 1500 24 143628 13.123609 14.052830 0.000000
0000 000000 0.000000 0.000000 0.000000 0.000000 1500 1500 2.676953 1500 24 193728 13.178834 14.054862 0.000000
0000 000000 0.000000 0.000000 0.000000 0.000000 1500 1500 2.681513 1500 24 243827 13.233887 14.060107 0.000000
0000 000000 0.000000 0.000000 0.000000 0.000000 1500 1500 2.686309 1500 24 293927 13.288680 14.068522 0.000000
0000 000000 0.000000 0.000000 0.000000 0.000000 1500 1500 2.691328 1500 24 344028 13.343127 14.080064 0.000000
0000 000000 0.000000 0.000000 0.000000 0.000000 1500 1500 2.696553 1500 24 394128 13.397144 14.094687 0.000000
0000 000000 0.000000 0.000000 0.000000 0.000000 1500 1500 2.701972 1500 24 444228 13.450651 14.112343 0.000000
0000 000000 0.000000 0.000000 0.000000 0.000000 1500 1500 2.707571 1500 24 494327 13.503570 14.132983 0.000000
0000 000000 0.000000 0.000000 0.000000 0.000000 1500 1500 2.713339 1500 24 544428 13.555825 14.156555 0.000000
0000 000000 0.000000 0.000000 0.000000 0.000000 1500 1500 2.719262 1500 24 594527 13.607344 14.183009 0.000000
0000 000000 0.000000 0.000000 0.000000 0.000000 1500 1500 2.725331 1500 24 644627 13.658057 14.212289 0.000000
0000 000000 0.000000 0.000000 0.000000 0.000000 1500 1500 2.731535 1500 24 694726 13.707897 14.244343 0.000000
0000 000000 0.000000 0.000000 0.000000 0.000000 1500 1500 2.737863 1500 24 744819 13.756799 14.279114 0.000000
0000 000000 0.000000 0.000000 0.000000 0.000000 1500 1500 2.744307 1500 24 794918 13.804701 14.316546 0.000000
0000 000000 0.000000 0.000000 0.000000 0.000000 1500 1500 2.750857 1500 24 845019 13.851543 14.356581 0.000000
0000 000000 0.000000 0.000000 0.000000 0.000000 1500 1500 2.757506 1500 24 895119 13.897268 14.399163 0.000000
0000 000000 0.000000 0.000000 0.000000 0.000000 1500 1500 2.764246 1500 24 945219 13.941821 14.444232 0.000000
0000 000000 0.000000 0.000000 0.000000 0.000000 1500 1500 2.771069 1500 24 995318 13.985151 14.491730 0.000000
0000 000000 0.000000 0.000000 0.000000 0.000000 1500 1500 2.777969 1500 25 45418 14.027207 14.541598 0.000000
0000 000000 0.000000 0.000000 0.000000 0.000000 1500 1500 2.784939 1500 25 95517 14.067941 14.593775 0.000000
0000 000000 0.000000 0.000000 0.000000 0.000000 1500 1500 2.791974 1500 25 145616 14.107308 14.648203 0.000000
0000 000000 0.000000 0.000000 0.000000 0.000000 1500 1500 2.799068 1500 25 195692 14.145265 14.704821 0.000000
0000 000000 0.000000 0.000000 0.000000 0.000000 1500 1500 2.806215 1500 25 245790 14.181771 14.763570 0.000000
0000 000000 0.000000 0.000000 0.000000 0.000000 1500 1500 2.813412 1500 25 295864 14.216787 14.824389 0.000000
0000 000000 0.000000 0.000000 0.000000 0.000000 1500 1500 2.820653 1500 25 345963 14.250277 14.887218 0.000000
0000 000000 0.000000 0.000000 0.000000 0.000000 1500 1500 2.827934 1500 25 396062 14.282204 14.951997 0.000000
0000 000000 0.000000 0.000000 0.000000 0.000000 1500 1500 2.835251 1500 25 446126 14.312537 15.018667 0.000000
0000 000000 0.000000 0.000000 0.000000 0.000000 1500 1500 2.842601 1500 25 496226 14.341245 15.087168 0.000000
0000 000000 0.000000 0.000000 0.000000 0.000000 1500 1500 2.849980 1500 25 546289 14.368298 15.157441 0.000000
0000 000000 0.000000 0.000000 0.000000 0.000000 1500 1500 2.857385 1500 25 596391 14.393669 15.229427 0.000000
0000 000000 0.000000 0.000000 0.000000 0.000000 1500 1500 2.864813 1500 25 646468 14.417333 15.303067 0.000000
0000 000000 0.000000 0.000000 0.000000 0.000000 1500 1500 2.872262 1500 25 696568 14.439267 15.378303 0.000000
0000 000000 0.000000 0.000000 0.000000 0.000000 1500 1500 2.879728 1500 25 746646 14.459447 15.455076 0.000000
0000 000000 0.000000 0.000000 0.000000 0.000000 1500 1500 2.887210 1500 25 796706 14.477854 15.533331 0.000000
0000 000000 0.000000 0.000000 0.000000 0.000000 1500 1500 2.894705 1500 25 846807 14.494469 15.613008 0.000000
0000 000000 0.000000 0.000000 0.000000 0.000000 1500 1500 2.902212 1500 25 896886 14.509274 15.694053 0.000000
0000 000000 0.000000 0.000000 0.000000 0.000000 1500 1500 2.909727 1500 25 946986 14.522254 15.776408 0.000000
0000 000000 0.000000 0.000000 0.000000 0.000000 1500 1500 2.917250 1500 25 997063 14.533394 15.860020 0.000000
0000 000000 0.000000 0.000000 0.000000 0.000000 1500 1500 2.924779 1500 26 47161 14.542682 15.944832 0.000000
0000 000000 0.000000 0.000000 0.000000 0.000000 1500 1500 2.932312 1500 26 97238 14.550105 16.030791 0.000000
0000 000000 0.000000 0.000000 0.000000 0.000000 1500 1500 2.939848 1500 26 147302 14.555654 16.117843 0.000000
0000 000000 0.000000 0.000000 0.000000 0.000000 1500 1500 2.947386 1500 26 197402 14.559320 16.205936 0.000000
0000 000000 0.000000 0.000000 0.000000 0.000000 1500 1500 2.954924 1500 26 247479 14.561094 16.295016 0.000000
0000 000000 0.000000 0.000000 0.000000 0.000000 1500 1500 2.962461 1500 26 297582 14.560971 16.385032 0.000000
0000 000000 0.000000 0.000000 0.000000 0.000000 1500 1500 2.969996 1500 26 347682 14.558945 16.475934 0.000000
0000 000000 0.000000 0.000000 0.000000 0.000000 1500 1500 2.977529 1500 26 397781 14.555011 16.567671 0.000000
0000 000000 0.000000 0.000000 0.000000 0.000000 1500 1500 2.985058 1500 26 447880 14.549166 16.660193 0.000000
0000 000000 0.000000 0.000000 0.000000 0.000000 1500 1500 2.992583 1500 26 497955 14.541409 16.753452 0.000000
0000 000000 0.000000 0.000000 0.000000 0.000000 1500 1500 3.000103 1500 26 548053 14.531737 16.847399 0.000000
0000 000000 0.000000 0.000000 0.000000 0.000000 1500 1500 3.007616 1500 26 598131 14.520152 16.941988 0.000000
0000 000000 0.000000 0.000000 0.000000 0.000000 1500 1500 3.015123 1500 26 648231 14.506653 17.037171 0.000000
0000 000000 0.000000 0.000000 0.000000 0.000000 1500 1500 3.022623 1500 26 698331 14.491242 17.132902 0.000000
0000 000000 0.000000 0.000000 0.000000 0.000000 1500 1500 3.030115 1500 26 748435 14.473921 17.229137 0.000000
0000 000000 0.000000 0.000000 0.000000 0.000000 1500 1500 3.037600 1500 26 798534 14.454695 17.325830 0.000000
0000 000000 0.000000 0.000000 0.000000 0.000000 1500 1500 3.045075 1500 26 848599 14.433567 17.422938 0.000000
0000 000000 0.000000 0.000000 0.000000 0.000000 1500 1500 3.052541 1500 26 898697 14.410542 17.520419 0.000000
0000 000000 0.000000 0.000000 0.000000 0.000000 1500 1500 3.059998 1500 26 948776 14.385625 17.618229 0.000000
0000 000000 0.000000 0.000000 0.000000 0.000000 1500 1500 3.067446 1500 26 998871 14.358823 17.716328 0.000000
0000 000000 0.000000 0.000000 0.000000 0.000000 1500 1500 3.074883 1500 27 48972 14.330144 17.814675 0.000000
0000 000000 0.000000 0.000000 0.000000 0.000000 1500 1500 3.082310 1500 27 99071 14.299594 17.913229 0.000000
0000 000000 0.000000 0.000000 0.000000 0.000000 1500 1500 3.089726 1500 27 149172 14.267182 18.011951 0.000000
0000 000000 0.000000 0.000000 0.000000 0.000000 1500 1500 3.097132 1500 27 199236 14.232916 18.110803 0.000000
0000 000000 0.000000 0.000000 0.000000 0.000000 1500 1500 3.104526 1500 27 249337 14.196807 18.209748 0.000000
0000 000000 0.000000 0.000000 0.000000 0.000000 1500 1500 3.111910 1500 27 299415 14.158865 18.308747 0.000000
0000 000000 0.000000 0.000000 0.000000 0.000000 1500 1500 3.119282 1500 27 349496 14.119099 18.407765 0.000000
0000 000000 0.000000 0.000000 0.000000 0.000000 1500 1500 3.126643 1500 27 399591 14.077521 18.506765 0.000000
0000 000000 0.000000 0.000000 0.000000 0.000000 1500 1500 3.133992 1500 27 449688 14.034143 18.605714 0.000000
0000 000000 0.000000 0.000000 0.000000 0.000000 1500 1500 3.141330 1500 27 499751 13.988976 18.704577 0.000000
0000 000000 0.000000 0.000000 0.000000 0.000000 1500 1500 -3.134530 1500 27 549837 13.942033 18.803321 0.000000
0000 000000 0.000000 0.000000 0.000000 0.000000 1500 1500 -3.127184 1500 27 599930 13.893596 18.902244 0.000000
0000 000000 0.000000 0.000000 0.000000 0.000000 1500 1500 -3.119790 1500 27 650016 13.843970 19.001606 0.000000
0000 000000 0.000000 0.000000 0.000000 0.000000 1500 1500 -3.112324 1500 27 700114 13.793470 19.101624 0.000000
0000 000000 0.000000 0.000000 0.000000 0.000000 1500 1500 -3.104767 1500 27 750200 13.742423 19.202473 0.000000
0000 000000 0.000000 0.000000 0.000000 0.000000 1500 1500 -3.097102 1500 27 800277 13.691159 19.304288 0.000000
0000 000000 0.000000 0.000000 0.000000 0.000000 1500 1500 -3.089319 1500 27 850361 13.640007 19.407167 0.000000
0000 000000 0.000000 0.000000 0.000000 0.000000 1500 1500 -3.081410 1500 27 900416 13.589292 19.511169 0.000000
0000 000000 0.000000 0.000000 0.000000 0.000000 1500 1500 -3.073372 1500 27 950484 13.539334 19.616318 0.000000
0000 000000 0.000000 0.000000 0.000000 0.000000 1500 1500 -3.065205 1500 28 565 13.490438 19.722607 0.000000
0000 000000 0.000000 0.000000 0.000000 0.000000 1500 1500 -3.056914 1500 28 50649 13.442898 19.829997 0.000000
0000 000000 0.000000 0.000000 0.000000 0.000000 1500 1500 -3.048505 1500 28 100732 13.396992 19.938425 0.000000
0000 000000 0.000000 0.000000 0.000000 0.000000 1500 1500 -3.039990 1500 28 150816 13.352980 20.047801 0.000000
0000 000000 0.000000 0.000000 0.000000 0.000000 1500 1500 -3.031381 1500 28 200870 13.311103 20.158012 0.000000
0000 000000 0.000000 0.000000 0.000000 0.000000 1500 1500 -3.022695 1500 28 250951 13.271583 20.268931 0.000000
0000 000000 0.000000 0.000000 0.000000 0.000000 1500 1500 -3.013949 1500 28 301026 13.234620 20.380409 0.000000
0000 000000 0.000000 0.000000 0.000000 0.000000 1500 1500 -3.005163 1500 28 351125 13.200394 20.492288 0.000000
0000 000000 0.000000 0.000000 0.000000 0.000000 1500 1500 -2.996357 1500 28 401226 13.169061 20.604395 0.000000
0000 000000 0.000000 0.000000 0.000000 0.000000 1500 1500 -2.987554 1500 28 451292 13.140758 20.716551 0.000000
0000 000000 0.000000 0.000000 0.000000 0.000000 1500 1500 -2.978776 1500 28 501373 13.115602 20.828569 0.000000
0000 000000 0.000000 0.000000 0.000000 0.000000 1500 1500 -2.970046 1500 28 551448 13.093685 20.940257 0.000000
0000 000000 0.000000 0.000000 0.000000 0.000000 1500 1500 -2.961386 1500 28 601547 13.075084 21.051422 0.000000
0000 000000 0.000000 0.000000 0.000000 0.000000 1500 1500 -2.952818 1500 28 651625 13.059853 21.161869 0.000000
0000 000000 0.000000 0.000000 0.000000 0.000000 1500 1500 -2.944364 1500 28 701702 13.048029 21.271403 0.000000
0000 000000 0.000000 0.000000 0.000000 0.000000 1500 1500 -2.936046 1500 28 751781 13.039632 21.379833 0.000000
0000 000000 0.000000 0.000000 0.000000 0.000000 1500 1500 -2.927882 1500 28 801857 13.034663 21.486968 0.000000
0000 000000 0.000000 0.000000 0.000000 0.000000 1500 1500 -2.919892 1500 28 851937 13.033111 21.592626 0.000000
0000 000000 0.000000 0.000000 0.000000 0.000000 1500 1500 -2.912093 1500 28 902014 13.034947 21.696625 0.000000
0000 000000 0.000000 0.000000 0.000000 0.000000 1500 1500 -2.904501 1500 28 952084 13.040132 21.798794 0.000000
0000 000000 0.000000 0.000000 0.000000 0.000000 1500 1500 -2.897131 1500 29 2161 13.048611 21.898967 0.000000
0000 000000 0.000000 0.000000 0.000000 0.000000 1500 1500 -2.889995 1500 29 52242 13.060319 21.996983 0.000000
0000 000000 0.000000 0.000000 0.000000 0.000000 1500 1500 -2.883105 1500 29 102318 13.075183 22.092694 0.000000
0000 000000 0.000000 0.000000 0.000000 0.000000 1500 1500 -2.876471 1500 29 152428 13.093117 22.185956 0.000000
0000 000000 0.000000 0.000000 0.000000 0.000000 1500 1500 -2.870101 1500 29 202527 13.114030 22.276635 0.000000
0000 000000 0.000000 0.000000 0.000000 0.000000 1500 1500 -2.864004 1500 29 252604 13.137820 22.364605 0.000000
0000 000000 0.000000 0.000000 0.000000 0.000000 1500 1500 -2.858184 1500 29 302703 13.164383 22.449752 0.000000
0000 000000 0.000000 0.000000 0.000000 0.000000 1500 1500 -2.852646 1500 29 352783 13.193605 22.531967 0.000000
0000 000000 0.000000 0.000000 0.000000 0.000000 1500 1500 -2.847394 1500 29 402847 13.225371 22.611151 0.000000
0000 000000 0.000000 0.000000 0.000000 0.000000 1500 1500 -2.842429 1500 29 452948 13.259559 22.687215 0.000000
0000 000000 0.000000 0.000000 0.000000 0.000000 1500 1500 -2.837752 1500 29 503046 13.296045 22.760077 0.000000
0000 000000 0.000000 0.000000 0.000000 0.000000 1500 1500 -2.833365 1500 29 553146 13.334703 22.829666 0.000000
0000 000000 0.000000 0.000000 0.000000 0.000000 1500 1500 -2.829265 1500 29 603222 13.375404 22.895916 0.000000
0000 000000 0.000000 0.000000 0.000000 0.000000 1500 1500 -2.825452 1500 29 653323 13.418017 22.958771 0.000000
0000 000000 0.000000 0.000000 0.000000 0.000000 1500 1500 -2.821923 1500 29 703388 13.462413 23.018184 0.000000
0000 000000 0.000000 0.000000 0.000000 0.000000 1500 1500 -2.818675 1500 29 753482 13.508460 23.074113 0.000000
0000 000000 0.000000 0.000000 0.000000 0.000000 1500 1500 -2.815705 1500 29 803581 13.556026 23.126526 0.000000
0000 000000 0.000000 0.000000 0.000000 0.000000 1500 1500 -2.813009 1500 29 853686 13.604981 23.175396 0.000000
0000 000000 0.000000 0.000000 0.000000 0.000000 1500 1500 -2.810582 1500 29 903786 13.655195 23.220703 0.000000
0000 000000 0.000000 0.000000 0.000000 0.000000 1500 1500 -2.808420 1500 29 953861 13.706539 23.262435 0.000000
0000 000000 0.000000 0.000000 0.000000 0.000000 1500 1500 -2.806518 1500 30 3959 13.758887 23.300585 0.000000
0000 000000 0.000000 0.000000 0.000000 0.000000 1500 1500 -2.804870 1500 30 54023 13.812113 23.335151 0.000000
0000 000000 0.000000 0.000000 0.000000 0.000000 1500 1500 -2.803471 1500 30 104121 13.866095 23.366139 0.000000
0000 000000 0.000000 0.000000 0.000000 0.000000 1500 1500 -2.802315 1500 30 154221 13.920710 23.393557 0.000000
0000 000000 0.000000 0.000000 0.000000 0.000000 1500 1500 -2.801397 1500 30 204324 13.975842 23.417420 0.000000
0000 000000 0.000000 0.000000 0.000000 0.000000 1500 1500 -2.800711 1500 30 254422 14.031373 23.437749 0.000000
0000 000000 0.000000 0.000000 0.000000 0.000000 1500 1500 -2.800252 1500 30 304521 14.087190 23.454565 0.000000
0000 000000 0.000000 0.000000 0.000000 0.000000 1500 1500 -2.800012 1500 30 354619 14.143184 23.467898 0.000000
0000 000000 0.000000 0.000000 0.000000 0.000000 1500 1500 -2.799987 1500 30 404724 14.199247 23.477778 0.000000
0000 000000 0.000000 0.000000 0.000000 0.000000 1500 1500 -2.800170 1500 30 454824 14.255275 23.484241 0.000000
0000 000000 0.000000 0.000000 0.000000 0.000000 1500 1500 -2.800557 1500 30 504935 14.311167 23.487325 0.000000
0000 000000 0.000000 0.000000 0.000000 0.000000 1500 1500 -2.801140 1500 30 555022 14.366824 23.487070 0.000000
0000 000000 0.000000 0.000000 0.000000 0.000000 1500 1500 -2.801916 1500 30 605077 14.422153 23.483522 0.000000
