0005 529968 0.014543 0.056959 0.073948 1500 1500 1500 950 5 569672 0.000000 0.000000 0.000000 0.000000 0.000000 0.000000 0.000000 0005 570068 -0.005856 0.661050 0.033900
0005 583405 0.014545 0.056956 0.073922 1500 1500 1500 950 5 619629 0.000000 0.000000 0.000000 0.000000 0.000000 0.000000 0.000000 0005 619812 -0.256818 0.644100 0.064410
0005 629944 0.014541 0.056942 0.073918 1500 1500 1500 950 5 669678 0.000000 0.000000 0.000000 0.000000 0.000000 0.000000 0.000000 0005 669891 0.579746 0.644100 0.088818
0005 683624 0.014541 0.056955 0.073903 1500 1500 1500 950 5 719604 0.000000 0.000000 0.000000 0.000000 0.000000 0.000000 0.000000 0005 719818 0.328770 0.661050 0.108344
0005 731598 0.014533 0.056931 0.073898 1500 1500 1500 950 5 769653 0.000000 0.000000 0.000000 0.000000 0.000000 0.000000 0.000000 0005 769836 -0.256818 0.644100 0.123966
0005 783417 0.014540 0.056934 0.073883 1500 1500 1500 950 5 819550 0.000000 0.000000 0.000000 0.000000 0.000000 0.000000 0.000000 0005 819763 -0.758724 0.661050 0.136462
0005 829956 0.014562 0.056956 0.073886 1500 1500 1500 950 5 869568 0.000000 0.000000 0.000000 0.000000 0.000000 0.000000 0.000000 0005 869751 0.579746 0.644100 0.146460
0005 883575 0.014540 0.056951 0.073856 1500 1500 1500 950 5 919556 0.000000 0.000000 0.000000 0.000000 0.000000 0.000000 0.000000 0005 919739 -0.256818 0.644100 0.151068
0005 929932 0.014568 0.056973 0.073857 1500 1500 1500 950 5 969452 0.000000 0.000000 0.000000 0.000000 0.000000 0.000000 0.000000 0005 969696 -0.256818 0.661050 0.158144
0005 983795 0.014562 0.056933 0.073851 1500 1500 1500 950 6 19379 0.000000 0.000000 0.000000 0.000000 0.000000 0.000000 0.000000 0006 019562 0.328770 0.661050 0.163805
0006 029907 0.014578 0.056899 0.073822 1500 1500 1500 950 6 69366 0.000000 0.000000 0.000000 0.000000 0.000000 0.000000 0.000000 0006 069580 0.328770 0.661050 0.168334
0006 081970 0.014573 0.056905 0.073811 1500 1500 1500 950 6 119293 0.000000 0.000000 0.000000 0.000000 0.000000 0.000000 0.000000 0006 119507 -0.005856 0.661050 0.171958
0006 129883 0.014564 0.056898 0.073807 1500 1500 1500 950 6 169159 0.000000 0.000000 0.000000 0.000000 0.000000 0.000000 0.000000 0006 169434 -0.256818 0.661050 0.171466
0006 183807 0.014555 0.056891 0.073819 1500 1500 1500 950 6 219116 0.000000 0.000000 0.000000 0.000000 0.000000 0.000000 0.000000 0006 219391 0.328770 0.644100 0.174463
0006 229889 0.014543 0.056905 0.073812 1500 1500 1500 950 6 269043 0.000000 0.000000 0.000000 0.000000 0.000000 0.000000 0.000000 0006 269318 -0.256818 0.644100 0.176860
0006 283447 0.014542 0.056884 0.073799 1500 1500 1500 950 6 318970 0.000000 0.000000 0.000000 0.000000 0.000000 0.000000 0.000000 0006 319244 0.328770 0.644100 0.175388
0006 330109 0.014538 0.056892 0.073785 1500 1500 1500 950 6 368896 0.000000 0.000000 0.000000 0.000000 0.000000 0.000000 0.000000 0006 369110 0.328770 0.644100 0.174211
0006 383301 0.014524 0.056893 0.073796 1500 1500 1500 950 6 418854 0.000000 0.000000 0.000000 0.000000 0.000000 0.000000 0.000000 0006 419342 -0.256818 0.644100 0.173268
0006 429871 0.014524 0.056898 0.073763 1500 1500 1500 950 6 468933 0.000000 0.000000 0.000000 0.000000 0.000000 0.000000 0.000000 0006 469147 -0.256818 0.644100 0.175905
0006 483490 0.014511 0.056892 0.073750 1500 1500 1500 950 6 518951 0.000000 0.000000 0.000000 0.000000 0.000000 0.000000 0.000000 0006 519165 0.328770 0.661050 0.174624
0006 531464 0.014524 0.056908 0.073741 1500 1500 1500 950 6 569031 0.000000 0.000000 0.000000 0.000000 0.000000 0.000000 0.000000 0006 569305 -0.758724 0.661050 0.176989
0006 583313 0.014547 0.056931 0.073735 1500 1500 1500 950 6 618958 0.000000 0.000000 0.000000 0.000000 0.000000 0.000000 0.000000 0006 619141 -0.005856 0.644100 0.175491
0006 629913 0.014539 0.056915 0.073715 1500 1500 1500 950 6 669006 0.000000 0.000000 0.000000 0.000000 0.000000 0.000000 0.000000 0006 669250 -0.005856 0.661050 0.177683
0006 683472 0.014586 0.056896 0.073720 1500 1500 1500 950 6 718933 0.000000 0.000000 0.000000 0.000000 0.000000 0.000000 0.000000 0006 719116 0.328770 0.644100 0.176046
0006 729828 0.014594 0.056882 0.073710 1500 1500 1500 950 6 768982 0.000000 0.000000 0.000000 0.000000 0.000000 0.000000 0.000000 0006 769226 -0.507774 0.644100 0.174737
0006 783386 0.014596 0.056888 0.073694 1500 1500 1500 950 6 819122 0.000000 0.000000 0.000000 0.000000 0.000000 0.000000 0.000000 0006 819366 -0.005856 0.661050 0.177080
0006 829834 0.014582 0.056894 0.073717 1500 1500 1500 950 6 869141 0.000000 0.000000 0.000000 0.000000 0.000000 0.000000 0.000000 0006 869324 0.328770 0.644100 0.175564
0006 881897 0.014563 0.056872 0.073683 1500 1500 1500 950 6 919220 0.000000 0.000000 0.000000 0.000000 0.000000 0.000000 0.000000 0006 919403 -0.005856 0.644100 0.177741
0006 929810 0.014553 0.056872 0.073663 1500 1500 1500 950 6 969238 0.000000 0.000000 0.000000 0.000000 0.000000 0.000000 0.000000 0006 969421 0.579746 0.644100 0.176093
0006 983246 0.014529 0.056888 0.073676 1500 1500 1500 1000 7 19257 0.000000 0.000000 0.000000 0.000000 0.000000 0.000000 0.000000 0007 019440 -0.256818 0.661050 0.178164
0007 029846 0.014518 0.056897 0.073690 1500 1500 1500 1000 7 69244 0.000000 0.000000 0.000000 0.000000 0.000000 0.000000 0.000000 0007 069427 0.830728 0.661050 0.179821
0007 081848 0.014531 0.056893 0.073675 1500 1500 1500 1000 7 119263 0.000000 0.000000 0.000000 0.000000 0.000000 0.000000 0.000000 0007 119446 0.328770 0.644100 0.177757
0007 129852 0.014518 0.056899 0.073679 1500 1500 1500 1000 7 169250 0.000000 0.000000 0.000000 0.000000 0.000000 0.000000 0.000000 0007 169464 -1.009668 0.661050 0.179496
0007 183380 0.014535 0.056890 0.073662 1500 1500 1500 1000 7 219238 0.000000 0.000000 0.000000 0.000000 0.000000 0.000000 0.000000 0007 219421 -0.005856 0.661050 0.180887
0007 229828 0.014536 0.056880 0.073656 1500 1500 1500 1000 7 269196 0.000000 0.000000 0.000000 0.000000 0.000000 0.000000 0.000000 0007 269379 0.579746 0.644100 0.178609
0007 283417 0.014544 0.056883 0.073654 1500 1500 1500 1000 7 319244 0.000000 0.000000 0.000000 0.000000 0.000000 0.000000 0.000000 0007 319458 0.830728 0.661050 0.180177
0007 330261 0.014548 0.056908 0.073643 1500 1500 1500 1000 7 369202 0.000000 0.000000 0.000000 0.000000 0.000000 0.000000 0.000000 0007 369415 -0.758724 0.661050 0.181432
0007 383270 0.014530 0.056912 0.073633 1500 1500 1500 1000 7 419189 0.000000 0.000000 0.000000 0.000000 0.000000 0.000000 0.000000 0007 419403 -0.256818 0.661050 0.182436
0007 430054 0.014566 0.056934 0.073636 1500 1500 1500 1000 7 469147 0.000000 0.000000 0.000000 0.000000 0.000000 0.000000 0.000000 0007 469360 -1.009668 0.644100 0.179848
0007 481873 0.014569 0.056925 0.073623 1500 1500 1500 1000 7 519226 0.000000 0.000000 0.000000 0.000000 0.000000 0.000000 0.000000 0007 519440 0.579746 0.661050 0.181169
0007 529877 0.014583 0.056929 0.073601 1500 1500 1500 1000 7 569244 0.000000 0.000000 0.000000 0.000000 0.000000 0.000000 0.000000 0007 569489 1.081716 0.661050 0.182225
0007 583252 0.014606 0.056940 0.073562 1500 1500 1500 1000 7 619232 0.000000 0.000000 0.000000 0.000000 0.000000 0.000000 0.000000 0007 619446 0.579746 0.644100 0.179680
0007 629852 0.014631 0.056953 0.073548 1500 1500 1500 1000 7 669189 0.000000 0.000000 0.000000 0.000000 0.000000 0.000000 0.000000 0007 669373 -0.256818 0.644100 0.181034
0007 683411 0.014653 0.056947 0.073535 1500 1500 1500 1000 7 719147 0.000000 0.000000 0.000000 0.000000 0.000000 0.000000 0.000000 0007 719452 -0.005856 0.661050 0.182117
0007 729858 0.014669 0.056946 0.073505 1500 1500 1500 1000 7 769226 0.000000 0.000000 0.000000 0.000000 0.000000 0.000000 0.000000 0007 769440 -1.009668 0.644100 0.182984
0007 783234 0.014652 0.056959 0.073499 1500 1500 1500 1000 7 819305 0.000000 0.000000 0.000000 0.000000 0.000000 0.000000 0.000000 0007 819519 -0.256818 0.661050 0.183677
0007 829864 0.014605 0.056974 0.073484 1500 1500 1500 1000 7 869263 0.000000 0.000000 0.000000 0.000000 0.000000 0.000000 0.000000 0007 869446 0.328770 0.661050 0.184232
0007 883453 0.014595 0.056979 0.073469 1500 1500 1500 1000 7 919220 0.000000 0.000000 0.000000 0.000000 0.000000 0.000000 0.000000 0007 919434 -0.758724 0.644100 0.181285
0007 929840 0.014600 0.056984 0.073451 1500 1500 1500 1000 7 969360 0.000000 0.000000 0.000000 0.000000 0.000000 0.000000 0.000000 0007 969543 0.328770 0.644100 0.178928
0007 983246 0.014610 0.056961 0.073437 1500 1500 1500 1000 8 19501 0.000000 0.000000 0.000000 0.000000 0.000000 0.000000 0.000000 0008 019714 -0.256818 0.661050 0.177043
0008 029816 0.014604 0.056945 0.073432 1500 1500 1500 1000 8 69550 0.000000 0.000000 0.000000 0.000000 0.000000 0.000000 0.000000 0008 069733 -0.005856 0.661050 0.178924
0008 081787 0.014621 0.056934 0.073423 1500 1500 1500 1000 8 119598 0.000000 0.000000 0.000000 0.000000 0.000000 0.000000 0.000000 0008 119781 0.830728 0.661050 0.180429
0008 131592 0.014599 0.056920 0.073423 1500 1500 1500 1000 8 169586 0.000000 0.000000 0.000000 0.000000 0.000000 0.000000 0.000000 0008 169800 -0.256818 0.644100 0.178243
0008 183441 0.014609 0.056921 0.073424 1500 1500 1500 1000 8 219666 0.000000 0.000000 0.000000 0.000000 0.000000 0.000000 0.000000 0008 219849 -0.005856 0.661050 0.179885
0008 231323 0.014582 0.056927 0.073406 1500 1500 1500 1000 8 269531 0.000000 0.000000 0.000000 0.000000 0.000000 0.000000 0.000000 0008 269714 0.579746 0.661050 0.181198
0008 281799 0.014570 0.056964 0.073376 1500 1500 1500 1000 8 319519 0.000000 0.000000 0.000000 0.000000 0.000000 0.000000 0.000000 0008 319733 -0.005856 0.661050 0.178858
0008 329834 0.014571 0.056953 0.073368 1500 1500 1500 1000 8 369446 0.000000 0.000000 0.000000 0.000000 0.000000 0.000000 0.000000 0008 369629 -0.005856 0.661050 0.180377
0008 383301 0.014569 0.056966 0.073367 1500 1500 1500 1000 8 419495 0.000000 0.000000 0.000000 0.000000 0.000000 0.000000 0.000000 0008 419678 0.579746 0.661050 0.181591
0008 429840 0.014578 0.056981 0.073334 1500 1500 1500 1000 8 469604 0.000000 0.000000 0.000000 0.000000 0.000000 0.000000 0.000000 0008 469940 -0.507774 0.661050 0.182563
0008 483429 0.014589 0.056978 0.073311 1500 1500 1500 1000 8 519623 0.000000 0.000000 0.000000 0.000000 0.000000 0.000000 0.000000 0008 519806 1.081716 0.661050 0.183340
0008 531433 0.014587 0.056980 0.073283 1500 1500 1500 1000 8 569733 0.000000 0.000000 0.000000 0.000000 0.000000 0.000000 0.000000 0008 569946 -0.256818 0.661050 0.183962
0008 583771 0.014583 0.056968 0.073272 1500 1500 1500 1000 8 619690 0.000000 0.000000 0.000000 0.000000 0.000000 0.000000 0.000000 0008 619904 0.328770 0.644100 0.184460
0008 629852 0.014607 0.056988 0.073241 1500 1500 1500 1000 8 669739 0.000000 0.000000 0.000000 0.000000 0.000000 0.000000 0.000000 0008 669922 0.328770 0.661050 0.184858
0008 681976 0.014617 0.056984 0.073247 1500 1500 1500 1000 8 719757 0.000000 0.000000 0.000000 0.000000 0.000000 0.000000 0.000000 0008 719940 -0.256818 0.661050 0.185176
0008 729919 0.014649 0.056987 0.073219 1500 1500 1500 1000 8 769745 0.000000 0.000000 0.000000 0.000000 0.000000 0.000000 0.000000 0008 769958 1.081716 0.661050 0.185431
0008 783661 0.014632 0.057003 0.073200 1500 1500 1500 1000 8 819733 0.000000 0.000000 0.000000 0.000000 0.000000 0.000000 0.000000 0008 819946 0.830728 0.644100 0.185635
0008 829803 0.014605 0.057002 0.073205 1500 1500 1500 1000 8 869720 0.000000 0.000000 0.000000 0.000000 0.000000 0.000000 0.000000 0008 869904 -0.256818 0.661050 0.185798
0008 881836 0.014606 0.057002 0.073206 1500 1500 1500 1000 8 919647 0.000000 0.000000 0.000000 0.000000 0.000000 0.000000 0.000000 0008 919830 0.579746 0.644100 0.182538
0008 929840 0.014640 0.057002 0.073183 1500 1500 1500 1000 8 969666 0.000000 0.000000 0.000000 0.000000 0.000000 0.000000 0.000000 0008 969849 0.579746 0.644100 0.179931
0008 983337 0.014611 0.057003 0.073187 1500 1500 1500 1000 9 19623 0.000000 0.000000 0.000000 0.000000 0.000000 0.000000 0.000000 0009 019806 0.328770 0.661050 0.181235
0009 031189 0.014616 0.056975 0.073195 1500 1500 1500 1000 9 69641 0.000000 0.000000 0.000000 0.000000 0.000000 0.000000 0.000000 0009 069824 0.328770 0.661050 0.182278
0009 081787 0.014600 0.056954 0.073171 1500 1500 1500 1000 9 119568 0.000000 0.000000 0.000000 0.000000 0.000000 0.000000 0.000000 0009 119751 0.830728 0.644100 0.179722
0009 131378 0.014593 0.056940 0.073173 1500 1500 1500 1000 9 169556 0.000000 0.000000 0.000000 0.000000 0.000000 0.000000 0.000000 0009 169769 -0.256818 0.661050 0.181068
0009 183319 0.014589 0.056919 0.073179 1500 1500 1500 1000 9 219513 0.000000 0.000000 0.000000 0.000000 0.000000 0.000000 0.000000 0009 219788 -0.005856 0.644100 0.182144
0009 229797 0.014621 0.056929 0.073153 1500 1500 1500 1000 9 269501 0.000000 0.000000 0.000000 0.000000 0.000000 0.000000 0.000000 0009 269714 -0.507774 0.661050 0.183005
0009 283417 0.014633 0.056908 0.073126 1500 1500 1500 1000 9 319580 0.000000 0.000000 0.000000 0.000000 0.000000 0.000000 0.000000 0009 319763 -0.256818 0.661050 0.183694
0009 331390 0.014615 0.056889 0.073128 1500 1500 1500 1000 9 369659 0.000000 0.000000 0.000000 0.000000 0.000000 0.000000 0.000000 0009 369843 -0.507774 0.661050 0.184245
0009 383728 0.014600 0.056909 0.073095 1500 1500 1500 1000 9 419617 0.000000 0.000000 0.000000 0.000000 0.000000 0.000000 0.000000 0009 419830 0.328770 0.661050 0.181296
0009 429749 0.014587 0.056892 0.073078 1500 1500 1500 1000 9 469604 0.000000 0.000000 0.000000 0.000000 0.000000 0.000000 0.000000 0009 469818 -0.256818 0.644100 0.178937
0009 483459 0.014547 0.056871 0.073075 1500 1500 1500 1000 9 519653 0.000000 0.000000 0.000000 0.000000 0.000000 0.000000 0.000000 0009 519836 -0.507774 0.661050 0.180440
0009 529755 0.014517 0.056893 0.073041 1500 1500 1500 1000 9 569672 0.000000 0.000000 0.000000 0.000000 0.000000 0.000000 0.000000 0009 569885 -0.256818 0.644100 0.178252
0009 583649 0.014516 0.056895 0.073014 1500 1500 1500 1000 9 619629 0.000000 0.000000 0.000000 0.000000 0.000000 0.000000 0.000000 0009 619843 0.579746 0.644100 0.176501
0009 629761 0.014504 0.056886 0.073002 1500 1500 1500 1000 9 669739 0.000000 0.000000 0.000000 0.000000 0.000000 0.000000 0.000000 0009 669952 1.081716 0.661050 0.178491
0009 683319 0.014525 0.056924 0.073017 1500 1500 1500 1000 9 719666 0.000000 0.000000 0.000000 0.000000 0.000000 0.000000 0.000000 0009 719879 -0.758724 0.661050 0.180083
0009 729675 0.014524 0.056926 0.073031 1500 1500 1500 1000 9 769623 0.000000 0.000000 0.000000 0.000000 0.000000 0.000000 0.000000 0009 769836 1.081716 0.661050 0.181356
0009 783783 0.014565 0.056924 0.073016 1500 1500 1500 1000 9 819611 0.000000 0.000000 0.000000 0.000000 0.000000 0.000000 0.000000 0009 819794 -0.005856 0.644100 0.182375
0009 831207 0.014535 0.056913 0.073016 1500 1500 1500 1000 9 869476 0.000000 0.000000 0.000000 0.000000 0.000000 0.000000 0.000000 0009 869659 -0.758724 0.644100 0.183190
0009 883331 0.014515 0.056915 0.073016 1500 1500 1500 1000 9 919373 0.000000 0.000000 0.000000 0.000000 0.000000 0.000000 0.000000 0009 919586 -1.009668 0.644100 0.180452
0009 929749 0.014549 0.056908 0.073012 1500 1500 1500 1000 9 969299 0.000000 0.000000 0.000000 0.000000 0.000000 0.000000 0.000000 0009 969482 0.245112 0.661050 0.181652
0009 983276 0.014552 0.056904 0.072981 1500 1500 1500 1000 10 19257 0.000000 0.000000 0.000000 0.000000 0.000000 0.000000 0.000000 0010 019440 0.830728 0.644100 0.182611
0010 029694 0.014515 0.056916 0.072933 1500 1500 1500 1000 10 69305 0.000000 0.000000 0.000000 0.000000 0.000000 0.000000 0.000000 0010 069489 0.579746 0.661050 0.183379
0010 083343 0.014523 0.056912 0.072923 1500 1500 1500 1000 10 119263 0.000000 0.000000 0.000000 0.000000 0.000000 0.000000 0.000000 0010 119476 0.245112 0.661050 0.183993
0010 129700 0.014499 0.056919 0.072932 1500 1500 1500 1000 10 169281 0.000000 0.000000 0.000000 0.000000 0.000000 0.000000 0.000000 0010 169495 1.081716 0.661050 0.184485
0010 183166 0.014496 0.056911 0.072915 1500 1500 1500 1000 10 219421 0.000000 0.000000 0.000000 0.000000 0.000000 0.000000 0.000000 0010 219696 -0.256818 0.661050 0.184878
0010 231171 0.014527 0.056936 0.072920 1500 1500 1500 1000 10 269409 0.000000 0.000000 0.000000 0.000000 0.000000 0.000000 0.000000 0010 269623 0.830728 0.644100 0.181802
0010 283325 0.014510 0.056941 0.072882 1500 1500 1500 1000 10 319489 0.000000 0.000000 0.000000 0.000000 0.000000 0.000000 0.000000 0010 319763 -0.005856 0.644100 0.179342
0010 329681 0.014499 0.056935 0.072868 1500 1500 1500 1000 10 369476 0.000000 0.000000 0.000000 0.000000 0.000000 0.000000 0.000000 0010 369659 0.579746 0.644100 0.177373
0010 383667 0.014495 0.056935 0.072859 1500 1500 1500 1000 10 419464 0.000000 0.000000 0.000000 0.000000 0.000000 0.000000 0.000000 0010 419678 -0.507774 0.661050 0.179189
0010 429687 0.014502 0.056930 0.072825 1500 1500 1500 1000 10 469421 0.000000 0.000000 0.000000 0.000000 0.000000 0.000000 0.000000 0010 469788 0.830728 0.661050 0.180641
0010 483307 0.014521 0.056927 0.072808 1500 1500 1500 1000 10 519440 0.000000 0.000000 0.000000 0.000000 0.000000 0.000000 0.000000 0010 519623 -0.256818 0.661050 0.181803
0010 529694 0.014534 0.056945 0.072823 1500 1500 1500 1000 10 569427 0.000000 0.000000 0.000000 0.000000 0.000000 0.000000 0.000000 0010 569641 -0.758724 0.644100 0.182732
0010 583496 0.014570 0.056975 0.072824 1500 1500 1500 1000 10 619476 0.000000 0.000000 0.000000 0.000000 0.000000 0.000000 0.000000 0010 619659 -0.758724 0.661050 0.183476
0010 630127 0.014557 0.056966 0.072824 1500 1500 1500 1000 10 669434 0.000000 0.000000 0.000000 0.000000 0.000000 0.000000 0.000000 0010 669647 -1.009668 0.661050 0.184071
0010 683289 0.014526 0.056976 0.072832 1500 1500 1500 1000 10 719482 0.000000 0.000000 0.000000 0.000000 0.000000 0.000000 0.000000 0010 719757 -0.005856 0.661050 0.184546
0010 729736 0.014566 0.056989 0.072825 1500 1500 1500 1000 10 769409 0.000000 0.000000 0.000000 0.000000 0.000000 0.000000 0.000000 0010 769623 0.579746 0.661050 0.184927
0010 783630 0.014563 0.056969 0.072804 1500 1500 1500 1000 10 819458 0.000000 0.000000 0.000000 0.000000 0.000000 0.000000 0.000000 0010 819672 -0.256818 0.644100 0.185232
0010 829742 0.014563 0.056974 0.072806 1500 1500 1500 1000 10 869385 0.000000 0.000000 0.000000 0.000000 0.000000 0.000000 0.000000 0010 869568 -0.005856 0.661050 0.185475
0010 883301 0.014537 0.056957 0.072786 1500 1500 1500 1000 10 919464 0.000000 0.000000 0.000000 0.000000 0.000000 0.000000 0.000000 0010 919678 -0.507774 0.661050 0.185670
0010 929718 0.014543 0.056951 0.072769 1500 1500 1500 1000 10 969421 0.000000 0.000000 0.000000 0.000000 0.000000 0.000000 0.000000 0010 969727 -0.507774 0.644100 0.182436
0010 983093 0.014556 0.056942 0.072755 1500 1500 1500 1000 11 19409 0.000000 0.000000 0.000000 0.000000 0.000000 0.000000 0.000000 0011 019592 -0.005856 0.644100 0.183239
0011 029724 0.014563 0.056925 0.072757 1500 1500 1500 1000 11 69366 0.000000 0.000000 0.000000 0.000000 0.000000 0.000000 0.000000 0011 069580 0.328770 0.661050 0.180491
0011 083313 0.014595 0.056973 0.072733 1500 1500 1500 1000 11 119537 0.000000 0.000000 0.000000 0.000000 0.000000 0.000000 0.000000 0011 119720 0.579746 0.661050 0.181683
0011 129669 0.014610 0.056983 0.072703 1500 1500 1500 1000 11 169464 0.000000 0.000000 0.000000 0.000000 0.000000 0.000000 0.000000 0011 169647 -0.256818 0.661050 0.182636
0011 183075 0.014621 0.056977 0.072678 1500 1500 1500 1000 11 219482 0.000000 0.000000 0.000000 0.000000 0.000000 0.000000 0.000000 0011 219788 1.834717 0.644100 0.180009
0011 230072 0.014634 0.056977 0.072656 1500 1500 1500 1000 11 269348 0.000000 0.000000 0.000000 0.000000 0.000000 0.000000 0.000000 0011 269562 -0.256818 0.644100 0.181297
0011 281708 0.014641 0.057010 0.072671 1500 1500 1500 1000 11 319305 0.000000 0.000000 0.000000 0.000000 0.000000 0.000000 0.000000 0011 319519 -0.256818 0.661050 0.178938
0011 329681 0.014616 0.057000 0.072639 1500 1500 1500 1000 11 369385 0.000000 0.000000 0.000000 0.000000 0.000000 0.000000 0.000000 0011 369598 -0.758724 0.644100 0.180440
0011 383057 0.014601 0.056992 0.072620 1500 1500 1500 1000 11 419434 0.000000 0.000000 0.000000 0.000000 0.000000 0.000000 0.000000 0011 419647 -0.005856 0.644100 0.181642
0011 429657 0.014585 0.056966 0.072595 1500 1500 1500 1000 11 469543 0.000000 0.000000 0.000000 0.000000 0.000000 0.000000 0.000000 0011 469818 -1.009668 0.644100 0.182604
0011 483307 0.014580 0.056966 0.072559 1500 1500 1500 1000 11 519501 0.000000 0.000000 0.000000 0.000000 0.000000 0.000000 0.000000 0011 519684 0.830728 0.661050 0.183373
0011 529663 0.014578 0.056946 0.072547 1500 1500 1500 1000 11 569611 0.000000 0.000000 0.000000 0.000000 0.000000 0.000000 0.000000 0011 569794 1.081716 0.644100 0.183988
0011 583130 0.014571 0.056956 0.072550 1500 1500 1500 1000 11 619720 0.000000 0.000000 0.000000 0.000000 0.000000 0.000000 0.000000 0011 619965 -0.758724 0.661050 0.184481
0011 629700 0.014548 0.056968 0.072564 1500 1500 1500 1000 11 669739 0.000000 0.000000 0.000000 0.000000 0.000000 0.000000 0.000000 0011 670044 0.328770 0.644100 0.184875
0011 683228 0.014523 0.056941 0.072553 1500 1500 1500 1000 11 719849 0.000000 0.000000 0.000000 0.000000 0.000000 0.000000 0.000000 0011 720123 0.328770 0.661050 0.185190
0011 729675 0.014509 0.056946 0.072557 1500 1500 1500 1000 11 769989 0.000000 0.000000 0.000000 0.000000 0.000000 0.000000 0.000000 0011 770386 0.245112 0.661050 0.185442
0011 783508 0.014503 0.056927 0.072541 1500 1500 1500 1000 11 820129 0.000000 0.000000 0.000000 0.000000 0.000000 0.000000 0.000000 0011 820312 -0.005856 0.644100 0.182253
0011 829681 0.014516 0.056912 0.072561 1500 1500 1500 1000 11 870117 0.000000 0.000000 0.000000 0.000000 0.000000 0.000000 0.000000 0011 870331 -0.507774 0.661050 0.183093
0011 883301 0.014507 0.056895 0.072543 1500 1500 1500 1000 11 920074 0.000000 0.000000 0.000000 0.000000 0.000000 0.000000 0.000000 0011 920288 -0.256818 0.661050 0.183764
0011 929993 0.014516 0.056888 0.072558 1500 1500 1500 1000 11 970123 0.000000 0.000000 0.000000 0.000000 0.000000 0.000000 0.000000 0011 970337 -0.507774 0.661050 0.184301
0011 983093 0.014486 0.056895 0.072549 1500 1500 1500 1000 12 20081 0.000000 0.000000 0.000000 0.000000 0.000000 0.000000 0.000000 0012 020294 0.579746 0.644100 0.184731
0012 029694 0.014470 0.056886 0.072533 1500 1500 1500 1000 12 70068 0.000000 0.000000 0.000000 0.000000 0.000000 0.000000 0.000000 0012 070251 -0.256818 0.644100 0.181685
0012 083527 0.014509 0.056852 0.072512 1500 1500 1500 1000 12 120087 0.000000 0.000000 0.000000 0.000000 0.000000 0.000000 0.000000 0012 120270 -0.507774 0.661050 0.182638
0012 129669 0.014525 0.056839 0.072500 1500 1500 1500 1000 12 170013 0.000000 0.000000 0.000000 0.000000 0.000000 0.000000 0.000000 0012 170227 -0.507774 0.644100 0.183400
0012 183380 0.014543 0.056826 0.072493 1500 1500 1500 1000 12 220093 0.000000 0.000000 0.000000 0.000000 0.000000 0.000000 0.000000 0012 220306 -0.005856 0.661050 0.184010
0012 229675 0.014573 0.056831 0.072468 1500 1500 1500 1000 12 270142 0.000000 0.000000 0.000000 0.000000 0.000000 0.000000 0.000000 0012 270355 -0.256818 0.644100 0.184498
0012 283234 0.014606 0.056838 0.072454 1500 1500 1500 1000 12 320129 0.000000 0.000000 0.000000 0.000000 0.000000 0.000000 0.000000 0012 320312 -0.005856 0.644100 0.184889
0012 331207 0.014601 0.056871 0.072443 1500 1500 1500 1000 12 370148 0.000000 0.000000 0.000000 0.000000 0.000000 0.000000 0.000000 0012 370392 -0.507774 0.661050 0.185201
0012 383514 0.014593 0.056891 0.072421 1500 1500 1500 1000 12 420044 0.000000 0.000000 0.000000 0.000000 0.000000 0.000000 0.000000 0012 420258 -0.005856 0.644100 0.182061
0012 429657 0.014593 0.056897 0.072385 1500 1500 1500 1000 12 470123 0.000000 0.000000 0.000000 0.000000 0.000000 0.000000 0.000000 0012 470306 0.579746 0.644100 0.182939
0012 481659 0.014586 0.056901 0.072380 1500 1500 1500 1000 12 520081 0.000000 0.000000 0.000000 0.000000 0.000000 0.000000 0.000000 0012 520294 0.830728 0.644100 0.183641
0012 529694 0.014563 0.056894 0.072354 1500 1500 1500 1000 12 570099 0.000000 0.000000 0.000000 0.000000 0.000000 0.000000 0.000000 0012 570282 -0.758724 0.644100 0.187593
0012 583191 0.014588 0.056876 0.072315 1500 1500 1500 1000 12 620087 0.000000 0.000000 0.000000 0.000000 0.000000 0.000000 0.000000 0012 620300 -1.260607 0.644100 0.183974
0012 629730 0.014593 0.056924 0.072306 1500 1500 1500 1000 12 670074 0.000000 0.000000 0.000000 0.000000 0.000000 0.000000 0.000000 0012 670258 -0.507774 0.644100 0.184469
0012 683289 0.014611 0.056931 0.072296 1500 1500 1500 1000 12 720062 0.000000 0.000000 0.000000 0.000000 0.000000 0.000000 0.000000 0012 720245 -0.507774 0.661050 0.184865
0012 729736 0.014637 0.056917 0.072313 1500 1500 1500 1000 12 770081 0.000000 0.000000 0.000000 0.000000 0.000000 0.000000 0.000000 0012 770264 -0.256818 0.661050 0.185182
0012 783142 0.014599 0.056937 0.072305 1500 1500 1500 1000 12 820038 0.000000 0.000000 0.000000 0.000000 0.000000 0.000000 0.000000 0012 820251 0.579746 0.644100 0.182046
0012 829712 0.014623 0.056941 0.072301 1500 1500 1500 1000 12 870087 0.000000 0.000000 0.000000 0.000000 0.000000 0.000000 0.000000 0012 870270 -0.005856 0.644100 0.182927
0012 883179 0.014634 0.056945 0.072287 1500 1500 1500 1000 12 920074 0.000000 0.000000 0.000000 0.000000 0.000000 0.000000 0.000000 0012 920258 0.328770 0.661050 0.183631
0012 929687 0.014637 0.056956 0.072278 1500 1500 1500 1000 12 970123 0.000000 0.000000 0.000000 0.000000 0.000000 0.000000 0.000000 0012 970337 -0.758724 0.661050 0.184195
0012 983551 0.014647 0.056984 0.072238 1500 1500 1500 1000 13 20081 0.000000 0.000000 0.000000 0.000000 0.000000 0.000000 0.000000 0013 020264 -0.507774 0.644100 0.181256
0013 029572 0.014646 0.056986 0.072213 1500 1500 1500 1000 13 70068 0.000000 0.000000 0.000000 0.000000 0.000000 0.000000 0.000000 0013 070282 -0.758724 0.661050 0.182295
0013 081573 0.014682 0.056979 0.072213 1500 1500 1500 1000 13 119965 0.000000 0.000000 0.000000 0.000000 0.000000 0.000000 0.000000 0013 120148 -0.005856 0.661050 0.183126
0013 129578 0.014694 0.056980 0.072227 1500 1500 1500 1000 13 169952 0.000000 0.000000 0.000000 0.000000 0.000000 0.000000 0.000000 0013 170135 -0.758724 0.644100 0.183791
0013 183014 0.014684 0.056970 0.072245 1500 1500 1500 1000 13 219940 0.000000 0.000000 0.000000 0.000000 0.000000 0.000000 0.000000 0013 220123 -0.507774 0.644100 0.180933
0013 229584 0.014682 0.056948 0.072209 1500 1500 1500 1000 13 269989 0.000000 0.000000 0.000000 0.000000 0.000000 0.000000 0.000000 0013 270264 -0.507774 0.661050 0.182036
0013 283325 0.014694 0.056947 0.072175 1500 1500 1500 1000 13 319977 0.000000 0.000000 0.000000 0.000000 0.000000 0.000000 0.000000 0013 320190 0.328770 0.644100 0.179529
0013 329590 0.014681 0.056964 0.072155 1500 1500 1500 1000 13 370087 0.000000 0.000000 0.000000 0.000000 0.000000 0.000000 0.000000 0013 370300 0.579746 0.644100 0.177523
0013 383026 0.014667 0.056964 0.072132 1500 1500 1500 1000 13 420166 0.000000 0.000000 0.000000 0.000000 0.000000 0.000000 0.000000 0013 420380 -0.758724 0.661050 0.179308
0013 429565 0.014688 0.056964 0.072112 1500 1500 1500 1000 13 470093 0.000000 0.000000 0.000000 0.000000 0.000000 0.000000 0.000000 0013 470306 0.579746 0.644100 0.177347
0013 483154 0.014692 0.057012 0.072084 1500 1500 1500 1000 13 520111 0.000000 0.000000 0.000000 0.000000 0.000000 0.000000 0.000000 0013 520325 0.579746 0.661050 0.179167
0013 529602 0.014677 0.057012 0.072060 1500 1500 1500 1000 13 570282 0.000000 0.000000 0.000000 0.000000 0.000000 0.000000 0.000000 0013 570496 0.245112 0.661050 0.180624
0013 583008 0.014668 0.057022 0.072058 1500 1500 1500 1000 13 620209 0.000000 0.000000 0.000000 0.000000 0.000000 0.000000 0.000000 0013 620392 0.579746 0.644100 0.178399
0013 629578 0.014670 0.057009 0.072052 1500 1500 1500 1000 13 670319 0.000000 0.000000 0.000000 0.000000 0.000000 0.000000 0.000000 0013 670532 -0.256818 0.661050 0.180009
0013 683136 0.014694 0.056993 0.072054 1500 1500 1500 1000 13 720306 0.000000 0.000000 0.000000 0.000000 0.000000 0.000000 0.000000 0013 720520 0.245112 0.661050 0.181297
0013 729553 0.014674 0.056975 0.072045 1500 1500 1500 1000 13 770386 0.000000 0.000000 0.000000 0.000000 0.000000 0.000000 0.000000 0013 770630 1.332710 0.644100 0.178938
0013 783508 0.014680 0.056938 0.072059 1500 1500 1500 1000 13 820465 0.000000 0.000000 0.000000 0.000000 0.000000 0.000000 0.000000 0013 820648 0.830728 0.661050 0.180440
0013 829529 0.014686 0.056904 0.072063 1500 1500 1500 1000 13 870575 0.000000 0.000000 0.000000 0.000000 0.000000 0.000000 0.000000 0013 870911 0.830728 0.644100 0.181642
0013 883209 0.014707 0.056875 0.072053 1500 1500 1500 1000 13 920593 0.000000 0.000000 0.000000 0.000000 0.000000 0.000000 0.000000 0013 920959 0.245112 0.661050 0.182604
0013 929535 0.014724 0.056838 0.072029 1500 1500 1500 1000 13 970551 0.000000 0.000000 0.000000 0.000000 0.000000 0.000000 0.000000 0013 970734 -0.005856 0.661050 0.183373
0013 983459 0.014703 0.056867 0.071995 1500 1500 1500 1000 14 20447 0.000000 0.000000 0.000000 0.000000 0.000000 0.000000 0.000000 0014 020660 -0.758724 0.661050 0.183988
0014 029510 0.014733 0.056886 0.071993 1500 1500 1500 1000 14 70404 0.000000 0.000000 0.000000 0.000000 0.000000 0.000000 0.000000 0014 070587 -0.005856 0.644100 0.181091
0014 083191 0.014727 0.056865 0.071981 1500 1500 1500 1000 14 120483 0.000000 0.000000 0.000000 0.000000 0.000000 0.000000 0.000000 0014 120666 0.245112 0.644100 0.182163
0014 129547 0.014728 0.056857 0.071983 1500 1500 1500 1000 14 170471 0.000000 0.000000 0.000000 0.000000 0.000000 0.000000 0.000000 0014 170654 0.328770 0.661050 0.183020
0014 183502 0.014691 0.056829 0.071969 1500 1500 1500 1000 14 220551 0.000000 0.000000 0.000000 0.000000 0.000000 0.000000 0.000000 0014 220734 -0.507774 0.644100 0.183706
0014 229553 0.014681 0.056857 0.071963 1500 1500 1500 1000 14 270508 0.000000 0.000000 0.000000 0.000000 0.000000 0.000000 0.000000 0014 270874 -0.005856 0.661050 0.184255
0014 283173 0.014678 0.056840 0.071961 1500 1500 1500 1000 14 320618 0.000000 0.000000 0.000000 0.000000 0.000000 0.000000 0.000000 0014 320953 -0.256818 0.644100 0.184694
0014 329559 0.014668 0.056835 0.071964 1500 1500 1500 1000 14 370575 0.000000 0.000000 0.000000 0.000000 0.000000 0.000000 0.000000 0014 370941 -0.256818 0.644100 0.185045
0014 382965 0.014718 0.056835 0.071938 1500 1500 1500 1000 14 420593 0.000000 0.000000 0.000000 0.000000 0.000000 0.000000 0.000000 0014 421112 -0.507774 0.661050 0.185551
0014 429565 0.014701 0.056842 0.071915 1500 1500 1500 1000 14 470489 0.000000 0.000000 0.000000 0.000000 0.000000 0.000000 0.000000 0014 475952 -0.507774 0.661050 0.185731
0014 483154 0.014694 0.056865 0.071919 1500 1500 1500 1000 14 520477 0.000000 0.000000 0.000000 0.000000 0.000000 0.000000 0.000000 0014 526031 0.245112 0.661050 0.185875
0014 529541 0.014691 0.056857 0.071899 1500 1500 1500 1000 14 570435 0.000000 0.000000 0.000000 0.000000 0.000000 0.000000 0.000000 0014 576080 -0.256818 0.678000 0.185990
0014 583343 0.014694 0.056879 0.071884 1500 1500 1500 1000 14 620453 0.000000 0.000000 0.000000 0.000000 0.000000 0.000000 0.000000 0014 625977 -1.260607 0.644100 0.186082
0014 629517 0.014680 0.056893 0.071897 1500 1500 1500 1000 14 670593 0.000000 0.000000 0.000000 0.000000 0.000000 0.000000 0.000000 0014 676025 0.245112 0.644100 0.186155
0014 683166 0.014679 0.056901 0.071879 1500 1500 1500 1000 14 720642 0.000000 0.000000 0.000000 0.000000 0.000000 0.000000 0.000000 0014 726166 -0.507774 0.661050 0.186214
0014 729584 0.014692 0.056906 0.071884 1500 1500 1500 1721 14 770691 0.000000 0.000000 0.000000 0.000000 0.000000 0.050000 -3.023490 0014 770966 0.245112 0.644100 0.182871
0014 783386 0.014668 0.056932 0.071862 1500 1500 1500 1728 14 820679 0.000000 0.000000 0.000000 0.000000 0.000000 0.100000 -1.068722 0014 820953 -0.507774 0.644100 0.183587
0014 830994 0.014659 0.056917 0.071872 1500 1500 1500 1732 14 870697 0.001384 -0.000100 0.000000 0.000000 0.000000 0.150000 0.407364 0014 870972 0.245112 0.661050 0.180770
0014 881531 0.014692 0.056968 0.072016 1500 1500 1500 1734 14 920654 0.001384 -0.000100 0.000000 0.000000 0.000000 0.200000 1.379977 0014 921051 -0.758724 0.678000 0.181906
0014 929565 0.014637 0.057640 0.071872 1500 1500 1500 1735 14 970795 0.005050 -0.000364 0.000000 0.000000 0.000000 0.250000 2.170235 0014 971008 -0.256818 0.661050 0.179425
0014 983093 0.014624 0.057137 0.070536 1500 1500 1500 1735 15 20721 0.005050 -0.000364 0.000000 0.000000 0.000000 0.300000 2.664111 0015 021088 -0.758724 0.661050 0.180830
0015 029541 0.014858 0.057500 0.070437 1500 1500 1500 1736 15 70831 0.010961 -0.000787 0.000000 0.000000 0.000000 0.350000 3.068767 0015 071014 -0.005856 0.576300 0.180830
0015 083160 0.015296 0.058318 0.067547 1500 1500 1500 1736 15 120880 0.010961 -0.000787 0.000000 0.000000 0.000000 0.400000 3.199920 0015 121094 -0.256818 0.745800 0.188734
0015 129517 0.012683 0.055201 0.059767 1500 1500 1500 1736 15 170959 0.019085 -0.001352 0.000000 0.000000 0.000000 0.450000 3.505340 0015 171143 -0.507774 0.694950 0.188277
0015 182953 0.007225 0.050301 0.056070 1500 1500 1500 1736 15 221100 0.019085 -0.001352 0.000000 0.000000 0.000000 0.500000 3.822198 0015 221313 0.830728 0.661050 0.184522
0015 229950 0.004518 0.044940 0.061210 1500 1500 1500 1736 15 271179 0.029387 -0.002048 0.000000 0.000000 0.000000 0.550000 3.979603 0015 271362 0.830728 0.661050 0.184907
0015 283173 0.001680 0.039161 0.066830 1500 1500 1500 2000 15 321197 0.029387 -0.002048 0.000000 0.000000 0.000000 0.600000 4.196217 0015 321381 0.579746 0.644100 0.181826
0015 329834 0.003070 0.040350 0.070409 1500 1500 1500 2000 15 371216 0.041833 -0.002887 0.000000 0.000000 0.000000 0.650000 4.363284 0015 371399 0.245112 0.644100 0.179361
0015 383331 0.001460 0.042021 0.072230 1500 1500 1500 2000 15 421173 0.041833 -0.002887 0.000000 0.000000 0.000000 0.700000 4.498129 0015 421356 -0.758724 0.644100 0.177389
0015 429504 0.001865 0.039989 0.079370 1500 1500 1500 2000 15 471191 0.056389 -0.003888 0.000000 0.000000 0.000000 0.750000 4.535251 0015 471375 -0.507774 0.644100 0.179201
0015 483154 0.003269 0.033276 0.086362 1500 1500 1500 2000 15 521240 0.056389 -0.003888 0.000000 0.000000 0.000000 0.800000 4.673368 0015 521454 0.830728 0.678000 0.177261
0015 529541 0.004333 0.023386 0.092982 1500 1500 1500 2000 15 571167 0.073019 -0.005075 0.000000 0.000000 0.000000 0.850000 4.867186 0015 571381 -0.005856 0.644100 0.172319
0015 583008 0.004437 0.012981 0.099373 1500 1500 1500 2000 15 621246 0.073019 -0.005075 0.000000 0.000000 0.000000 0.900000 4.625163 0015 621429 0.579746 0.711900 0.185315
0015 629547 0.002782 0.001060 0.104306 1500 1500 1500 2000 15 671326 0.091689 -0.006474 0.000000 0.000000 0.000000 0.950000 4.921127 0015 671509 -0.758724 0.593250 0.178762
0015 683075 -0.001848 -0.006037 0.106277 1500 1500 1500 2000 15 721405 0.091689 -0.006474 0.000000 0.000000 0.000000 1.000000 4.975587 0015 721588 -0.256818 0.644100 0.180299
0015 729492 -0.006951 -0.013455 0.105802 1500 1500 1500 2000 15 771454 0.112366 -0.008094 0.000000 0.000000 0.000000 1.000000 3.986993 0015 771667 0.830728 0.661050 0.178140
0015 783325 -0.010501 -0.027335 0.105396 1500 1500 1500 1736 15 821472 0.112366 -0.008094 0.000000 0.000000 0.000000 1.000000 3.209207 0015 821655 0.830728 0.661050 0.179802
0015 829651 -0.011167 -0.039905 0.103850 1500 1500 1500 1736 15 871429 0.135020 -0.009929 0.000000 0.000000 0.000000 1.000000 2.825677 0015 871613 -0.507774 0.644100 0.174351
0015 881500 -0.011677 -0.048393 0.102799 1500 1500 1500 1735 15 921417 0.135020 -0.009929 0.000000 0.000000 0.000000 1.000000 2.381148 0015 921631 0.579746 0.678000 0.176771
0015 929535 -0.015753 -0.053504 0.101223 1500 1500 1500 1735 15 971344 0.159619 -0.011973 0.000000 0.000000 0.000000 1.000000 2.002508 0015 971527 -0.005856 0.678000 0.182097
0015 983429 -0.019100 -0.061464 0.100684 1500 1500 1500 1735 16 21423 0.159619 -0.011973 0.000000 0.000000 0.000000 1.000000 1.990159 0016 021606 -0.256818 0.644100 0.176187
0016 029541 -0.018626 -0.061943 0.099091 1500 1500 1500 1735 16 71320 0.186135 -0.014214 0.000000 0.000000 0.000000 1.000000 1.803623 0016 071594 0.328770 0.644100 0.178240
0016 083099 -0.013281 -0.060403 0.098969 1500 1500 1500 1734 16 121338 0.186135 -0.014214 0.000000 0.000000 0.000000 1.000000 1.526970 0016 121552 0.579746 0.694950 0.186662
0016 129486 -0.010687 -0.061716 0.097887 1500 1500 1500 1735 16 171234 0.214538 -0.016648 0.000000 0.000000 0.000000 1.000000 1.598386 0016 171417 -0.507774 0.661050 0.183230
0016 183624 -0.013037 -0.059892 0.097352 1500 1500 1500 1734 16 221222 0.214538 -0.016648 0.000000 0.000000 0.000000 1.000000 1.480382 0016 221405 -0.256818 0.711900 0.187264
0016 229523 -0.014978 -0.060454 0.096556 1500 1500 1500 1735 16 271210 0.244800 -0.019268 0.000000 0.000000 0.000000 1.000000 1.645318 0016 271423 0.579746 0.661050 0.180321
0016 283264 -0.012600 -0.061562 0.096203 1500 1500 1500 1734 16 321197 0.244800 -0.019268 0.000000 0.000000 0.000000 1.000000 1.424472 0016 321411 -0.005856 0.711900 0.188327
0016 331207 -0.011547 -0.059173 0.095919 1500 1500 1500 1735 16 371216 0.276892 -0.022069 0.000000 0.000000 0.000000 1.000000 1.533290 0016 371429 0.328770 0.661050 0.184561
0016 382843 -0.015243 -0.060497 0.096139 1500 1500 1500 1734 16 421204 0.276892 -0.022069 0.000000 0.000000 0.000000 1.000000 1.362997 0016 421417 1.332710 0.711900 0.191719
0016 429535 -0.012344 -0.058523 0.096465 1500 1500 1500 1734 16 471222 0.310786 -0.025049 0.000000 0.000000 0.000000 1.000000 1.040977 0016 471405 0.579746 0.796650 0.207615
0016 483063 -0.014059 -0.061392 0.095711 1500 1500 1500 1734 16 521179 0.310786 -0.025049 0.000000 0.000000 0.000000 1.000000 1.168457 0016 521362 0.830728 0.661050 0.207615
0016 529480 -0.012327 -0.057467 0.095777 1500 1500 1500 1734 16 571167 0.346453 -0.028204 0.000000 0.000000 0.000000 1.000000 1.122598 0016 571381 -0.005856 0.745800 0.213552
0016 582977 -0.014700 -0.060319 0.095223 1500 1500 1500 1734 16 621124 0.346453 -0.028204 0.000000 0.000000 0.000000 1.000000 1.268500 0016 621307 0.328770 0.678000 0.211522
0016 629486 -0.012670 -0.058656 0.095659 1500 1500 1500 1735 16 671143 0.383867 -0.031531 0.000000 0.000000 0.000000 1.000000 1.516797 0016 671326 1.332710 0.661050 0.203117
0016 683044 -0.014678 -0.059754 0.095652 1500 1500 1500 1735 16 721008 0.383867 -0.031531 0.000000 0.000000 0.000000 1.000000 1.425602 0016 721191 0.830728 0.694950 0.206564
0016 729675 -0.011756 -0.058258 0.095148 1500 1500 1500 1735 16 771057 0.423000 -0.035026 0.000000 0.000000 0.000000 1.000000 1.606957 0016 771240 0.830728 0.661050 0.199151
0016 783020 -0.014745 -0.059393 0.095028 1500 1500 1500 1735 16 821014 0.423000 -0.035026 0.000000 0.000000 0.000000 1.000000 1.550004 0016 821289 -0.507774 0.694950 0.200001
0016 830902 -0.013194 -0.058185 0.095602 1500 1500 1500 1735 16 871002 0.463826 -0.038687 0.000000 0.000000 0.000000 1.000000 1.590673 0016 871185 -0.758724 0.644100 0.197291
0016 883118 -0.014864 -0.060605 0.095238 1500 1500 1500 1735 16 920990 0.463826 -0.038687 0.000000 0.000000 0.000000 1.000000 1.454032 0016 921204 -0.005856 0.694950 0.201903
0016 931061 -0.014133 -0.060783 0.095374 1500 1500 1500 1735 16 971039 0.506320 -0.042512 0.000000 0.000000 0.000000 1.000000 1.376812 0016 971222 0.328770 0.711900 0.205592
0016 983002 -0.014068 -0.060418 0.096254 1500 1500 1500 1735 17 20966 0.506320 -0.042512 0.000000 0.000000 0.000000 1.000000 1.491781 0017 021149 -0.507774 0.694950 0.201764
0017 029510 -0.014566 -0.060541 0.094883 1500 1500 1500 1735 17 71045 0.550454 -0.046496 0.000000 0.000000 0.000000 1.000000 1.556960 0017 071381 -0.507774 0.694950 0.198701
0017 083069 -0.014957 -0.058414 0.095012 1500 1500 1500 1735 17 120941 0.550454 -0.046496 0.000000 0.000000 0.000000 1.000000 1.436068 0017 121155 0.328770 0.711900 0.203031
0017 129486 -0.013763 -0.061432 0.094788 1500 1500 1500 1735 17 170959 0.596204 -0.050638 0.000000 0.000000 0.000000 1.000000 1.291606 0017 171143 0.579746 0.762750 0.209885
0017 182922 -0.013952 -0.060431 0.095340 1500 1500 1500 1735 17 221039 0.596204 -0.050638 0.000000 0.000000 0.000000 1.000000 1.526429 0017 221222 0.328770 0.661050 0.201808
0017 229401 -0.015603 -0.061211 0.095270 1500 1500 1500 1735 17 271088 0.643545 -0.054934 0.000000 0.000000 0.000000 1.000000 1.504250 0017 271301 -1.009668 0.694950 0.202126
0017 283203 -0.012859 -0.059332 0.095285 1500 1500 1500 1735 17 321228 0.643545 -0.054934 0.000000 0.000000 0.000000 1.000000 1.489998 0017 321442 -0.507774 0.694950 0.202381
0017 329407 -0.015133 -0.060278 0.095303 1500 1500 1500 1735 17 371277 0.692451 -0.059384 0.000000 0.000000 0.000000 1.000000 1.712457 0017 371460 0.579746 0.644100 0.192415
0017 382874 -0.014356 -0.060027 0.094600 1500 1500 1500 1735 17 421387 0.692451 -0.059384 0.000000 0.000000 0.000000 1.000000 1.519797 0017 421875 -0.005856 0.711900 0.198002
0017 429382 -0.012121 -0.058236 0.093840 1500 1500 1500 1735 17 471497 0.742900 -0.063983 0.000000 0.000000 0.000000 1.000000 1.715818 0017 471771 0.579746 0.627150 0.188911
0017 483032 -0.014434 -0.057765 0.092470 1500 1500 1500 1735 17 521667 0.742900 -0.063983 0.000000 0.000000 0.000000 1.000000 1.970986 0017 521881 -0.256818 0.661050 0.174859
0017 529388 -0.011874 -0.056583 0.092684 1500 1500 1500 1735 17 571777 0.794868 -0.068725 0.000000 0.000000 0.000000 1.000000 1.837644 0017 571960 0.245112 0.711900 0.174859
0017 583038 -0.012174 -0.056759 0.092777 1500 1500 1500 1735 17 621765 0.794868 -0.068725 0.000000 0.000000 0.000000 1.000000 1.768693 0017 621979 -0.256818 0.644100 0.173787
0017 629425 -0.014152 -0.057583 0.092689 1500 1500 1500 1735 17 671875 0.848331 -0.073608 0.000000 0.000000 0.000000 1.000000 1.639005 0017 672058 1.332710 0.678000 0.176320
0017 683166 -0.013487 -0.055475 0.091751 1500 1500 1500 1735 17 721985 0.848331 -0.073608 0.000000 0.000000 0.000000 1.000000 1.404065 0017 722168 0.328770 0.711900 0.185126
0017 729431 -0.016252 -0.057459 0.091623 1500 1500 1500 1735 17 772095 0.903265 -0.078627 0.000000 0.000000 0.000000 1.000000 1.197656 0017 772278 0.830728 0.745800 0.195561
0017 783356 -0.015598 -0.057094 0.090256 1500 1500 1500 1735 17 822235 0.903265 -0.078627 0.000000 0.000000 0.000000 1.000000 1.249147 0017 822418 -0.256818 0.694950 0.197129
0017 829437 -0.013633 -0.056954 0.088475 1500 1500 1500 1735 17 872314 0.959650 -0.083776 0.000000 0.000000 0.000000 1.000000 1.214315 0017 872528 0.328770 0.745800 0.201773
0017 883026 -0.014485 -0.055131 0.086677 1500 1500 1500 1735 17 922363 0.959650 -0.083776 0.000000 0.000000 0.000000 1.000000 1.285632 0017 922577 -0.256818 0.678000 0.202098
0017 929413 -0.015466 -0.055762 0.084662 1500 1500 1500 1735 17 972443 1.017463 -0.089044 0.000000 0.000000 0.000000 1.000000 1.413993 0017 972717 0.328770 0.678000 0.198969
0017 983002 -0.012859 -0.054766 0.083674 1500 1500 1500 1735 18 22400 1.017463 -0.089044 0.000000 0.000000 0.000000 1.000000 1.491340 0018 022675 -0.507774 0.661050 0.196465
0018 029358 -0.012592 -0.052766 0.083822 1500 1500 1500 1735 18 72449 1.076683 -0.094424 0.000000 0.000000 0.000000 1.000000 1.458338 0018 072723 0.328770 0.661050 0.197852
0018 083008 -0.012716 -0.054477 0.083858 1500 1500 1500 1735 18 122467 1.076683 -0.094424 0.000000 0.000000 0.000000 1.000000 1.517919 0018 122742 0.328770 0.661050 0.195572
0018 129364 -0.013252 -0.056536 0.083612 1500 1500 1500 1735 18 172546 1.137287 -0.099914 0.000000 0.000000 0.000000 1.000000 1.704792 0018 172882 -0.256818 0.627150 0.186967
0018 182831 -0.012012 -0.055547 0.083565 1500 1500 1500 1735 18 222504 1.137287 -0.099914 0.000000 0.000000 0.000000 1.000000 1.646942 0018 222778 -0.507774 0.661050 0.186864
0018 229401 -0.011834 -0.051995 0.083340 1500 1500 1500 1735 18 272583 1.199255 -0.105512 0.000000 0.000000 0.000000 1.000000 1.528893 0018 272827 -0.005856 0.661050 0.190171
0018 281403 -0.012607 -0.054283 0.083205 1500 1500 1500 1735 18 322662 1.199255 -0.105512 0.000000 0.000000 0.000000 1.000000 1.459475 0018 322845 0.579746 0.694950 0.192817
0018 329376 -0.013396 -0.055098 0.083398 1500 1500 1500 1735 18 372742 1.262565 -0.111215 0.000000 0.000000 0.000000 1.000000 1.652874 0018 372955 -0.256818 0.593250 0.184763
0018 382874 -0.012132 -0.052122 0.083062 1500 1500 1500 1735 18 422821 1.262565 -0.111215 0.000000 0.000000 0.000000 1.000000 1.524653 0018 423035 -0.256818 0.711900 0.188491
0018 429413 -0.012173 -0.051442 0.083204 1500 1500 1500 1736 18 472931 1.327197 -0.117023 0.000000 0.000000 0.000000 1.000000 1.681211 0018 473145 0.328770 0.678000 0.181303
0018 483002 -0.013700 -0.054289 0.082819 1500 1500 1500 1735 18 522797 1.327197 -0.117023 0.000000 0.000000 0.000000 1.000000 1.530660 0018 523010 0.830728 0.694950 0.185722
0018 529388 -0.014215 -0.053489 0.082253 1500 1500 1500 1735 18 572784 1.393131 -0.122931 0.000000 0.000000 0.000000 1.000000 1.520073 0018 572968 0.830728 0.678000 0.185868
0018 582794 -0.012936 -0.051731 0.082053 1500 1500 1500 1736 18 623169 1.393131 -0.122931 0.000000 0.000000 0.000000 1.000000 1.590384 0018 623352 0.328770 0.644100 0.182594
0018 629395 -0.011457 -0.050279 0.081503 1500 1500 1500 1735 18 673218 1.460346 -0.128936 0.000000 0.000000 0.000000 1.000000 1.472242 0018 673431 -0.256818 0.711900 0.186755
0018 683014 -0.010327 -0.049672 0.080798 1500 1500 1500 1735 18 723297 1.460346 -0.128936 0.000000 0.000000 0.000000 1.000000 1.406170 0018 723480 -0.005856 0.694950 0.190084
0018 729370 -0.011994 -0.049935 0.080091 1500 1500 1500 1735 18 773254 1.528823 -0.135034 0.000000 0.000000 0.000000 1.000000 1.450362 0018 773437 -0.507774 0.661050 0.189357
0018 782806 -0.011908 -0.051798 0.079041 1500 1500 1500 1736 18 823303 1.528823 -0.135034 0.000000 0.000000 0.000000 1.000000 1.555531 0018 823486 0.245112 0.661050 0.185386
0018 829376 -0.011211 -0.050143 0.078058 1500 1500 1500 1736 18 873413 1.598542 -0.141221 0.000000 0.000000 0.000000 1.000000 1.536140 0018 873688 0.579746 0.661050 0.185599
0018 882996 -0.010252 -0.046970 0.077646 1500 1500 1500 1736 18 923462 1.598542 -0.141221 0.000000 0.000000 0.000000 1.000000 1.600556 0018 923737 0.830728 0.644100 0.182379
0018 929382 -0.009520 -0.049197 0.076896 1500 1500 1500 1736 18 973419 1.669485 -0.147489 0.000000 0.000000 0.000000 1.000000 1.478502 0018 973694 0.328770 0.711900 0.186583
0018 982758 -0.010673 -0.048223 0.077052 1500 1500 1500 1735 19 23437 1.669485 -0.147489 0.000000 0.000000 0.000000 1.000000 1.409865 0019 023773 -0.507774 0.694950 0.189947
0019 029358 -0.012438 -0.045565 0.075473 1500 1500 1500 1735 19 73364 1.741633 -0.153837 0.000000 0.000000 0.000000 1.000000 1.375258 0019 073578 -0.256818 0.661050 0.192637
0019 081360 -0.011451 -0.047823 0.073527 1500 1500 1500 1735 19 123291 1.741633 -0.153837 0.000000 0.000000 0.000000 1.000000 1.361786 0019 123505 -0.758724 0.678000 0.194790
0019 129364 -0.010001 -0.046719 0.071583 1500 1500 1500 1736 19 173218 1.814969 -0.160255 0.000000 0.000000 0.000000 1.000000 1.592375 0019 173401 -0.005856 0.644100 0.186342
0019 182800 -0.009943 -0.046755 0.070701 1500 1500 1500 1736 19 223236 1.814969 -0.160255 0.000000 0.000000 0.000000 1.000000 1.642890 0019 223450 0.579746 0.661050 0.182973
0019 229797 -0.008527 -0.044159 0.068782 1500 1500 1500 1736 19 273315 1.889473 -0.166734 0.000000 0.000000 0.000000 1.000000 1.587651 0019 273529 -0.256818 0.627150 0.183669
0019 283020 -0.008919 -0.041641 0.066440 1500 1500 1500 1736 19 323334 1.889473 -0.166734 0.000000 0.000000 0.000000 1.000000 1.474623 0019 323547 -0.507774 0.678000 0.187615
0019 329529 -0.008713 -0.041615 0.064538 1500 1500 1500 1736 19 373413 1.965129 -0.173267 0.000000 0.000000 0.000000 1.000000 1.642690 0019 373718 0.328770 0.661050 0.180602
0019 383301 -0.009558 -0.040732 0.062101 1500 1500 1500 1736 19 423401 1.965129 -0.173267 0.000000 0.000000 0.000000 1.000000 2.040872 0019 423706 1.081716 0.525450 0.161432
0019 431213 -0.010855 -0.036689 0.059474 1500 1500 1500 1736 19 473267 2.041919 -0.179840 0.000000 0.000000 0.000000 1.000000 1.894016 0019 473480 0.077800 0.728850 0.161432
0019 481354 -0.010911 -0.037334 0.055503 1500 1500 1500 1736 19 523224 2.041919 -0.179840 0.000000 0.000000 0.000000 1.000000 1.831637 0019 523437 0.328770 0.474600 0.159655
0019 529419 -0.012041 -0.036777 0.050665 1500 1500 1500 1736 19 573242 2.119827 -0.186437 0.000000 0.000000 0.000000 1.000000 1.626594 0019 573456 -0.256818 0.694950 0.165014
0019 582733 -0.010321 -0.036217 0.047014 1500 1500 1500 1736 19 623199 2.119827 -0.186437 0.000000 0.000000 0.000000 1.000000 1.581618 0019 623413 0.328770 0.728850 0.165911
0019 630798 -0.010063 -0.037849 0.044895 1500 1500 1500 1736 19 673279 2.198837 -0.193041 0.000000 0.000000 0.000000 1.000000 1.553720 0019 673492 -0.256818 0.644100 0.166629
0019 682983 -0.011385 -0.035273 0.042775 1500 1500 1500 1736 19 723236 2.198837 -0.193041 0.000000 0.000000 0.000000 1.000000 1.550125 0019 723450 -0.507774 0.711900 0.166629
0019 729401 -0.011108 -0.035054 0.041412 1500 1500 1500 1736 19 773315 2.278932 -0.199641 0.000000 0.000000 0.000000 1.000000 1.457403 0019 773499 -1.260607 0.694950 0.170593
0019 783234 -0.008630 -0.034193 0.039896 1500 1500 1500 1736 19 823303 2.278932 -0.199641 0.000000 0.000000 0.000000 1.000000 1.408339 0019 823578 -0.758724 0.711900 0.173765
0019 829498 -0.007782 -0.034408 0.039707 1500 1500 1500 1736 19 873352 2.360095 -0.206232 0.000000 0.000000 0.000000 1.000000 1.540946 0019 873566 0.077800 0.661050 0.169522
0019 882874 -0.008971 -0.035677 0.040998 1500 1500 1500 1736 19 923309 2.360095 -0.206232 0.000000 0.000000 0.000000 1.000000 1.539676 0019 923523 0.077800 0.661050 0.169517
