0005 537964 0.034942 0.009257 -0.557382 1500 1500 1500 950 5 581543 0.000000 0.000000 0.000000 0.000000 0.000000 0.000000 0.000000 0005 582031 0.070257 0.745800 0.037290
0005 588165 0.034952 0.009229 -0.557563 1500 1500 1500 950 5 631500 0.000000 0.000000 0.000000 0.000000 0.000000 0.000000 0.000000 0005 631897 -0.431571 0.745800 0.067122
0005 639007 0.034955 0.009227 -0.557768 1500 1500 1500 950 5 681488 0.000000 0.000000 0.000000 0.000000 0.000000 0.000000 0.000000 0005 681885 0.070257 0.745800 0.090988
0005 685913 0.034979 0.009210 -0.557953 1500 1500 1500 950 5 731506 0.000000 0.000000 0.000000 0.000000 0.000000 0.000000 0.000000 0005 731903 0.655754 0.745800 0.106690
0005 739105 0.034985 0.009199 -0.558160 1500 1500 1500 950 5 781524 0.000000 0.000000 0.000000 0.000000 0.000000 0.000000 0.000000 0005 781952 -0.933375 0.745800 0.122642
0005 786133 0.034977 0.009196 -0.558346 1500 1500 1500 950 5 831482 0.000000 0.000000 0.000000 0.000000 0.000000 0.000000 0.000000 0005 831878 0.070257 0.745800 0.135404
0005 839020 0.034982 0.009181 -0.558533 1500 1500 1500 950 5 881775 0.000000 0.000000 0.000000 0.000000 0.000000 0.000000 0.000000 0005 882141 -0.431571 0.745800 0.145613
0005 886017 0.034983 0.009208 -0.558719 1500 1500 1500 950 5 931824 0.000000 0.000000 0.000000 0.000000 0.000000 0.000000 0.000000 0005 932464 -0.682476 0.745800 0.153780
0005 939117 0.034987 0.009229 -0.558914 1500 1500 1500 950 5 981781 0.000000 0.000000 0.000000 0.000000 0.000000 0.000000 0.000000 0005 982391 -0.682476 0.728850 0.156924
0005 985992 0.034970 0.009179 -0.559101 1500 1500 1500 950 6 31769 0.000000 0.000000 0.000000 0.000000 0.000000 0.000000 0.000000 0006 032135 0.070257 0.728850 0.162829
0006 038971 0.034966 0.009165 -0.559318 1500 1500 1500 950 6 81756 0.000000 0.000000 0.000000 0.000000 0.000000 0.000000 0.000000 0006 082123 0.070257 0.728850 0.167554
0006 085998 0.034954 0.009176 -0.559513 1500 1500 1500 950 6 131744 0.000000 0.000000 0.000000 0.000000 0.000000 0.000000 0.000000 0006 132110 -0.431571 0.728850 0.171333
0006 138122 0.034951 0.009168 -0.559710 1500 1500 1500 950 6 181732 0.000000 0.000000 0.000000 0.000000 0.000000 0.000000 0.000000 0006 182098 0.070257 0.728850 0.177746
0006 186065 0.034965 0.009177 -0.559931 1500 1500 1500 950 6 231689 0.000000 0.000000 0.000000 0.000000 0.000000 0.000000 0.000000 0006 232055 0.906691 0.728850 0.179487
0006 239044 0.034971 0.009220 -0.560099 1500 1500 1500 950 6 281738 0.000000 0.000000 0.000000 0.000000 0.000000 0.000000 0.000000 0006 282104 -0.682476 0.728850 0.180880
0006 286072 0.034994 0.009233 -0.560292 1500 1500 1500 950 6 331695 0.000000 0.000000 0.000000 0.000000 0.000000 0.000000 0.000000 0006 332062 -0.180660 0.728850 0.181994
0006 339294 0.035007 0.009229 -0.560482 1500 1500 1500 950 6 381744 0.000000 0.000000 0.000000 0.000000 0.000000 0.000000 0.000000 0006 382141 -0.682476 0.728850 0.182885
0006 385834 0.034982 0.009229 -0.560658 1500 1500 1500 950 6 431793 0.000000 0.000000 0.000000 0.000000 0.000000 0.000000 0.000000 0006 432373 0.070257 0.728850 0.183598
0006 438873 0.034984 0.009202 -0.560856 1500 1500 1500 950 6 482055 0.000000 0.000000 0.000000 0.000000 0.000000 0.000000 0.000000 0006 482696 -0.933375 0.728850 0.180778
0006 485901 0.034966 0.009208 -0.561060 1500 1500 1500 950 6 532013 0.000000 0.000000 0.000000 0.000000 0.000000 0.000000 0.000000 0006 532654 -0.180660 0.728850 0.181913
0006 539062 0.034968 0.009215 -0.561280 1500 1500 1500 950 6 582367 0.000000 0.000000 0.000000 0.000000 0.000000 0.000000 0.000000 0006 583069 -1.686037 0.728850 0.179430
0006 585815 0.034968 0.009219 -0.561487 1500 1500 1500 950 6 632538 0.000000 0.000000 0.000000 0.000000 0.000000 0.000000 0.000000 0006 633697 0.070257 0.728850 0.181957
0006 685821 0.034987 0.009239 -0.561900 1500 1500 1500 950 6 682739 0.000000 0.000000 0.000000 0.000000 0.000000 0.000000 0.000000 0006 688568 -0.431571 0.728850 0.182856
0006 741852 0.034986 0.009278 -0.562081 1500 1500 1500 950 6 733032 0.000000 0.000000 0.000000 0.000000 0.000000 0.000000 0.000000 0006 739105 -0.180660 0.745800 0.183575
0006 786133 0.034983 0.009271 -0.562276 1500 1500 1500 950 6 783020 0.000000 0.000000 0.000000 0.000000 0.000000 0.000000 0.000000 0006 788818 -0.431571 0.728850 0.184150
0006 841949 0.034987 0.009282 -0.562470 1500 1500 1500 950 6 833038 0.000000 0.000000 0.000000 0.000000 0.000000 0.000000 0.000000 0006 839050 0.321181 0.728850 0.184610
0006 887939 0.034990 0.009266 -0.562648 1500 1500 1500 950 6 883301 0.000000 0.000000 0.000000 0.000000 0.000000 0.000000 0.000000 0006 883697 -0.682476 0.728850 0.184978
0006 937958 0.034972 0.009277 -0.562832 1500 1500 1500 950 6 933349 0.000000 0.000000 0.000000 0.000000 0.000000 0.000000 0.000000 0006 933716 -0.682476 0.728850 0.185272
0006 987427 0.034980 0.009302 -0.563025 1500 1500 1500 950 6 983368 0.000000 0.000000 0.000000 0.000000 0.000000 0.000000 0.000000 0006 983734 0.572110 0.728850 0.185508
0007 039032 0.034974 0.009314 -0.563225 1500 1500 1500 950 7 33355 0.000000 0.000000 0.000000 0.000000 0.000000 0.000000 0.000000 0007 033752 0.321181 0.728850 0.182306
0007 087494 0.034979 0.009344 -0.563408 1500 1500 1500 950 7 83374 0.000000 0.000000 0.000000 0.000000 0.000000 0.000000 0.000000 0007 083740 0.070257 0.728850 0.183135
0007 138824 0.034990 0.009358 -0.563616 1500 1500 1500 950 7 133362 0.000000 0.000000 0.000000 0.000000 0.000000 0.000000 0.000000 0007 133758 -0.933375 0.728850 0.183798
0007 188019 0.035004 0.009346 -0.563804 1500 1500 1500 950 7 183532 0.000000 0.000000 0.000000 0.000000 0.000000 0.000000 0.000000 0007 183899 -0.431571 0.728850 0.184328
0007 239502 0.035009 0.009365 -0.563986 1500 1500 1500 950 7 233520 0.000000 0.000000 0.000000 0.000000 0.000000 0.000000 0.000000 0007 233887 -0.180660 0.728850 0.184753
0007 288055 0.035019 0.009376 -0.564174 1500 1500 1500 950 7 283539 0.000000 0.000000 0.000000 0.000000 0.000000 0.000000 0.000000 0007 283905 -0.180660 0.728850 0.185092
0007 337921 0.035021 0.009359 -0.564361 1500 1500 1500 950 7 333587 0.000000 0.000000 0.000000 0.000000 0.000000 0.000000 0.000000 0007 333954 0.070257 0.728850 0.185364
0007 386932 0.035038 0.009338 -0.564573 1500 1500 1500 950 7 383575 0.000000 0.000000 0.000000 0.000000 0.000000 0.000000 0.000000 0007 383941 0.321181 0.728850 0.182191
0007 438843 0.035050 0.009350 -0.564791 1500 1500 1500 950 7 433655 0.000000 0.000000 0.000000 0.000000 0.000000 0.000000 0.000000 0007 434143 -0.431571 0.728850 0.179653
0007 487091 0.035047 0.009347 -0.564976 1500 1500 1500 950 7 483673 0.000000 0.000000 0.000000 0.000000 0.000000 0.000000 0.000000 0007 484070 -0.431571 0.728850 0.177622
0007 538879 0.035050 0.009340 -0.565154 1500 1500 1500 950 7 533569 0.000000 0.000000 0.000000 0.000000 0.000000 0.000000 0.000000 0007 533966 -0.431571 0.728850 0.179388
0007 586975 0.035042 0.009337 -0.565348 1500 1500 1500 950 7 583618 0.000000 0.000000 0.000000 0.000000 0.000000 0.000000 0.000000 0007 583984 -0.431571 0.728850 0.177410
0007 639251 0.035014 0.009340 -0.565549 1500 1500 1500 950 7 633575 0.000000 0.000000 0.000000 0.000000 0.000000 0.000000 0.000000 0007 633941 -0.431571 0.728850 0.179218
0007 687439 0.035009 0.009310 -0.565745 1500 1500 1500 950 7 683594 0.000000 0.000000 0.000000 0.000000 0.000000 0.000000 0.000000 0007 683960 -0.431571 0.728850 0.180665
0007 739074 0.035012 0.009291 -0.565912 1500 1500 1500 950 7 733551 0.000000 0.000000 0.000000 0.000000 0.000000 0.000000 0.000000 0007 733948 -0.431571 0.728850 0.181822
0007 787353 0.034994 0.009280 -0.566097 1500 1500 1500 950 7 783569 0.000000 0.000000 0.000000 0.000000 0.000000 0.000000 0.000000 0007 783935 -0.180660 0.728850 0.182747
0007 838745 0.035025 0.009277 -0.566296 1500 1500 1500 950 7 833587 0.000000 0.000000 0.000000 0.000000 0.000000 0.000000 0.000000 0007 833954 -0.431571 0.728850 0.180098
0007 887085 0.035032 0.009278 -0.566493 1500 1500 1500 950 7 883545 0.000000 0.000000 0.000000 0.000000 0.000000 0.000000 0.000000 0007 883911 0.070257 0.728850 0.181368
0007 937927 0.035052 0.009280 -0.566646 1500 1500 1500 950 7 933471 0.000000 0.000000 0.000000 0.000000 0.000000 0.000000 0.000000 0007 933868 -0.431571 0.728850 0.182385
0007 986877 0.035085 0.009272 -0.566831 1500 1500 1500 950 7 983551 0.000000 0.000000 0.000000 0.000000 0.000000 0.000000 0.000000 0007 983917 -0.431571 0.728850 0.179808
0008 038849 0.035109 0.009277 -0.567021 1500 1500 1500 950 8 33661 0.000000 0.000000 0.000000 0.000000 0.000000 0.000000 0.000000 0008 034027 -0.180660 0.728850 0.177746
0008 087097 0.035110 0.009256 -0.567198 1500 1500 1500 950 8 83679 0.000000 0.000000 0.000000 0.000000 0.000000 0.000000 0.000000 0008 084045 -0.431571 0.728850 0.179487
0008 138763 0.035076 0.009244 -0.567378 1500 1500 1500 950 8 133911 0.000000 0.000000 0.000000 0.000000 0.000000 0.000000 0.000000 0008 134460 -0.682476 0.728850 0.180880
0008 187469 0.035064 0.009251 -0.567554 1500 1500 1500 950 8 183838 0.000000 0.000000 0.000000 0.000000 0.000000 0.000000 0.000000 0008 184448 -0.682476 0.728850 0.181994
0008 239471 0.035038 0.009251 -0.567748 1500 1500 1500 950 8 233917 0.000000 0.000000 0.000000 0.000000 0.000000 0.000000 0.000000 0008 234466 -0.180660 0.728850 0.182885
0008 287689 0.035011 0.009239 -0.567964 1500 1500 1500 950 8 284118 0.000000 0.000000 0.000000 0.000000 0.000000 0.000000 0.000000 0008 284820 0.070257 0.745800 0.183598
0008 338836 0.035049 0.009230 -0.568170 1500 1500 1500 950 8 334320 0.000000 0.000000 0.000000 0.000000 0.000000 0.000000 0.000000 0008 334717 -0.431571 0.728850 0.180778
0008 388550 0.035064 0.009229 -0.568383 1500 1500 1500 950 8 384460 0.000000 0.000000 0.000000 0.000000 0.000000 0.000000 0.000000 0008 385315 -0.431571 0.745800 0.181913
0008 438568 0.035091 0.009237 -0.568591 1500 1500 1500 950 8 434479 0.000000 0.000000 0.000000 0.000000 0.000000 0.000000 0.000000 0008 434875 -0.180660 0.728850 0.179430
0008 487854 0.035040 0.009215 -0.568778 1500 1500 1500 950 8 484466 0.000000 0.000000 0.000000 0.000000 0.000000 0.000000 0.000000 0008 485046 0.321181 0.745800 0.180834
0008 541656 0.035040 0.009174 -0.568957 1500 1500 1500 950 8 534454 0.000000 0.000000 0.000000 0.000000 0.000000 0.000000 0.000000 0008 534820 0.655754 0.745800 0.181957
0008 587860 0.035022 0.009180 -0.569156 1500 1500 1500 950 8 584808 0.000000 0.000000 0.000000 0.000000 0.000000 0.000000 0.000000 0008 585357 0.070257 0.745800 0.182856
0008 639892 0.034995 0.009195 -0.569329 1500 1500 1500 950 8 634826 0.000000 0.000000 0.000000 0.000000 0.000000 0.000000 0.000000 0008 635376 -0.180660 0.745800 0.183575
0008 687927 0.034987 0.009208 -0.569496 1500 1500 1500 950 8 684875 0.000000 0.000000 0.000000 0.000000 0.000000 0.000000 0.000000 0008 685425 0.070257 0.745800 0.184150
0008 739837 0.034980 0.009202 -0.569711 1500 1500 1500 950 8 734985 0.000000 0.000000 0.000000 0.000000 0.000000 0.000000 0.000000 0008 735504 -0.180660 0.745800 0.181220
0008 788421 0.034956 0.009219 -0.569899 1500 1500 1500 950 8 784942 0.000000 0.000000 0.000000 0.000000 0.000000 0.000000 0.000000 0008 785492 -0.180660 0.745800 0.182266
0008 838745 0.034932 0.009215 -0.570101 1500 1500 1500 950 8 835235 0.000000 0.000000 0.000000 0.000000 0.000000 0.000000 0.000000 0008 835632 -1.184269 0.745800 0.183103
0008 888061 0.034981 0.009233 -0.570280 1500 1500 1500 950 8 885315 0.000000 0.000000 0.000000 0.000000 0.000000 0.000000 0.000000 0008 885681 0.070257 0.745800 0.180382
0008 939026 0.034996 0.009273 -0.570477 1500 1500 1500 950 8 935486 0.000000 0.000000 0.000000 0.000000 0.000000 0.000000 0.000000 0008 935882 -0.180660 0.745800 0.178206
0008 987945 0.034994 0.009267 -0.570650 1500 1500 1500 950 8 985412 0.000000 0.000000 0.000000 0.000000 0.000000 0.000000 0.000000 0008 985809 -0.682476 0.745800 0.176465
0009 039093 0.034970 0.009295 -0.570853 1500 1500 1500 950 9 35461 0.000000 0.000000 0.000000 0.000000 0.000000 0.000000 0.000000 0009 035980 0.321181 0.728850 0.175072
0009 088348 0.034964 0.009286 -0.571070 1500 1500 1500 950 9 85541 0.000000 0.000000 0.000000 0.000000 0.000000 0.000000 0.000000 0009 085937 -0.180660 0.745800 0.177347
0009 139862 0.034971 0.009313 -0.571273 1500 1500 1500 950 9 135711 0.000000 0.000000 0.000000 0.000000 0.000000 0.000000 0.000000 0009 136230 -0.180660 0.745800 0.175778
0009 185608 0.034934 0.009354 -0.571489 1500 1500 1500 950 9 185730 0.000000 0.000000 0.000000 0.000000 0.000000 0.000000 0.000000 0009 186218 -0.682476 0.728850 0.177912
0009 240082 0.034894 0.009367 -0.571716 1500 1500 1500 950 9 235718 0.000000 0.000000 0.000000 0.000000 0.000000 0.000000 0.000000 0009 236267 0.321181 0.728850 0.176230
0009 285522 0.034864 0.009398 -0.571895 1500 1500 1500 950 9 285736 0.000000 0.000000 0.000000 0.000000 0.000000 0.000000 0.000000 0009 286438 0.321181 0.745800 0.174884
0009 339721 0.034852 0.009395 -0.572071 1500 1500 1500 950 9 335785 0.000000 0.000000 0.000000 0.000000 0.000000 0.000000 0.000000 0009 336334 -0.180660 0.745800 0.177197
0009 385559 0.034897 0.009381 -0.572275 1500 1500 1500 950 9 386291 0.000000 0.000000 0.000000 0.000000 0.000000 0.000000 0.000000 0009 386688 0.906691 0.745800 0.179048
0009 439850 0.034894 0.009371 -0.572471 1500 1500 1500 950 9 436432 0.000000 0.000000 0.000000 0.000000 0.000000 0.000000 0.000000 0009 437134 0.070257 0.745800 0.180528
0009 489837 0.034919 0.009377 -0.572673 1500 1500 1500 950 9 486419 0.000000 0.000000 0.000000 0.000000 0.000000 0.000000 0.000000 0009 486816 0.572110 0.745800 0.181713
0009 539978 0.034909 0.009395 -0.572880 1500 1500 1500 950 9 536560 0.000000 0.000000 0.000000 0.000000 0.000000 0.000000 0.000000 0009 537262 -0.933375 0.745800 0.179270
0009 585480 0.034927 0.009392 -0.573061 1500 1500 1500 950 9 586670 0.000000 0.000000 0.000000 0.000000 0.000000 0.000000 0.000000 0009 587372 0.321181 0.745800 0.180706
0009 640289 0.034919 0.009401 -0.573240 1500 1500 1500 950 9 636810 0.000000 0.000000 0.000000 0.000000 0.000000 0.000000 0.000000 0009 637451 -0.431571 0.728850 0.178465
0009 685516 0.034918 0.009453 -0.573455 1500 1500 1500 950 9 686920 0.000000 0.000000 0.000000 0.000000 0.000000 0.000000 0.000000 0009 687439 0.655754 0.745800 0.180062
0009 740417 0.034947 0.009417 -0.573636 1500 1500 1500 950 9 736969 0.000000 0.000000 0.000000 0.000000 0.000000 0.000000 0.000000 0009 737457 -1.184269 0.728850 0.177949
0009 785553 0.034967 0.009410 -0.573832 1500 1500 1500 950 9 786926 0.000000 0.000000 0.000000 0.000000 0.000000 0.000000 0.000000 0009 787414 -0.180660 0.745800 0.179650
0009 840301 0.034983 0.009374 -0.574028 1500 1500 1500 950 9 836883 0.000000 0.000000 0.000000 0.000000 0.000000 0.000000 0.000000 0009 837402 -0.180660 0.762750 0.177620
0009 885467 0.035022 0.009366 -0.574230 1500 1500 1500 950 9 886963 0.000000 0.000000 0.000000 0.000000 0.000000 0.000000 0.000000 0009 887726 -0.180660 0.745800 0.175996
0009 939972 0.035028 0.009364 -0.574413 1500 1500 1500 950 9 936981 0.000000 0.000000 0.000000 0.000000 0.000000 0.000000 0.000000 0009 937469 -0.431571 0.745800 0.174697
0009 985443 0.035033 0.009360 -0.574623 1500 1500 1500 950 9 987121 0.000000 0.000000 0.000000 0.000000 0.000000 0.000000 0.000000 0009 987701 0.070257 0.745800 0.177047
0010 040802 0.034987 0.009363 -0.574796 1500 1500 1500 950 10 37170 0.000000 0.000000 0.000000 0.000000 0.000000 0.000000 0.000000 0010 037536 0.321181 0.745800 0.175538
0010 085449 0.035044 0.009368 -0.574998 1500 1500 1500 950 10 87280 0.000000 0.000000 0.000000 0.000000 0.000000 0.000000 0.000000 0010 087860 0.070257 0.745800 0.177720
0010 140137 0.035076 0.009388 -0.575182 1500 1500 1500 950 10 137543 0.000000 0.000000 0.000000 0.000000 0.000000 0.000000 0.000000 0010 137909 -0.431571 0.745800 0.179466
0010 185516 0.035105 0.009396 -0.575414 1500 1500 1500 950 10 187652 0.000000 0.000000 0.000000 0.000000 0.000000 0.000000 0.000000 0010 188354 -0.180660 0.745800 0.180863
0010 240631 0.035111 0.009398 -0.575607 1500 1500 1500 950 10 237671 0.000000 0.000000 0.000000 0.000000 0.000000 0.000000 0.000000 0010 238342 0.655754 0.745800 0.181980
0010 286529 0.035084 0.009397 -0.575813 1500 1500 1500 950 10 287842 0.000000 0.000000 0.000000 0.000000 0.000000 0.000000 0.000000 0010 288574 -0.682476 0.728850 0.179484
0010 337494 0.035079 0.009386 -0.576029 1500 1500 1500 950 10 338135 0.000000 0.000000 0.000000 0.000000 0.000000 0.000000 0.000000 0010 338501 -0.933375 0.745800 0.180877
0010 385467 0.035079 0.009446 -0.576240 1500 1500 1500 950 10 388397 0.000000 0.000000 0.000000 0.000000 0.000000 0.000000 0.000000 0010 388794 -0.431571 0.728850 0.178602
0010 440826 0.035100 0.009468 -0.576434 1500 1500 1500 950 10 438293 0.000000 0.000000 0.000000 0.000000 0.000000 0.000000 0.000000 0010 438690 0.070257 0.728850 0.180172
0010 485443 0.035140 0.009433 -0.576626 1500 1500 1500 950 10 488373 0.000000 0.000000 0.000000 0.000000 0.000000 0.000000 0.000000 0010 488891 -0.431571 0.728850 0.181427
0010 541199 0.035110 0.009428 -0.576785 1500 1500 1500 950 10 538452 0.000000 0.000000 0.000000 0.000000 0.000000 0.000000 0.000000 0010 538849 -0.682476 0.728850 0.179042
0010 585480 0.035117 0.009465 -0.576961 1500 1500 1500 950 10 588501 0.000000 0.000000 0.000000 0.000000 0.000000 0.000000 0.000000 0010 589203 1.408584 0.728850 0.177133
0010 641144 0.035160 0.009430 -0.577158 1500 1500 1500 950 10 638550 0.000000 0.000000 0.000000 0.000000 0.000000 0.000000 0.000000 0010 638946 0.070257 0.728850 0.178997
0010 685364 0.035147 0.009374 -0.577330 1500 1500 1500 950 10 688568 0.000000 0.000000 0.000000 0.000000 0.000000 0.000000 0.000000 0010 689239 0.906691 0.728850 0.177097
0010 741424 0.035184 0.009370 -0.577523 1500 1500 1500 950 10 738617 0.000000 0.000000 0.000000 0.000000 0.000000 0.000000 0.000000 0010 739258 0.321181 0.728850 0.178968
0010 785522 0.035195 0.009396 -0.577727 1500 1500 1500 950 10 788727 0.000000 0.000000 0.000000 0.000000 0.000000 0.000000 0.000000 0010 789428 0.321181 0.728850 0.180464
0010 838531 0.035168 0.009050 -0.577973 1500 1500 1500 950 10 838806 0.000000 0.000000 0.000000 0.000000 0.000000 0.000000 0.000000 0010 839325 0.070257 0.728850 0.178271
0010 885467 0.035009 0.008586 -0.578177 1500 1500 1500 950 10 888885 0.000000 0.000000 0.000000 0.000000 0.000000 0.000000 0.000000 0010 889587 -0.180660 0.728850 0.176517
0010 938751 0.035061 0.009400 -0.578192 1500 1500 1500 950 10 938934 0.000000 0.000000 0.000000 0.000000 0.000000 0.000000 0.000000 0010 939422 0.321181 0.728850 0.178504
0010 985504 0.035073 0.009677 -0.578682 1500 1500 1500 950 10 989136 0.000000 0.000000 0.000000 0.000000 0.000000 0.000000 0.000000 0010 989715 0.404823 0.728850 0.180093
0011 038482 0.035021 0.008466 -0.578919 1500 1500 1500 950 11 39245 0.000000 0.000000 0.000000 0.000000 0.000000 0.000000 0.000000 0011 039642 -0.682476 0.728850 0.181364
0011 085602 0.035122 0.008222 -0.578591 1500 1500 1500 950 11 89233 0.000000 0.000000 0.000000 0.000000 0.000000 0.000000 0.000000 0011 089813 -0.682476 0.728850 0.178992
0011 138702 0.035124 0.008782 -0.578992 1500 1500 1500 950 11 139282 0.000000 0.000000 0.000000 0.000000 0.000000 0.000000 0.000000 0011 139679 -0.180660 0.728850 0.180483
0011 185699 0.035098 0.009090 -0.579577 1500 1500 1500 950 11 189270 0.000000 0.000000 0.000000 0.000000 0.000000 0.000000 0.000000 0011 189667 -0.682476 0.728850 0.181677
0011 238525 0.034989 0.008648 -0.579378 1500 1500 1500 950 11 239319 0.000000 0.000000 0.000000 0.000000 0.000000 0.000000 0.000000 0011 239715 0.321181 0.728850 0.179241
0011 285461 0.035183 0.008875 -0.579248 1500 1500 1500 950 11 289276 0.000000 0.000000 0.000000 0.000000 0.000000 0.000000 0.000000 0011 289673 0.070257 0.745800 0.180683
0011 337372 0.035238 0.008692 -0.579769 1500 1500 1500 950 11 339325 0.000000 0.000000 0.000000 0.000000 0.000000 0.000000 0.000000 0011 339721 -0.933375 0.745800 0.181836
0011 385650 0.035208 0.008749 -0.579857 1500 1500 1500 950 11 389496 0.000000 0.000000 0.000000 0.000000 0.000000 0.000000 0.000000 0011 389892 -0.431571 0.728850 0.182759
0011 438476 0.035207 0.008780 -0.579602 1500 1500 1500 950 11 439667 0.000000 0.000000 0.000000 0.000000 0.000000 0.000000 0.000000 0011 440613 0.906691 0.745800 0.183497
0011 485473 0.035008 0.008373 -0.579832 1500 1500 1500 950 11 489746 0.000000 0.000000 0.000000 0.000000 0.000000 0.000000 0.000000 0011 490448 0.070257 0.745800 0.184088
0011 538666 0.035177 0.008410 -0.580049 1500 1500 1500 950 11 539734 0.000000 0.000000 0.000000 0.000000 0.000000 0.000000 0.000000 0011 540252 -0.682476 0.728850 0.184560
0011 585602 0.035427 0.008990 -0.579894 1500 1500 1500 950 11 589752 0.000000 0.000000 0.000000 0.000000 0.000000 0.000000 0.000000 0011 590698 -0.682476 0.728850 0.184938
0011 638580 0.035150 0.009728 -0.579753 1500 1500 1500 950 11 639862 0.000000 0.000000 0.000000 0.000000 0.000000 0.000000 0.000000 0011 640381 -0.682476 0.745800 0.185241
0011 685669 0.035233 0.009260 -0.579899 1500 1500 1500 950 11 690124 0.000000 0.000000 0.000000 0.000000 0.000000 0.000000 0.000000 0011 690674 -0.682476 0.728850 0.185482
0011 738586 0.036182 0.009277 -0.579973 1500 1500 1500 950 11 740143 0.000000 0.000000 0.000000 0.000000 0.000000 0.000000 0.000000 0011 740539 0.404823 0.745800 0.185676
0011 785644 0.036837 0.009056 -0.579684 1500 1500 1500 950 11 790283 0.000000 0.000000 0.000000 0.000000 0.000000 0.000000 0.000000 0011 790680 0.404823 0.745800 0.185831
0011 838409 0.036168 0.008864 -0.579284 1500 1500 1500 950 11 840301 0.000000 0.000000 0.000000 0.000000 0.000000 0.000000 0.000000 0011 840790 0.404823 0.728850 0.185955
0011 885467 0.035466 0.008920 -0.579248 1500 1500 1500 950 11 890503 0.000000 0.000000 0.000000 0.000000 0.000000 0.000000 0.000000 0011 890899 0.070257 0.728850 0.182664
0011 937134 0.035354 0.008818 -0.579602 1500 1500 1500 950 11 940460 0.000000 0.000000 0.000000 0.000000 0.000000 0.000000 0.000000 0011 940857 -0.933375 0.728850 0.183421
0011 985443 0.035847 0.008571 -0.580012 1500 1500 1500 950 11 990570 0.000000 0.000000 0.000000 0.000000 0.000000 0.000000 0.000000 0011 991058 -0.180660 0.728850 0.184027
0012 038360 0.036754 0.007260 -0.580366 1500 1500 1500 950 12 40497 0.000000 0.000000 0.000000 0.000000 0.000000 0.000000 0.000000 0012 040893 0.070257 0.728850 0.184511
0012 085510 0.036660 0.005826 -0.580692 1500 1500 1500 950 12 90606 0.000000 0.000000 0.000000 0.000000 0.000000 0.000000 0.000000 0012 091186 -0.180660 0.728850 0.181509
0012 138550 0.036117 0.004480 -0.581231 1500 1500 1500 950 12 140655 0.000000 0.000000 0.000000 0.000000 0.000000 0.000000 0.000000 0012 141205 0.906691 0.728850 0.179107
0012 185425 0.037399 0.001602 -0.581916 1500 1500 1500 950 12 190704 0.000000 0.000000 0.000000 0.000000 0.000000 0.000000 0.000000 0012 191223 0.404823 0.728850 0.180576
0012 238434 0.041113 -0.002428 -0.582543 1500 1500 1500 950 12 240845 0.000000 0.000000 0.000000 0.000000 0.000000 0.000000 0.000000 0012 241363 0.655754 0.728850 0.181751
0012 285370 0.043436 -0.002853 -0.583048 1500 1500 1500 950 12 290832 0.000000 0.000000 0.000000 0.000000 0.000000 0.000000 0.000000 0012 291351 0.404823 0.745800 0.182691
0012 337341 0.043932 0.000283 -0.583559 1500 1500 1500 950 12 340942 0.000000 0.000000 0.000000 0.000000 0.000000 0.000000 0.000000 0012 341675 -0.431571 0.728850 0.180052
0012 385315 0.044169 0.001195 -0.584339 1500 1500 1500 950 12 390930 0.000000 0.000000 0.000000 0.000000 0.000000 0.000000 0.000000 0012 391418 0.321181 0.728850 0.181332
0012 438446 0.045303 -0.000618 -0.585061 1500 1500 1500 950 12 440857 0.000000 0.000000 0.000000 0.000000 0.000000 0.000000 0.000000 0012 441589 0.321181 0.728850 0.178966
0012 485351 0.047472 -0.004224 -0.585487 1500 1500 1500 950 12 490814 0.000000 0.000000 0.000000 0.000000 0.000000 0.000000 0.000000 0012 491363 0.655754 0.728850 0.180462
0012 540405 0.048976 -0.007823 -0.585913 1500 1500 1500 950 12 540893 0.000000 0.000000 0.000000 0.000000 0.000000 0.000000 0.000000 0012 541656 -0.431571 0.728850 0.185050
0012 585327 0.049266 -0.011266 -0.586527 1500 1500 1500 950 12 590851 0.000000 0.000000 0.000000 0.000000 0.000000 0.000000 0.000000 0012 591369 0.404823 0.745800 0.195500
0012 638336 0.049619 -0.012830 -0.586951 1500 1500 1500 950 12 640960 0.000000 0.000000 0.000000 0.000000 0.000000 0.000000 0.000000 0012 641601 -0.180660 0.745800 0.203860
0012 685241 0.050981 -0.014457 -0.587082 1500 1500 1500 950 12 690948 0.000000 0.000000 0.000000 0.000000 0.000000 0.000000 0.000000 0012 691376 -0.431571 0.745800 0.217328
0012 738556 0.050792 -0.015490 -0.587081 1500 1500 1500 950 12 741119 0.000000 0.000000 0.000000 0.000000 0.000000 0.000000 0.000000 0012 741760 -0.682476 0.745800 0.224712
0012 785431 0.048806 -0.016681 -0.587303 1500 1500 1500 950 12 791382 0.000000 0.000000 0.000000 0.000000 0.000000 0.000000 0.000000 0012 791778 0.404823 0.728850 0.240790
0012 838287 0.047516 -0.016613 -0.587830 1500 1500 1500 950 12 841553 0.000000 0.000000 0.000000 0.000000 0.000000 0.000000 0.000000 0012 842102 0.070257 0.745800 0.253652
0012 885315 0.046501 -0.014995 -0.588598 1500 1500 1500 950 12 891632 0.000000 0.000000 0.000000 0.000000 0.000000 0.000000 0.000000 0012 892151 0.070257 0.745800 0.277502
0012 938537 0.046048 -0.012394 -0.589211 1500 1500 1500 950 12 941589 0.000000 0.000000 0.000000 0.000000 0.000000 0.000000 0.000000 0012 942230 0.070257 0.728850 0.293191
0012 985229 0.046581 -0.010490 -0.589564 1500 1500 1500 950 12 991730 0.000000 0.000000 0.000000 0.000000 0.000000 0.000000 0.000000 0012 992431 0.655754 0.728850 0.322693
0013 038299 0.047214 -0.009294 -0.589500 1500 1500 1500 950 13 41626 0.000000 0.000000 0.000000 0.000000 0.000000 0.000000 0.000000 0013 042175 0.404823 0.728850 0.346294
0013 085296 0.047333 -0.007920 -0.589392 1500 1500 1500 950 13 91766 0.000000 0.000000 0.000000 0.000000 0.000000 0.000000 0.000000 0013 092285 -0.180660 0.728850 0.375346
0013 138458 0.049047 -0.006541 -0.589400 1500 1500 1500 950 13 141907 0.000000 0.000000 0.000000 0.000000 0.000000 0.000000 0.000000 0013 142303 0.404823 0.711900 0.395196
0013 185089 0.050558 -0.004396 -0.589408 1500 1500 1500 950 13 192077 0.000000 0.000000 0.000000 0.000000 0.000000 0.000000 0.000000 0013 192474 0.906691 0.728850 0.395196
0013 238251 0.052426 -0.003302 -0.589387 1500 1500 1500 950 13 242096 0.000000 0.000000 0.000000 0.000000 0.000000 0.000000 0.000000 0013 242492 0.404823 0.728850 0.428027
0013 285217 0.054731 -0.006127 -0.589751 1500 1500 1500 950 13 292175 0.000000 0.000000 0.000000 0.000000 0.000000 0.000000 0.000000 0013 292572 0.906691 0.711900 0.467852
0013 337280 0.054515 -0.008235 -0.590171 1500 1500 1500 950 13 342132 0.000000 0.000000 0.000000 0.000000 0.000000 0.000000 0.000000 0013 342499 0.655754 0.728850 0.503101
0013 385040 0.051337 -0.005359 -0.590416 1500 1500 1500 950 13 392456 0.000000 0.000000 0.000000 0.000000 0.000000 0.000000 0.000000 0013 392975 0.906691 0.711900 0.548251
0013 438263 0.047619 -0.001450 -0.590510 1500 1500 1500 950 13 442535 0.000000 0.000000 0.000000 0.000000 0.000000 0.000000 0.000000 0013 443054 0.404823 0.728850 0.587761
0013 485046 0.045105 -0.001499 -0.590464 1500 1500 1500 950 13 492584 0.000000 0.000000 0.000000 0.000000 0.000000 0.000000 0.000000 0013 493133 0.321181 0.830550 0.636319
0013 538452 0.043967 -0.003425 -0.590090 1500 1500 1500 950 13 542541 0.000000 0.000000 0.000000 0.000000 0.000000 0.000000 0.000000 0013 543060 0.906691 0.847500 0.675165
0013 585022 0.044665 -0.007173 -0.589482 1500 1500 1500 950 13 592682 0.000000 0.000000 0.000000 0.000000 0.000000 0.000000 0.000000 0013 593200 0.655754 0.830550 0.723192
0013 638244 0.046178 -0.013694 -0.589166 1500 1500 1500 950 13 642700 0.000000 0.000000 0.000000 0.000000 0.000000 0.000000 0.000000 0013 643219 0.906691 0.830550 0.761614
0013 685089 0.047526 -0.018852 -0.589169 1500 1500 1500 950 13 692657 0.000000 0.000000 0.000000 0.000000 0.000000 0.000000 0.000000 0013 693207 0.070257 0.864450 0.805911
0013 738464 0.045181 -0.019818 -0.589583 1500 1500 1500 950 13 742737 0.000000 0.000000 0.000000 0.000000 0.000000 0.000000 0.000000 0013 743225 0.321181 0.864450 0.848129
0013 785187 0.041251 -0.019005 -0.590111 1500 1500 1500 950 13 792785 0.000000 0.000000 0.000000 0.000000 0.000000 0.000000 0.000000 0013 793579 0.906691 0.881400 0.885293
0013 838196 0.039778 -0.019740 -0.590600 1500 1500 1500 950 13 842895 0.000000 0.000000 0.000000 0.000000 0.000000 0.000000 0.000000 0013 843292 0.070257 0.898350 0.918414
0013 885040 0.041907 -0.022308 -0.590988 1500 1500 1500 950 13 892975 0.000000 0.000000 0.000000 0.000000 0.000000 0.000000 0.000000 0013 893585 0.906691 0.898350 0.951691
0013 938385 0.044722 -0.023372 -0.591201 1500 1500 1500 950 13 943085 0.000000 0.000000 0.000000 0.000000 0.000000 0.000000 0.000000 0013 943481 0.321181 0.898350 0.978313
0013 984985 0.045695 -0.019384 -0.591319 1500 1500 1500 950 13 993103 0.000000 0.000000 0.000000 0.000000 0.000000 0.000000 0.000000 0013 993500 0.070257 0.915300 1.009781
0014 038208 0.045200 -0.013361 -0.591500 1500 1500 1500 950 14 43121 0.000000 0.000000 0.000000 0.000000 0.000000 0.000000 0.000000 0014 043640 0.906691 0.915300 1.031564
0014 085022 0.044896 -0.009070 -0.591683 1500 1500 1500 950 14 93292 0.000000 0.000000 0.000000 0.000000 0.000000 0.000000 0.000000 0014 093689 1.157635 0.932250 1.059162
0014 138397 0.044281 -0.007335 -0.591722 1500 1500 1500 950 14 143310 0.000000 0.000000 0.000000 0.000000 0.000000 0.000000 0.000000 0014 143707 0.404823 0.932250 1.081239
0014 185119 0.043537 -0.007166 -0.591666 1500 1500 1500 950 14 193451 0.000000 0.000000 0.000000 0.000000 0.000000 0.000000 0.000000 0014 194000 0.404823 0.966150 1.109071
0014 238159 0.043414 -0.007573 -0.591578 1500 1500 1500 950 14 243439 0.000000 0.000000 0.000000 0.000000 0.000000 0.000000 0.000000 0014 243957 0.906691 0.966150 1.131337
0014 285034 0.044905 -0.008200 -0.591386 1500 1500 1500 950 14 293731 0.000000 0.000000 0.000000 0.000000 0.000000 0.000000 0.000000 0014 294250 0.404823 1.000050 1.155930
0014 338348 0.046868 -0.007140 -0.591007 1500 1500 1500 950 14 343933 0.000000 0.000000 0.000000 0.000000 0.000000 0.000000 0.000000 0014 344330 -0.431571 1.000050 1.175604
0014 385010 0.047838 -0.005787 -0.590734 1500 1500 1500 950 14 394165 0.000000 0.000000 0.000000 0.000000 0.000000 0.000000 0.000000 0014 394592 0.906691 1.017000 1.194733
0014 438202 0.048485 -0.007115 -0.590848 1500 1500 1500 950 14 444092 0.000000 0.000000 0.000000 0.000000 0.000000 0.000000 0.000000 0014 444488 0.404823 1.017000 1.213426
0014 485046 0.048893 -0.008676 -0.591250 1500 1500 1500 950 14 494232 0.000000 0.000000 0.000000 0.000000 0.000000 0.000000 0.000000 0014 494629 1.408584 1.017000 1.231771
0014 538299 0.049919 -0.009286 -0.591935 1500 1500 1500 950 14 544342 0.000000 0.000000 0.000000 0.000000 0.000000 0.000000 0.000000 0014 544739 0.655754 1.017000 1.243057
0014 585022 0.052282 -0.008632 -0.592620 1500 1500 1500 950 14 594360 0.000000 0.000000 0.000000 0.000000 0.000000 0.000000 0.000000 0014 594757 0.321181 1.017000 1.255476
0014 638061 0.052960 -0.007741 -0.592996 1500 1500 1500 950 14 644348 0.000000 0.000000 0.000000 0.000000 0.000000 0.000000 0.000000 0014 644745 1.157635 1.017000 1.265410
0014 686126 0.050131 -0.008687 -0.593116 1500 1500 1500 950 14 694336 0.000000 0.000000 0.000000 0.000000 0.000000 0.000000 0.000000 0014 694732 0.655754 1.017000 1.273358
0014 737182 0.043918 -0.009323 -0.592935 1500 1500 1500 950 14 744293 0.000000 0.000000 0.000000 0.000000 0.000000 0.000000 0.000000 0014 744995 0.906691 1.017000 1.276327
0014 785003 0.039502 -0.007476 -0.592553 1500 1500 1500 950 14 794464 0.000000 0.000000 0.000000 0.000000 0.000000 0.000000 0.000000 0014 794983 0.655754 1.033950 1.282091
0014 838257 0.037262 -0.004756 -0.592378 1500 1500 1500 950 14 844543 0.000000 0.000000 0.000000 0.000000 0.000000 0.000000 0.000000 0014 845093 0.070257 1.033950 1.283313
0014 884949 0.034964 -0.004697 -0.592442 1500 1500 1500 950 14 894714 0.000000 0.000000 0.000000 0.000000 0.000000 0.000000 0.000000 0014 895416 0.655754 1.033950 1.287680
0014 938324 0.034484 -0.008669 -0.592583 1500 1500 1500 950 14 945007 0.000000 0.000000 0.000000 0.000000 0.000000 0.000000 0.000000 0014 945404 0.404823 1.017000 1.287784
0014 984985 0.036289 -0.013062 -0.592741 1500 1500 1500 950 14 995086 0.000000 0.000000 0.000000 0.000000 0.000000 0.000000 0.000000 0014 995544 0.404823 1.017000 1.287867
0015 038116 0.040252 -0.015783 -0.592809 1500 1500 1500 950 15 45135 0.000000 0.000000 0.000000 0.000000 0.000000 0.000000 0.000000 0015 045532 0.321181 1.017000 1.287934
0015 085022 0.045252 -0.016660 -0.592863 1500 1500 1500 950 15 95184 0.000000 0.000000 0.000000 0.000000 0.000000 0.000000 0.000000 0015 095581 0.906691 1.017000 1.287987
0015 137085 0.048235 -0.015364 -0.593057 1500 1500 1500 950 15 145141 0.000000 0.000000 0.000000 0.000000 0.000000 0.000000 0.000000 0015 145538 -0.682476 1.017000 1.288030
0015 185089 0.049716 -0.013139 -0.593476 1500 1500 1500 950 15 195129 0.000000 0.000000 0.000000 0.000000 0.000000 0.000000 0.000000 0015 195587 -0.180660 1.033950 1.291454
0015 238098 0.049984 -0.010677 -0.594225 1500 1500 1500 950 15 245147 0.000000 0.000000 0.000000 0.000000 0.000000 0.000000 0.000000 0015 245544 0.906691 1.033950 1.290803
0015 285034 0.049872 -0.009626 -0.595049 1500 1500 1500 950 15 295196 0.000000 0.000000 0.000000 0.000000 0.000000 0.000000 0.000000 0015 295593 -0.180660 1.033950 1.290282
0015 337036 0.048925 -0.009736 -0.595617 1500 1500 1500 950 15 345123 0.000000 0.000000 0.000000 0.000000 0.000000 0.000000 0.000000 0015 345520 0.906691 1.017000 1.286476
0015 384979 0.046420 -0.009193 -0.595705 1500 1500 1500 950 15 395324 0.000000 0.000000 0.000000 0.000000 0.000000 0.000000 0.000000 0015 395721 0.070257 1.017000 1.286821
0015 438782 0.044913 -0.007819 -0.595368 1500 1500 1500 950 15 445343 0.000000 0.000000 0.000000 0.000000 0.000000 0.000000 0.000000 0015 445740 0.404823 1.017000 1.283707
0015 484985 0.045021 -0.006079 -0.595035 1500 1500 1500 950 15 495331 0.000000 0.000000 0.000000 0.000000 0.000000 0.000000 0.000000 0015 495758 0.404823 1.000050 1.281215
0015 537506 0.045525 -0.005214 -0.595046 1500 1500 1500 950 15 545349 0.000000 0.000000 0.000000 0.000000 0.000000 0.000000 0.000000 0015 545746 -0.180660 1.000050 1.279222
0015 584991 0.044332 -0.005209 -0.595392 1500 1500 1500 950 15 595337 0.000000 0.000000 0.000000 0.000000 0.000000 0.000000 0.000000 0015 595733 1.157635 0.983100 1.277628
0015 638733 0.042854 -0.006832 -0.595895 1500 1500 1500 950 15 645386 0.000000 0.000000 0.000000 0.000000 0.000000 0.000000 0.000000 0015 645904 0.070257 0.983100 1.276352
0015 684906 0.041767 -0.009925 -0.596237 1500 1500 1500 950 15 695312 0.000000 0.000000 0.000000 0.000000 0.000000 0.000000 0.000000 0015 695709 0.655754 0.983100 1.271942
0015 738220 0.042797 -0.013609 -0.596300 1500 1500 1500 950 15 745361 0.000000 0.000000 0.000000 0.000000 0.000000 0.000000 0.000000 0015 745788 0.070257 1.000050 1.271803
0015 784759 0.045354 -0.016096 -0.596198 1500 1500 1500 950 15 795563 0.000000 0.000000 0.000000 0.000000 0.000000 0.000000 0.000000 0015 796081 0.070257 0.983100 1.271693
0015 838074 0.047387 -0.016663 -0.596012 1500 1500 1500 950 15 845520 0.000000 0.000000 0.000000 0.000000 0.000000 0.000000 0.000000 0015 846039 -0.180660 0.983100 1.271604
0015 884979 0.048294 -0.015450 -0.596021 1500 1500 1500 950 15 895630 0.000000 0.000000 0.000000 0.000000 0.000000 0.000000 0.000000 0015 896148 -0.431571 0.983100 1.271533
0015 938202 0.049464 -0.013816 -0.596252 1500 1500 1500 950 15 945556 0.000000 0.000000 0.000000 0.000000 0.000000 0.000000 0.000000 0015 946075 0.404823 0.983100 1.271477
0015 984924 0.050369 -0.012619 -0.596800 1500 1500 1500 950 15 995727 0.000000 0.000000 0.000000 0.000000 0.000000 0.000000 0.000000 0015 996246 1.408584 0.983100 1.271431
0016 038025 0.049816 -0.010541 -0.597490 1500 1500 1500 950 16 45624 0.000000 0.000000 0.000000 0.000000 0.000000 0.000000 0.000000 0016 046112 1.157635 1.000050 1.271395
0016 084747 0.048916 -0.007349 -0.598104 1500 1500 1500 950 16 95733 0.000000 0.000000 0.000000 0.000000 0.000000 0.000000 0.000000 0016 096222 0.906691 1.000050 1.271366
0016 136993 0.047367 -0.003945 -0.598345 1500 1500 1500 950 16 145813 0.000000 0.000000 0.000000 0.000000 0.000000 0.000000 0.000000 0016 146210 0.404823 1.000050 1.271343
0016 186218 0.044499 -0.001702 -0.598137 1500 1500 1500 950 16 195923 0.000000 0.000000 0.000000 0.000000 0.000000 0.000000 0.000000 0016 196411 1.408584 0.983100 1.271324
0016 238037 0.041505 -0.003308 -0.597840 1500 1500 1500 950 16 246155 0.000000 0.000000 0.000000 0.000000 0.000000 0.000000 0.000000 0016 246795 1.408584 1.000050 1.271309
0016 284881 0.040699 -0.006446 -0.597545 1500 1500 1500 950 16 296234 0.000000 0.000000 0.000000 0.000000 0.000000 0.000000 0.000000 0016 296631 0.070257 1.000050 1.271298
0016 338196 0.042209 -0.008124 -0.597486 1500 1500 1500 950 16 346405 0.000000 0.000000 0.000000 0.000000 0.000000 0.000000 0.000000 0016 346924 0.906691 1.000050 1.271288
0016 384857 0.045151 -0.009000 -0.597809 1500 1500 1500 950 16 396332 0.000000 0.000000 0.000000 0.000000 0.000000 0.000000 0.000000 0016 396881 1.157635 0.983100 1.271280
0016 437958 0.048728 -0.010218 -0.598435 1500 1500 1500 950 16 446441 0.000000 0.000000 0.000000 0.000000 0.000000 0.000000 0.000000 0016 446991 1.157635 1.000050 1.271274
0016 484710 0.051067 -0.011844 -0.599219 1500 1500 1500 950 16 496582 0.000000 0.000000 0.000000 0.000000 0.000000 0.000000 0.000000 0016 497101 -0.180660 1.000050 1.271269
0016 540008 0.051811 -0.012760 -0.599911 1500 1500 1500 950 16 546753 0.000000 0.000000 0.000000 0.000000 0.000000 0.000000 0.000000 0016 547149 0.070257 0.983100 1.271266
0016 584869 0.050383 -0.012049 -0.600225 1500 1500 1500 950 16 596985 0.000000 0.000000 0.000000 0.000000 0.000000 0.000000 0.000000 0016 597381 0.070257 1.000050 1.271262
0016 638000 0.047699 -0.011840 -0.600285 1500 1500 1500 950 16 646972 0.000000 0.000000 0.000000 0.000000 0.000000 0.000000 0.000000 0016 647369 0.404823 1.017000 1.271260
0016 684967 0.044790 -0.013432 -0.600198 1500 1500 1500 950 16 697204 0.000000 0.000000 0.000000 0.000000 0.000000 0.000000 0.000000 0016 697601 0.906691 1.017000 1.271258
0016 738159 0.042344 -0.015566 -0.600135 1500 1500 1500 950 16 747314 0.000000 0.000000 0.000000 0.000000 0.000000 0.000000 0.000000 0016 747833 0.404823 0.983100 1.271256
0016 784851 0.041640 -0.014893 -0.600167 1500 1500 1500 950 16 797485 0.000000 0.000000 0.000000 0.000000 0.000000 0.000000 0.000000 0016 798034 1.157635 1.000050 1.271255
0016 837951 0.042684 -0.011428 -0.600416 1500 1500 1500 950 16 847503 0.000000 0.000000 0.000000 0.000000 0.000000 0.000000 0.000000 0016 848175 0.906691 1.017000 1.271254
0016 884857 0.044721 -0.009019 -0.600839 1500 1500 1500 950 16 897613 0.000000 0.000000 0.000000 0.000000 0.000000 0.000000 0.000000 0016 898102 0.906691 1.033950 1.274643
0016 938110 0.046414 -0.008726 -0.601330 1500 1500 1500 950 16 947784 0.000000 0.000000 0.000000 0.000000 0.000000 0.000000 0.000000 0016 948181 1.910500 1.033950 1.273965
0016 984802 0.047478 -0.009834 -0.601640 1500 1500 1500 950 16 997925 0.000000 0.000000 0.000000 0.000000 0.000000 0.000000 0.000000 0016 998321 0.906691 1.017000 1.273422
0017 037964 0.048753 -0.010151 -0.601567 1500 1500 1500 950 17 47912 0.000000 0.000000 0.000000 0.000000 0.000000 0.000000 0.000000 0017 048401 1.408584 1.017000 1.272987
0017 084839 0.049723 -0.007604 -0.601278 1500 1500 1500 950 17 97961 0.000000 0.000000 0.000000 0.000000 0.000000 0.000000 0.000000 0017 098480 0.655754 1.033950 1.276030
0017 138122 0.049930 -0.004358 -0.601024 1500 1500 1500 950 17 147918 0.000000 0.000000 0.000000 0.000000 0.000000 0.000000 0.000000 0017 148437 0.655754 1.017000 1.275074
0017 185119 0.049141 -0.003484 -0.600968 1500 1500 1500 950 17 197998 0.000000 0.000000 0.000000 0.000000 0.000000 0.000000 0.000000 0017 198395 0.906691 1.017000 1.274309
0017 238525 0.047934 -0.002787 -0.601083 1500 1500 1500 950 17 248138 0.000000 0.000000 0.000000 0.000000 0.000000 0.000000 0.000000 0017 248535 0.906691 1.017000 1.273697
0017 284759 0.047400 -0.002320 -0.601425 1500 1500 1500 950 17 298248 0.000000 0.000000 0.000000 0.000000 0.000000 0.000000 0.000000 0017 298858 -0.431571 1.017000 1.273208
0017 338074 0.047274 -0.002623 -0.601926 1500 1500 1500 950 17 348327 0.000000 0.000000 0.000000 0.000000 0.000000 0.000000 0.000000 0017 348999 0.906691 1.017000 1.272816
0017 384796 0.046527 -0.002406 -0.602394 1500 1500 1500 950 17 398437 0.000000 0.000000 0.000000 0.000000 0.000000 0.000000 0.000000 0017 399078 2.412441 1.033950 1.272503
0017 437866 0.047381 -0.003723 -0.602734 1500 1500 1500 950 17 448608 0.000000 0.000000 0.000000 0.000000 0.000000 0.000000 0.000000 0017 449219 1.157635 1.017000 1.272252
0017 484802 0.047804 -0.004710 -0.602932 1500 1500 1500 950 17 498840 0.000000 0.000000 0.000000 0.000000 0.000000 0.000000 0.000000 0017 499237 1.157635 1.017000 1.272052
0017 536896 0.047836 -0.005676 -0.603070 1500 1500 1500 950 17 548919 0.000000 0.000000 0.000000 0.000000 0.000000 0.000000 0.000000 0017 549316 1.408584 1.017000 1.271892
0017 584778 0.047851 -0.008155 -0.603221 1500 1500 1500 950 17 598907 0.000000 0.000000 0.000000 0.000000 0.000000 0.000000 0.000000 0017 599304 1.157635 1.017000 1.271763
0017 637848 0.046766 -0.010541 -0.603376 1500 1500 1500 950 17 649017 0.000000 0.000000 0.000000 0.000000 0.000000 0.000000 0.000000 0017 649597 0.321181 1.017000 1.271661
0017 684906 0.045487 -0.012048 -0.603530 1500 1500 1500 950 17 699005 0.000000 0.000000 0.000000 0.000000 0.000000 0.000000 0.000000 0017 699402 0.906691 1.033950 1.271578
0017 736816 0.045516 -0.012443 -0.603697 1500 1500 1500 950 17 748993 0.000000 0.000000 0.000000 0.000000 0.000000 0.000000 0.000000 0017 749603 1.157635 1.017000 1.271513
0017 784607 0.045138 -0.011215 -0.603944 1500 1500 1500 950 17 798980 0.000000 0.000000 0.000000 0.000000 0.000000 0.000000 0.000000 0017 799377 1.408584 1.033950 1.271460
0017 837524 0.044746 -0.010132 -0.604165 1500 1500 1500 950 17 849029 0.000000 0.000000 0.000000 0.000000 0.000000 0.000000 0.000000 0017 850189 0.404823 1.017000 1.271385
0017 884582 0.044539 -0.010490 -0.604248 1500 1500 1500 950 17 898987 0.000000 0.000000 0.000000 0.000000 0.000000 0.000000 0.000000 0017 904815 0.906691 1.017000 1.271358
0017 937988 0.043966 -0.010056 -0.604235 1500 1500 1500 950 17 949005 0.000000 0.000000 0.000000 0.000000 0.000000 0.000000 0.000000 0017 954773 1.408584 1.017000 1.271336
0017 984558 0.043797 -0.009164 -0.604497 1500 1500 1500 950 17 999206 0.000000 0.000000 0.000000 0.000000 0.000000 0.000000 0.000000 0018 005066 1.157635 1.017000 1.271319
0018 037842 0.043987 -0.007018 -0.604909 1500 1500 1500 950 18 49316 0.000000 0.000000 0.000000 0.000000 0.000000 0.000000 0.000000 0018 055053 0.655754 1.017000 1.271305
0018 084595 0.044521 -0.003531 -0.605287 1500 1500 1500 950 18 99365 0.000000 0.000000 0.000000 0.000000 0.000000 0.000000 0.000000 0018 105194 0.070257 1.017000 1.271294
0018 138000 0.046701 -0.002180 -0.605512 1500 1500 1500 950 18 149322 0.000000 0.000000 0.000000 0.000000 0.000000 0.000000 0.000000 0018 155090 0.655754 1.017000 1.271285
0018 185119 0.048137 -0.001500 -0.605547 1500 1500 1500 950 18 199585 0.000000 0.000000 0.000000 0.000000 0.000000 0.000000 0.000000 0018 200195 1.157635 1.017000 1.271278
0018 237915 0.049455 -0.000449 -0.605496 1500 1500 1500 950 18 249939 0.000000 0.000000 0.000000 0.000000 0.000000 0.000000 0.000000 0018 250335 0.070257 1.017000 1.271273
0018 284607 0.050732 0.000569 -0.605505 1500 1500 1500 950 18 299957 0.000000 0.000000 0.000000 0.000000 0.000000 0.000000 0.000000 0018 300384 0.906691 1.017000 1.271268
0018 338012 0.050789 0.001372 -0.605628 1500 1500 1500 950 18 350036 0.000000 0.000000 0.000000 0.000000 0.000000 0.000000 0.000000 0018 350433 -0.180660 1.017000 1.271264
0018 384552 0.050465 0.000816 -0.605889 1500 1500 1500 950 18 400146 0.000000 0.000000 0.000000 0.000000 0.000000 0.000000 0.000000 0018 400543 1.157635 1.017000 1.271262
0018 437591 0.049042 -0.000092 -0.606311 1500 1500 1500 950 18 450226 0.000000 0.000000 0.000000 0.000000 0.000000 0.000000 0.000000 0018 450744 1.157635 1.017000 1.271259
0018 484527 0.047587 -0.000892 -0.606739 1500 1500 1500 950 18 500274 0.000000 0.000000 0.000000 0.000000 0.000000 0.000000 0.000000 0018 500793 1.659539 1.017000 1.271257
0018 538055 0.047278 -0.001466 -0.607058 1500 1500 1500 950 18 550323 0.000000 0.000000 0.000000 0.000000 0.000000 0.000000 0.000000 0018 550842 0.906691 1.017000 1.271256
0018 584533 0.046561 -0.002659 -0.607319 1500 1500 1500 950 18 600555 0.000000 0.000000 0.000000 0.000000 0.000000 0.000000 0.000000 0018 601288 0.906691 1.017000 1.271255
0018 637848 0.045431 -0.005204 -0.607675 1500 1500 1500 950 18 650543 0.000000 0.000000 0.000000 0.000000 0.000000 0.000000 0.000000 0018 651031 -0.180660 1.017000 1.271254
0018 684784 0.043615 -0.008017 -0.608250 1500 1500 1500 950 18 700744 0.000000 0.000000 0.000000 0.000000 0.000000 0.000000 0.000000 0018 701141 0.906691 1.017000 1.271253
0018 736755 0.044060 -0.009591 -0.608645 1500 1500 1500 950 18 750763 0.000000 0.000000 0.000000 0.000000 0.000000 0.000000 0.000000 0018 751159 1.408584 1.017000 1.271252
0018 784546 0.045276 -0.008755 -0.608748 1500 1500 1500 950 18 800842 0.000000 0.000000 0.000000 0.000000 0.000000 0.000000 0.000000 0018 801300 0.404823 1.017000 1.271252
0018 837494 0.045934 -0.008124 -0.608601 1500 1500 1500 950 18 851074 0.000000 0.000000 0.000000 0.000000 0.000000 0.000000 0.000000 0018 851471 0.070257 1.017000 1.271252
0018 884552 0.045893 -0.009339 -0.608480 1500 1500 1500 950 18 901153 0.000000 0.000000 0.000000 0.000000 0.000000 0.000000 0.000000 0018 901581 0.906691 1.017000 1.271251
0018 937958 0.044756 -0.008939 -0.608379 1500 1500 1500 950 18 951202 0.000000 0.000000 0.000000 0.000000 0.000000 0.000000 0.000000 0018 951599 1.408584 1.017000 1.267861
0018 984497 0.044545 -0.007402 -0.608193 1500 1500 1500 950 19 1190 0.000000 0.000000 0.000000 0.000000 0.000000 0.000000 0.000000 0019 001587 0.906691 1.000050 1.265149
0019 037567 0.046309 -0.006179 -0.607803 1500 1500 1500 950 19 51330 0.000000 0.000000 0.000000 0.000000 0.000000 0.000000 0.000000 0019 051880 1.408584 1.000050 1.262979
0019 084564 0.045034 -0.002452 -0.607498 1500 1500 1500 950 19 101349 0.000000 0.000000 0.000000 0.000000 0.000000 0.000000 0.000000 0019 102081 0.070257 1.000050 1.261243
0019 137970 0.040202 0.003289 -0.607454 1500 1500 1500 950 19 151489 0.000000 0.000000 0.000000 0.000000 0.000000 0.000000 0.000000 0019 152008 1.157635 1.000050 1.253075
0019 184936 0.039188 0.006735 -0.607675 1500 1500 1500 950 19 201507 0.000000 0.000000 0.000000 0.000000 0.000000 0.000000 0.000000 0019 202026 1.408584 1.000050 1.246540
0019 237427 0.044907 0.008071 -0.608004 1500 1500 1500 950 19 251770 0.000000 0.000000 0.000000 0.000000 0.000000 0.000000 0.000000 0019 252167 0.906691 1.000050 1.234532
0019 284454 0.047667 0.012148 -0.608538 1500 1500 1500 950 19 301819 0.000000 0.000000 0.000000 0.000000 0.000000 0.000000 0.000000 0019 302215 0.906691 0.983100 1.224925
0019 336578 0.046689 0.013462 -0.609428 1500 1500 1500 950 19 351928 0.000000 0.000000 0.000000 0.000000 0.000000 0.000000 0.000000 0019 352325 1.408584 0.983100 1.210460
0019 384460 0.052148 0.008394 -0.610096 1500 1500 1500 950 19 401977 0.000000 0.000000 0.000000 0.000000 0.000000 0.000000 0.000000 0019 402374 0.906691 0.949200 1.195498
0019 437652 0.060135 0.001403 -0.610388 1500 1500 1500 950 19 452118 0.000000 0.000000 0.000000 0.000000 0.000000 0.000000 0.000000 0019 452514 0.404823 0.932250 1.173359
0019 484466 0.062102 -0.002517 -0.610601 1500 1500 1500 950 19 502105 0.000000 0.000000 0.000000 0.000000 0.000000 0.000000 0.000000 0019 502624 0.906691 0.915300 1.152257
0019 537872 0.061161 -0.005459 -0.611050 1500 1500 1500 950 19 552276 0.000000 0.000000 0.000000 0.000000 0.000000 0.000000 0.000000 0019 552795 0.070257 0.898350 1.125206
0019 584472 0.063336 -0.007857 -0.611551 1500 1500 1500 950 19 602417 0.000000 0.000000 0.000000 0.000000 0.000000 0.000000 0.000000 0019 602966 -0.180660 0.881400 1.103564
0019 637573 0.062009 -0.008644 -0.612226 1500 1500 1500 950 19 652618 0.000000 0.000000 0.000000 0.000000 0.000000 0.000000 0.000000 0019 653137 0.655754 1.101750 1.069302
0019 684753 0.054792 -0.009024 -0.612936 1500 1500 1500 950 19 702575 0.000000 0.000000 0.000000 0.000000 0.000000 0.000000 0.000000 0019 703064 0.906691 1.288200 1.041891
0019 736755 0.046416 -0.010004 -0.613758 1500 1500 1500 950 19 752746 0.000000 0.000000 0.000000 0.000000 0.000000 0.000000 0.000000 0019 753143 -0.682476 0.864450 1.003013
0019 784454 0.042453 -0.014628 -0.614658 1500 1500 1500 950 19 802978 0.000000 0.000000 0.000000 0.000000 0.000000 0.000000 0.000000 0019 803375 0.655754 0.864450 0.975300
0019 837707 0.040260 -0.020476 -0.615279 1500 1500 1500 950 19 853058 0.000000 0.000000 0.000000 0.000000 0.000000 0.000000 0.000000 0019 853454 -0.180660 0.864450 0.939570
0019 884369 0.034830 -0.025687 -0.615922 1500 1500 1500 950 19 903015 0.000000 0.000000 0.000000 0.000000 0.000000 0.000000 0.000000 0019 903412 0.906691 0.864450 0.910986
0019 937866 0.027399 -0.029687 -0.616428 1500 1500 1500 950 19 953094 0.000000 0.000000 0.000000 0.000000 0.000000 0.000000 0.000000 0019 953613 0.070257 0.728850 0.874559
0019 984344 0.027864 -0.032991 -0.616713 1500 1500 1500 950 20 3265 0.000000 0.000000 0.000000 0.000000 0.000000 0.000000 0.000000 0020 003814 0.070257 0.728850 0.845417
0020 037597 0.038730 -0.036802 -0.616923 1500 1500 1500 950 20 53375 0.000000 0.000000 0.000000 0.000000 0.000000 0.000000 0.000000 0020 053894 0.655754 0.728850 0.808544
0020 084350 0.048267 -0.038442 -0.617334 1500 1500 1500 950 20 103454 0.000000 0.000000 0.000000 0.000000 0.000000 0.000000 0.000000 0020 103973 0.655754 7.322400 0.779045
0020 137787 0.052139 -0.039911 -0.617998 1500 1500 1500 950 20 153625 0.000000 0.000000 0.000000 0.000000 0.000000 0.000000 0.000000 0020 154022 0.070257 7.627500 0.738496
0020 185028 0.053222 -0.041856 -0.618565 1500 1500 1500 950 20 203827 0.000000 0.000000 0.000000 0.000000 0.000000 0.000000 0.000000 0020 204223 0.655754 8.186850 0.706057
0020 237457 0.049759 -0.040377 -0.619199 1500 1500 1500 950 20 253814 0.000000 0.000000 0.000000 0.000000 0.000000 0.000000 0.000000 0020 254211 0.404823 8.186850 0.666545
0020 284393 0.047281 -0.035968 -0.619592 1500 1500 1500 950 20 303772 0.000000 0.000000 0.000000 0.000000 0.000000 0.000000 0.000000 0020 304168 0.655754 8.203800 0.634936
0020 336670 0.047584 -0.029229 -0.619502 1500 1500 1500 950 20 353790 0.000000 0.000000 0.000000 0.000000 0.000000 0.000000 0.000000 0020 354187 0.906691 8.203800 0.596089
0020 384369 0.044705 -0.020913 -0.619316 1500 1500 1500 950 20 403961 0.000000 0.000000 0.000000 0.000000 0.000000 0.000000 0.000000 0020 404388 0.404823 4.457850 0.565011
0020 437469 0.041238 -0.014897 -0.619027 1500 1500 1500 950 20 454071 0.000000 0.000000 0.000000 0.000000 0.000000 0.000000 0.000000 0020 454590 0.404823 4.474800 0.526589
0020 484344 0.042328 -0.011649 -0.618802 1500 1500 1500 950 20 504242 0.000000 0.000000 0.000000 0.000000 0.000000 0.000000 0.000000 0020 505096 -0.180660 4.491750 0.495851
0020 539978 0.044819 -0.008450 -0.618867 1500 1500 1500 950 20 554260 0.000000 0.000000 0.000000 0.000000 0.000000 0.000000 0.000000 0020 554809 0.404823 0.813600 0.461091
0020 584320 0.046468 -0.004937 -0.619027 1500 1500 1500 950 20 604370 0.000000 0.000000 0.000000 0.000000 0.000000 0.000000 0.000000 0020 604950 -0.180660 0.745800 0.429893
0020 638244 0.046757 -0.002050 -0.619208 1500 1500 1500 950 20 654419 0.000000 0.000000 0.000000 0.000000 0.000000 0.000000 0.000000 0020 654938 0.404823 0.762750 0.398154
0020 684601 0.047775 -0.001259 -0.619544 1500 1500 1500 950 20 704590 0.000000 0.000000 0.000000 0.000000 0.000000 0.000000 0.000000 0020 704986 -0.180660 7.559700 0.372763
0020 737793 0.050234 -0.003848 -0.619898 1500 1500 1500 950 20 754669 0.000000 0.000000 0.000000 0.000000 0.000000 0.000000 0.000000 0020 755096 0.655754 7.542750 0.345671
0020 784302 0.052669 -0.009064 -0.620251 1500 1500 1500 950 20 804748 0.000000 0.000000 0.000000 0.000000 0.000000 0.000000 0.000000 0020 805237 0.906691 8.203800 0.323997
0020 837372 0.053437 -0.014819 -0.620547 1500 1500 1500 950 20 854797 0.000000 0.000000 0.000000 0.000000 0.000000 0.000000 0.000000 0020 855194 1.157635 0.813600 0.303267
0020 884308 0.050885 -0.019984 -0.620622 1500 1500 1500 950 20 904846 0.000000 0.000000 0.000000 0.000000 0.000000 0.000000 0.000000 0020 905273 -0.180660 0.762750 0.283294
0020 937897 0.044858 -0.024498 -0.620411 1500 1500 1500 950 20 954986 0.000000 0.000000 0.000000 0.000000 0.000000 0.000000 0.000000 0020 955383 0.070257 0.779700 0.267315
0020 984344 0.038202 -0.028090 -0.619817 1500 1500 1500 950 21 4944 0.000000 0.000000 0.000000 0.000000 0.000000 0.000000 0.000000 0021 005340 -0.180660 7.644450 0.254532
0021 037445 0.034012 -0.032226 -0.619132 1500 1500 1500 950 21 54992 0.000000 0.000000 0.000000 0.000000 0.000000 0.000000 0.000000 0021 055389 -0.180660 0.779700 0.240916
0021 084320 0.031763 -0.037498 -0.618653 1500 1500 1500 950 21 105011 0.000000 0.000000 0.000000 0.000000 0.000000 0.000000 0.000000 0021 105407 0.070257 0.762750 0.233412
0021 136566 0.028677 -0.040062 -0.618592 1500 1500 1500 950 21 155029 0.000000 0.000000 0.000000 0.000000 0.000000 0.000000 0.000000 0021 155456 0.404823 0.762750 0.220630
0021 190246 0.027781 -0.037948 -0.618948 1500 1500 1500 950 21 205200 0.000000 0.000000 0.000000 0.000000 0.000000 0.000000 0.000000 0021 205719 -0.180660 0.762750 0.213794
0021 237945 0.029541 -0.032084 -0.619897 1500 1500 1500 950 21 255249 0.000000 0.000000 0.000000 0.000000 0.000000 0.000000 0.000000 0021 255768 0.906691 0.762750 0.208325
0021 285003 0.031462 -0.027760 -0.620812 1500 1500 1500 950 21 305328 0.000000 0.000000 0.000000 0.000000 0.000000 0.000000 0.000000 0021 305969 0.404823 0.762750 0.203950
0021 336303 0.030831 -0.028065 -0.621121 1500 1500 1500 950 21 355438 0.000000 0.000000 0.000000 0.000000 0.000000 0.000000 0.000000 0021 356048 0.404823 0.745800 0.200450
0021 384277 0.027632 -0.029218 -0.620260 1500 1500 1500 950 21 405639 0.000000 0.000000 0.000000 0.000000 0.000000 0.000000 0.000000 0021 406036 0.655754 0.762750 0.197650
0021 437408 0.029798 -0.030528 -0.618688 1500 1500 1500 950 21 455780 0.000000 0.000000 0.000000 0.000000 0.000000 0.000000 0.000000 0021 456177 0.404823 0.745800 0.195410
0021 484222 0.031829 -0.027625 -0.617687 1500 1500 1500 950 21 505798 0.000000 0.000000 0.000000 0.000000 0.000000 0.000000 0.000000 0021 506195 0.070257 0.745800 0.193618
0021 537903 0.032265 -0.023929 -0.617602 1500 1500 1500 950 21 555755 0.000000 0.000000 0.000000 0.000000 0.000000 0.000000 0.000000 0021 556152 -0.180660 0.745800 0.192184
0021 584289 0.032322 -0.025650 -0.618863 1500 1500 1500 950 21 605835 0.000000 0.000000 0.000000 0.000000 0.000000 0.000000 0.000000 0021 606354 0.906691 0.745800 0.191038
0021 637787 0.031192 -0.027564 -0.620869 1500 1500 1500 950 21 655945 0.000000 0.000000 0.000000 0.000000 0.000000 0.000000 0.000000 0021 656372 0.404823 0.745800 0.186730
0021 684601 0.031221 -0.026426 -0.622039 1500 1500 1500 950 21 706024 0.000000 0.000000 0.000000 0.000000 0.000000 0.000000 0.000000 0021 706451 -0.180660 0.745800 0.186674
0021 737884 0.031734 -0.024953 -0.622102 1500 1500 1500 950 21 756073 0.000000 0.000000 0.000000 0.000000 0.000000 0.000000 0.000000 0021 756592 0.655754 0.745800 0.183239
0021 784363 0.031903 -0.025063 -0.621822 1500 1500 1500 950 21 806091 0.000000 0.000000 0.000000 0.000000 0.000000 0.000000 0.000000 0021 806579 0.070257 0.745800 0.183881
0021 837219 0.031842 -0.025424 -0.622074 1500 1500 1500 950 21 856109 0.000000 0.000000 0.000000 0.000000 0.000000 0.000000 0.000000 0021 856659 -0.180660 0.745800 0.184395
0021 884277 0.031904 -0.026124 -0.622647 1500 1500 1500 950 21 906097 0.000000 0.000000 0.000000 0.000000 0.000000 0.000000 0.000000 0021 906647 0.070257 0.745800 0.184806
0021 937958 0.031924 -0.026028 -0.623095 1500 1500 1500 950 21 956207 0.000000 0.000000 0.000000 0.000000 0.000000 0.000000 0.000000 0021 956726 0.070257 0.745800 0.181745
0021 985809 0.031948 -0.025698 -0.623169 1500 1500 1500 950 22 6347 0.000000 0.000000 0.000000 0.000000 0.000000 0.000000 0.000000 0022 006866 -0.933375 0.745800 0.182686
0022 037201 0.031996 -0.026091 -0.623211 1500 1500 1500 950 22 56427 0.000000 0.000000 0.000000 0.000000 0.000000 0.000000 0.000000 0022 056915 0.070257 0.745800 0.180049
0022 084198 0.031957 -0.026023 -0.623458 1500 1500 1500 950 22 106659 0.000000 0.000000 0.000000 0.000000 0.000000 0.000000 0.000000 0022 107055 -0.431571 0.762750 0.181329
0022 138122 0.032039 -0.025947 -0.623765 1500 1500 1500 950 22 156738 0.000000 0.000000 0.000000 0.000000 0.000000 0.000000 0.000000 0022 157135 0.070257 0.762750 0.182353
0022 185028 0.032002 -0.025896 -0.623938 1500 1500 1500 950 22 206817 0.000000 0.000000 0.000000 0.000000 0.000000 0.000000 0.000000 0022 207214 -0.180660 0.745800 0.179783
0022 237213 0.032016 -0.026152 -0.624050 1500 1500 1500 950 22 256958 0.000000 0.000000 0.000000 0.000000 0.000000 0.000000 0.000000 0022 257355 -0.431571 0.745800 0.181116
0022 284179 0.031988 -0.025972 -0.624286 1500 1500 1500 950 22 307129 0.000000 0.000000 0.000000 0.000000 0.000000 0.000000 0.000000 0022 307647 0.070257 0.762750 0.182183
0022 337677 0.032069 -0.025931 -0.624587 1500 1500 1500 950 22 357178 0.000000 0.000000 0.000000 0.000000 0.000000 0.000000 0.000000 0022 357696 0.070257 0.762750 0.183036
0022 384277 0.032021 -0.026070 -0.624764 1500 1500 1500 950 22 407348 0.000000 0.000000 0.000000 0.000000 0.000000 0.000000 0.000000 0022 407867 -0.431571 0.745800 0.180329
0022 438354 0.031998 -0.026122 -0.624861 1500 1500 1500 950 22 457367 0.000000 0.000000 0.000000 0.000000 0.000000 0.000000 0.000000 0022 457977 0.404823 0.745800 0.181553
0022 484253 0.031987 -0.025962 -0.625084 1500 1500 1500 950 22 507568 0.000000 0.000000 0.000000 0.000000 0.000000 0.000000 0.000000 0022 507934 0.906691 0.745800 0.182533
0022 536377 0.031962 -0.026099 -0.625366 1500 1500 1500 950 22 557709 0.000000 0.000000 0.000000 0.000000 0.000000 0.000000 0.000000 0022 558105 -0.180660 0.745800 0.179926
0022 584289 0.031965 -0.026190 -0.625514 1500 1500 1500 950 22 607727 0.000000 0.000000 0.000000 0.000000 0.000000 0.000000 0.000000 0022 608124 0.906691 0.745800 0.177841
0022 637329 0.031974 -0.026069 -0.625641 1500 1500 1500 950 22 657715 0.000000 0.000000 0.000000 0.000000 0.000000 0.000000 0.000000 0022 658203 0.070257 0.745800 0.179563
0022 684662 0.032028 -0.026053 -0.625900 1500 1500 1500 950 22 707886 0.000000 0.000000 0.000000 0.000000 0.000000 0.000000 0.000000 0022 708282 0.070257 0.745800 0.180940
0022 737579 0.032020 -0.026198 -0.626176 1500 1500 1500 950 22 758026 0.000000 0.000000 0.000000 0.000000 0.000000 0.000000 0.000000 0022 758545 0.404823 0.762750 0.182042
0022 784271 0.032000 -0.026155 -0.626270 1500 1500 1500 950 22 808166 0.000000 0.000000 0.000000 0.000000 0.000000 0.000000 0.000000 0022 808716 0.070257 0.762750 0.182924
0022 837158 0.031996 -0.026027 -0.626457 1500 1500 1500 950 22 858246 0.000000 0.000000 0.000000 0.000000 0.000000 0.000000 0.000000 0022 858764 0.070257 0.762750 0.183629
0022 884186 0.032030 -0.026135 -0.626758 1500 1500 1500 950 22 908417 0.000000 0.000000 0.000000 0.000000 0.000000 0.000000 0.000000 0022 908905 -0.431571 0.745800 0.184193
0022 937683 0.032033 -0.026166 -0.626953 1500 1500 1500 950 22 958679 0.000000 0.000000 0.000000 0.000000 0.000000 0.000000 0.000000 0022 959076 -0.682476 0.745800 0.184645
0022 984222 0.032084 -0.026063 -0.627079 1500 1500 1500 950 23 8667 0.000000 0.000000 0.000000 0.000000 0.000000 0.000000 0.000000 0023 009033 -0.180660 0.762750 0.185006
0023 037201 0.032061 -0.026049 -0.627313 1500 1500 1500 950 23 58807 0.000000 0.000000 0.000000 0.000000 0.000000 0.000000 0.000000 0023 059448 0.070257 0.745800 0.181904
0023 084198 0.032100 -0.026148 -0.627598 1500 1500 1500 950 23 108887 0.000000 0.000000 0.000000 0.000000 0.000000 0.000000 0.000000 0023 109283 0.404823 0.745800 0.182814
0023 136169 0.032125 -0.026070 -0.627752 1500 1500 1500 950 23 159057 0.000000 0.000000 0.000000 0.000000 0.000000 0.000000 0.000000 0023 159576 -0.682476 0.745800 0.180151
0023 185058 0.032090 -0.026037 -0.627926 1500 1500 1500 950 23 209167 0.000000 0.000000 0.000000 0.000000 0.000000 0.000000 0.000000 0023 209717 0.070257 0.745800 0.178021
0023 237457 0.032100 -0.026150 -0.628168 1500 1500 1500 950 23 259155 0.000000 0.000000 0.000000 0.000000 0.000000 0.000000 0.000000 0023 259674 0.070257 0.745800 0.176317
0023 284241 0.032079 -0.026125 -0.628383 1500 1500 1500 950 23 309265 0.000000 0.000000 0.000000 0.000000 0.000000 0.000000 0.000000 0023 309784 0.655754 0.745800 0.178343
0023 336151 0.032078 -0.026054 -0.628513 1500 1500 1500 950 23 359405 0.000000 0.000000 0.000000 0.000000 0.000000 0.000000 0.000000 0023 359833 0.404823 0.745800 0.179965
0023 384216 0.032037 -0.026138 -0.628707 1500 1500 1500 950 23 409576 0.000000 0.000000 0.000000 0.000000 0.000000 0.000000 0.000000 0023 409973 1.408584 0.762750 0.181262
0023 437256 0.032018 -0.026168 -0.628970 1500 1500 1500 950 23 459717 0.000000 0.000000 0.000000 0.000000 0.000000 0.000000 0.000000 0023 460144 0.070257 0.762750 0.182299
0023 484222 0.032045 -0.026094 -0.629144 1500 1500 1500 950 23 509796 0.000000 0.000000 0.000000 0.000000 0.000000 0.000000 0.000000 0023 510193 0.070257 0.745800 0.183129
0023 537536 0.032023 -0.026107 -0.629327 1500 1500 1500 950 23 559845 0.000000 0.000000 0.000000 0.000000 0.000000 0.000000 0.000000 0023 560272 0.070257 0.745800 0.180404
0023 584198 0.031976 -0.026225 -0.629553 1500 1500 1500 950 23 609924 0.000000 0.000000 0.000000 0.000000 0.000000 0.000000 0.000000 0023 610412 0.070257 0.745800 0.181613
0023 637054 0.031988 -0.026163 -0.629744 1500 1500 1500 950 23 660064 0.000000 0.000000 0.000000 0.000000 0.000000 0.000000 0.000000 0023 660644 -0.682476 0.745800 0.182580
0023 684234 0.031967 -0.026109 -0.629931 1500 1500 1500 950 23 710266 0.000000 0.000000 0.000000 0.000000 0.000000 0.000000 0.000000 0023 710754 0.070257 0.745800 0.179964
0023 736114 0.031938 -0.026197 -0.630102 1500 1500 1500 950 23 760437 0.000000 0.000000 0.000000 0.000000 0.000000 0.000000 0.000000 0023 760864 -0.682476 0.745800 0.177871
0023 784088 0.031931 -0.026214 -0.630318 1500 1500 1500 950 23 810547 0.000000 0.000000 0.000000 0.000000 0.000000 0.000000 0.000000 0023 810943 -0.180660 0.745800 0.176197
0023 837036 0.031946 -0.026141 -0.630511 1500 1500 1500 950 23 860595 0.000000 0.000000 0.000000 0.000000 0.000000 0.000000 0.000000 0023 860992 -0.180660 0.762750 0.178248
0023 884064 0.031994 -0.026182 -0.630679 1500 1500 1500 950 23 910675 0.000000 0.000000 0.000000 0.000000 0.000000 0.000000 0.000000 0023 911072 0.655754 0.762750 0.179888
0023 937439 0.031972 -0.026218 -0.630876 1500 1500 1500 950 23 960876 0.000000 0.000000 0.000000 0.000000 0.000000 0.000000 0.000000 0023 961273 0.070257 0.745800 0.181201
0023 985504 0.031987 -0.026131 -0.631063 1500 1500 1500 950 24 10986 0.000000 0.000000 0.000000 0.000000 0.000000 0.000000 0.000000 0024 011505 -0.682476 0.762750 0.182250
0024 037994 0.031969 -0.026129 -0.631262 1500 1500 1500 950 24 61065 0.000000 0.000000 0.000000 0.000000 0.000000 0.000000 0.000000 0024 061615 0.404823 0.745800 0.183090
0024 084076 0.031963 -0.026201 -0.631432 1500 1500 1500 950 24 111114 0.000000 0.000000 0.000000 0.000000 0.000000 0.000000 0.000000 0024 111664 0.070257 0.745800 0.183762
0024 137756 0.031992 -0.026192 -0.631639 1500 1500 1500 950 24 161224 0.000000 0.000000 0.000000 0.000000 0.000000 0.000000 0.000000 0024 161773 -0.682476 0.745800 0.184300
0024 184875 0.031990 -0.026146 -0.631854 1500 1500 1500 950 24 211395 0.000000 0.000000 0.000000 0.000000 0.000000 0.000000 0.000000 0024 211792 0.655754 0.745800 0.181340
0024 237182 0.031989 -0.026227 -0.632069 1500 1500 1500 950 24 261535 0.000000 0.000000 0.000000 0.000000 0.000000 0.000000 0.000000 0024 261932 0.070257 0.745800 0.178972
0024 285248 0.031994 -0.026226 -0.632230 1500 1500 1500 950 24 311584 0.000000 0.000000 0.000000 0.000000 0.000000 0.000000 0.000000 0024 311981 0.404823 0.745800 0.177078
0024 337433 0.032017 -0.026150 -0.632407 1500 1500 1500 950 24 361603 0.000000 0.000000 0.000000 0.000000 0.000000 0.000000 0.000000 0024 361999 -0.431571 0.762750 0.178952
0024 384064 0.031990 -0.026179 -0.632633 1500 1500 1500 950 24 411590 0.000000 0.000000 0.000000 0.000000 0.000000 0.000000 0.000000 0024 411987 0.070257 0.745800 0.177062
0024 437195 0.032005 -0.026215 -0.632832 1500 1500 1500 950 24 461548 0.000000 0.000000 0.000000 0.000000 0.000000 0.000000 0.000000 0024 461944 0.070257 0.745800 0.175549
0024 483978 0.032025 -0.026175 -0.632995 1500 1500 1500 950 24 511596 0.000000 0.000000 0.000000 0.000000 0.000000 0.000000 0.000000 0024 511993 0.655754 0.745800 0.174339
0024 539734 0.032062 -0.026188 -0.633202 1500 1500 1500 950 24 561615 0.000000 0.000000 0.000000 0.000000 0.000000 0.000000 0.000000 0024 562012 0.070257 0.745800 0.176762
0024 585602 0.032057 -0.026226 -0.633413 1500 1500 1500 950 24 611816 0.000000 0.000000 0.000000 0.000000 0.000000 0.000000 0.000000 0024 612213 -0.431571 0.745800 0.178699
0024 637054 0.032048 -0.026185 -0.633589 1500 1500 1500 950 24 661896 0.000000 0.000000 0.000000 0.000000 0.000000 0.000000 0.000000 0024 662414 0.404823 0.745800 0.176859
0024 684143 0.032064 -0.026135 -0.633761 1500 1500 1500 950 24 711975 0.000000 0.000000 0.000000 0.000000 0.000000 0.000000 0.000000 0024 712524 0.906691 0.745800 0.178778
0024 735992 0.032121 -0.026167 -0.633974 1500 1500 1500 950 24 762024 0.000000 0.000000 0.000000 0.000000 0.000000 0.000000 0.000000 0024 762665 0.070257 0.728850 0.180312
0024 783966 0.032117 -0.026167 -0.634171 1500 1500 1500 950 24 812103 0.000000 0.000000 0.000000 0.000000 0.000000 0.000000 0.000000 0024 812652 0.655754 0.745800 0.181540
0024 838104 0.032125 -0.026119 -0.634333 1500 1500 1500 950 24 862213 0.000000 0.000000 0.000000 0.000000 0.000000 0.000000 0.000000 0024 862732 0.070257 0.745800 0.182522
0024 884002 0.032132 -0.026180 -0.634551 1500 1500 1500 950 24 912384 0.000000 0.000000 0.000000 0.000000 0.000000 0.000000 0.000000 0024 912781 0.655754 0.745800 0.179917
0024 937286 0.032114 -0.026201 -0.634762 1500 1500 1500 950 24 962524 0.000000 0.000000 0.000000 0.000000 0.000000 0.000000 0.000000 0024 962921 0.404823 0.745800 0.181224
0024 983948 0.032102 -0.026170 -0.634940 1500 1500 1500 950 25 12604 0.000000 0.000000 0.000000 0.000000 0.000000 0.000000 0.000000 0025 013000 0.655754 0.745800 0.182269
0025 037018 0.032103 -0.026162 -0.635124 1500 1500 1500 950 25 62561 0.000000 0.000000 0.000000 0.000000 0.000000 0.000000 0.000000 0025 062988 0.655754 0.779700 0.183105
0025 083954 0.032098 -0.026214 -0.635338 1500 1500 1500 950 25 112579 0.000000 0.000000 0.000000 0.000000 0.000000 0.000000 0.000000 0025 112976 0.070257 0.745800 0.180384
0025 137543 0.032103 -0.026212 -0.635554 1500 1500 1500 950 25 162842 0.000000 0.000000 0.000000 0.000000 0.000000 0.000000 0.000000 0025 163238 0.070257 0.745800 0.178207
0025 184631 0.032098 -0.026185 -0.635736 1500 1500 1500 950 25 212921 0.000000 0.000000 0.000000 0.000000 0.000000 0.000000 0.000000 0025 213409 0.070257 0.745800 0.179856
0025 237030 0.032116 -0.026233 -0.635923 1500 1500 1500 950 25 262970 0.000000 0.000000 0.000000 0.000000 0.000000 0.000000 0.000000 0025 263489 0.070257 0.762750 0.181175
0025 283935 0.032117 -0.026236 -0.636118 1500 1500 1500 950 25 313080 0.000000 0.000000 0.000000 0.000000 0.000000 0.000000 0.000000 0025 313598 0.655754 0.745800 0.178840
0025 335907 0.032102 -0.026191 -0.636301 1500 1500 1500 950 25 363098 0.000000 0.000000 0.000000 0.000000 0.000000 0.000000 0.000000 0025 363678 0.070257 0.745800 0.176972
0025 383941 0.032101 -0.026183 -0.636491 1500 1500 1500 950 25 413177 0.000000 0.000000 0.000000 0.000000 0.000000 0.000000 0.000000 0025 413696 0.655754 0.745800 0.178867
0025 436950 0.032116 -0.026226 -0.636710 1500 1500 1500 950 25 463196 0.000000 0.000000 0.000000 0.000000 0.000000 0.000000 0.000000 0025 463714 -0.431571 0.762750 0.180384
0025 483917 0.032118 -0.026211 -0.636902 1500 1500 1500 950 25 513397 0.000000 0.000000 0.000000 0.000000 0.000000 0.000000 0.000000 0025 513794 0.404823 0.745800 0.181597
0025 536102 0.032131 -0.026213 -0.637122 1500 1500 1500 950 25 563446 0.000000 0.000000 0.000000 0.000000 0.000000 0.000000 0.000000 0025 563873 -0.682476 0.745800 0.179178
0025 583954 0.032111 -0.026277 -0.637332 1500 1500 1500 950 25 613586 0.000000 0.000000 0.000000 0.000000 0.000000 0.000000 0.000000 0025 614105 0.070257 0.762750 0.180632
