0005 565796 0.022300 0.035242 -0.821383 1500 1500 1500 950 5 569824 0.000000 0.000000 0.000000 0.000000 0.000000 0.000000 0.000000 0005 570190 0.315376 0.678000 0.037290
0005 613800 0.022313 0.035215 -0.821550 1500 1500 1500 950 5 619965 0.000000 0.000000 0.000000 0.000000 0.000000 0.000000 0.000000 0005 620148 0.817319 0.694950 0.067122
0005 667023 0.022347 0.035219 -0.821702 1500 1500 1500 950 5 669952 0.000000 0.000000 0.000000 0.000000 0.000000 0.000000 0.000000 0005 670166 -0.186544 0.678000 0.090988
0005 715027 0.022316 0.035222 -0.821864 1500 1500 1500 950 5 719849 0.000000 0.000000 0.000000 0.000000 0.000000 0.000000 0.000000 0005 720062 -0.186544 0.661050 0.110080
0005 767029 0.022317 0.035179 -0.822047 1500 1500 1500 950 5 769775 0.000000 0.000000 0.000000 0.000000 0.000000 0.000000 0.000000 0005 769989 0.064413 0.661050 0.125354
0005 815094 0.022303 0.035178 -0.822184 1500 1500 1500 950 5 819672 0.000000 0.000000 0.000000 0.000000 0.000000 0.000000 0.000000 0005 819855 0.566344 0.661050 0.137573
0005 867676 0.022302 0.035157 -0.822348 1500 1500 1500 950 5 869629 0.000000 0.000000 0.000000 0.000000 0.000000 0.000000 0.000000 0005 869812 -0.688440 0.661050 0.147349
0005 915009 0.022324 0.035165 -0.822508 1500 1500 1500 950 5 919556 0.000000 0.000000 0.000000 0.000000 0.000000 0.000000 0.000000 0005 919739 -0.186544 0.661050 0.151779
0005 967072 0.022323 0.035145 -0.822685 1500 1500 1500 950 5 969543 0.000000 0.000000 0.000000 0.000000 0.000000 0.000000 0.000000 0005 969727 0.817319 0.661050 0.158713
0006 013763 0.022340 0.035137 -0.822850 1500 1500 1500 950 6 19501 0.000000 0.000000 0.000000 0.000000 0.000000 0.000000 0.000000 0006 019714 0.064413 0.661050 0.160870
0006 067047 0.022321 0.035144 -0.822981 1500 1500 1500 950 6 69489 0.000000 0.000000 0.000000 0.000000 0.000000 0.000000 0.000000 0006 069702 -0.688440 0.661050 0.162596
0006 114960 0.022310 0.035162 -0.823156 1500 1500 1500 950 6 119598 0.000000 0.000000 0.000000 0.000000 0.000000 0.000000 0.000000 0006 119782 0.566344 0.661050 0.167367
0006 166992 0.022312 0.035159 -0.823330 1500 1500 1500 950 6 169739 0.000000 0.000000 0.000000 0.000000 0.000000 0.000000 0.000000 0006 169922 0.064413 0.661050 0.171184
0006 214966 0.022333 0.035170 -0.823507 1500 1500 1500 950 6 219879 0.000000 0.000000 0.000000 0.000000 0.000000 0.000000 0.000000 0006 220093 -0.688440 0.661050 0.174237
0006 267639 0.022333 0.035183 -0.823683 1500 1500 1500 950 6 269775 0.000000 0.000000 0.000000 0.000000 0.000000 0.000000 0.000000 0006 269989 0.566344 0.661050 0.176680
0006 314972 0.022331 0.035165 -0.823842 1500 1500 1500 950 6 319702 0.000000 0.000000 0.000000 0.000000 0.000000 0.000000 0.000000 0006 319885 0.315376 0.661050 0.182024
0006 367004 0.022311 0.035153 -0.824030 1500 1500 1500 950 6 369782 0.000000 0.000000 0.000000 0.000000 0.000000 0.000000 0.000000 0006 369995 0.566344 0.661050 0.179519
0006 413940 0.022321 0.035131 -0.824196 1500 1500 1500 950 6 419830 0.000000 0.000000 0.000000 0.000000 0.000000 0.000000 0.000000 0006 420288 0.817319 0.678000 0.180905
0006 466980 0.022291 0.035137 -0.824361 1500 1500 1500 950 6 469910 0.000000 0.000000 0.000000 0.000000 0.000000 0.000000 0.000000 0006 470123 -0.437495 0.661050 0.178624
0006 515198 0.022271 0.035117 -0.824553 1500 1500 1500 950 6 519898 0.000000 0.000000 0.000000 0.000000 0.000000 0.000000 0.000000 0006 520111 0.064413 0.661050 0.176799
0006 567108 0.022280 0.035108 -0.824711 1500 1500 1500 950 6 569977 0.000000 0.000000 0.000000 0.000000 0.000000 0.000000 0.000000 0006 570190 -0.186544 0.661050 0.178729
0006 613709 0.022295 0.035081 -0.824893 1500 1500 1500 950 6 620087 0.000000 0.000000 0.000000 0.000000 0.000000 0.000000 0.000000 0006 620270 0.566344 0.661050 0.180274
0006 667633 0.022324 0.035092 -0.825050 1500 1500 1500 950 6 670105 0.000000 0.000000 0.000000 0.000000 0.000000 0.000000 0.000000 0006 670288 0.566344 0.661050 0.178119
0006 714966 0.022344 0.035075 -0.825208 1500 1500 1500 950 6 720184 0.000000 0.000000 0.000000 0.000000 0.000000 0.000000 0.000000 0006 720490 0.064413 0.661050 0.179785
0006 767090 0.022371 0.035097 -0.825364 1500 1500 1500 950 6 770233 0.000000 0.000000 0.000000 0.000000 0.000000 0.000000 0.000000 0006 770508 -0.437495 0.661050 0.181118
0006 814972 0.022402 0.035137 -0.825546 1500 1500 1500 950 6 820313 0.000000 0.000000 0.000000 0.000000 0.000000 0.000000 0.000000 0006 820587 0.566344 0.661050 0.178794
0006 867584 0.022415 0.035152 -0.825709 1500 1500 1500 950 6 870392 0.000000 0.000000 0.000000 0.000000 0.000000 0.000000 0.000000 0006 870606 0.817319 0.661050 0.180326
0006 914978 0.022436 0.035149 -0.825902 1500 1500 1500 950 6 920502 0.000000 0.000000 0.000000 0.000000 0.000000 0.000000 0.000000 0006 920715 0.817319 0.661050 0.181550
0006 966950 0.022456 0.035148 -0.826045 1500 1500 1500 950 6 970459 0.000000 0.000000 0.000000 0.000000 0.000000 0.000000 0.000000 0006 970642 0.064413 0.661050 0.179140
0007 013641 0.022472 0.035123 -0.826211 1500 1500 1500 950 7 20477 0.000000 0.000000 0.000000 0.000000 0.000000 0.000000 0.000000 0007 020691 0.064413 0.678000 0.180602
0007 066803 0.022467 0.035110 -0.826369 1500 1500 1500 950 7 70465 0.000000 0.000000 0.000000 0.000000 0.000000 0.000000 0.000000 0007 070648 0.064413 0.661050 0.181772
0007 114777 0.022462 0.035074 -0.826550 1500 1500 1500 950 7 120514 0.000000 0.000000 0.000000 0.000000 0.000000 0.000000 0.000000 0007 120728 0.064413 0.661050 0.182707
0007 166992 0.022462 0.035081 -0.826716 1500 1500 1500 950 7 170502 0.000000 0.000000 0.000000 0.000000 0.000000 0.000000 0.000000 0007 170685 0.064413 0.661050 0.183456
0007 213684 0.022438 0.035100 -0.826862 1500 1500 1500 950 7 220520 0.000000 0.000000 0.000000 0.000000 0.000000 0.000000 0.000000 0007 220703 0.064413 0.661050 0.184055
0007 267548 0.022456 0.035114 -0.827011 1500 1500 1500 950 7 270538 0.000000 0.000000 0.000000 0.000000 0.000000 0.000000 0.000000 0007 270721 -0.688440 0.661050 0.181144
0007 314880 0.022446 0.035095 -0.827173 1500 1500 1500 950 7 320526 0.000000 0.000000 0.000000 0.000000 0.000000 0.000000 0.000000 0007 320709 1.068300 0.661050 0.182205
0007 366974 0.022460 0.035104 -0.827338 1500 1500 1500 950 7 370514 0.000000 0.000000 0.000000 0.000000 0.000000 0.000000 0.000000 0007 370728 0.566344 0.661050 0.183054
0007 414856 0.022429 0.035122 -0.827519 1500 1500 1500 950 7 420532 0.000000 0.000000 0.000000 0.000000 0.000000 0.000000 0.000000 0007 420715 -0.186544 0.661050 0.180343
0007 467529 0.022435 0.035133 -0.827675 1500 1500 1500 950 7 470490 0.000000 0.000000 0.000000 0.000000 0.000000 0.000000 0.000000 0007 470673 0.064413 0.661050 0.178175
0007 514771 0.022434 0.035119 -0.827860 1500 1500 1500 950 7 520538 0.000000 0.000000 0.000000 0.000000 0.000000 0.000000 0.000000 0007 520721 0.817319 0.661050 0.179830
0007 566925 0.022465 0.035123 -0.828020 1500 1500 1500 950 7 570435 0.000000 0.000000 0.000000 0.000000 0.000000 0.000000 0.000000 0007 570618 0.064413 0.661050 0.181154
0007 613678 0.022447 0.035145 -0.828210 1500 1500 1500 950 7 620483 0.000000 0.000000 0.000000 0.000000 0.000000 0.000000 0.000000 0007 620697 0.566344 0.661050 0.178823
0007 666809 0.022434 0.035156 -0.828372 1500 1500 1500 950 7 670502 0.000000 0.000000 0.000000 0.000000 0.000000 0.000000 0.000000 0007 670715 0.566344 0.661050 0.180348
0007 714783 0.022436 0.035151 -0.828551 1500 1500 1500 950 7 720459 0.000000 0.000000 0.000000 0.000000 0.000000 0.000000 0.000000 0007 720642 -0.437495 0.661050 0.178179
0007 766998 0.022416 0.035164 -0.828699 1500 1500 1500 950 7 770508 0.000000 0.000000 0.000000 0.000000 0.000000 0.000000 0.000000 0007 770721 -0.437495 0.661050 0.176443
0007 813599 0.022409 0.035170 -0.828857 1500 1500 1500 950 7 820435 0.000000 0.000000 0.000000 0.000000 0.000000 0.000000 0.000000 0007 820679 -0.939378 0.661050 0.175054
0007 867493 0.022415 0.035177 -0.829028 1500 1500 1500 950 7 870483 0.000000 0.000000 0.000000 0.000000 0.000000 0.000000 0.000000 0007 870667 -0.939378 0.661050 0.173944
0007 915039 0.022383 0.035207 -0.829189 1500 1500 1500 950 7 920563 0.000000 0.000000 0.000000 0.000000 0.000000 0.000000 0.000000 0007 920776 0.566344 0.661050 0.173055
0007 965515 0.022370 0.035235 -0.829347 1500 1500 1500 950 7 970734 0.000000 0.000000 0.000000 0.000000 0.000000 0.000000 0.000000 0007 970947 -0.186544 0.661050 0.172344
0008 013611 0.022349 0.035266 -0.829525 1500 1500 1500 950 8 20721 0.000000 0.000000 0.000000 0.000000 0.000000 0.000000 0.000000 0008 020935 0.064413 0.661050 0.175165
0008 067505 0.022344 0.035280 -0.829664 1500 1500 1500 950 8 70770 0.000000 0.000000 0.000000 0.000000 0.000000 0.000000 0.000000 0008 070984 0.566344 0.661050 0.177422
0008 114838 0.022316 0.035330 -0.829821 1500 1500 1500 950 8 120850 0.000000 0.000000 0.000000 0.000000 0.000000 0.000000 0.000000 0008 121063 0.315376 0.661050 0.179228
0008 166779 0.022326 0.035344 -0.830001 1500 1500 1500 950 8 170776 0.000000 0.000000 0.000000 0.000000 0.000000 0.000000 0.000000 0008 170960 0.064413 0.661050 0.177282
0008 213684 0.022306 0.035343 -0.830182 1500 1500 1000 950 8 220886 0.000000 0.000000 0.000000 0.000000 0.000000 0.000000 0.000000 0008 221191 0.817319 0.661050 0.179116
0008 267304 0.022287 0.035362 -0.000166 1500 1500 1000 950 8 270996 0.000000 0.000000 0.000000 0.000000 0.000000 0.000000 0.000000 0008 271179 0.064413 0.661050 0.177193
0008 314880 0.022699 0.037855 -0.000303 1500 1500 1000 950 8 321106 0.000000 0.000000 0.000000 0.000000 0.000000 0.000000 0.000000 0008 321289 0.064413 0.661050 0.179044
0008 366760 0.022744 0.039304 -0.000405 1500 1500 1000 950 8 371094 0.000000 0.000000 0.000000 0.000000 0.000000 0.000000 0.000000 0008 371277 -0.186544 0.661050 0.180525
0008 413635 0.023262 0.040529 -0.000469 1500 1500 1000 950 8 421143 0.000000 0.000000 0.000000 0.000000 0.000000 0.000000 0.000000 0008 421387 0.315376 0.661050 0.181710
0008 466766 0.023588 0.041436 -0.000526 1500 1500 1000 950 8 471039 0.000000 0.000000 0.000000 0.000000 0.000000 0.000000 0.000000 0008 471222 0.817319 0.661050 0.182658
0008 514801 0.023675 0.041972 -0.000577 1500 1500 1000 950 8 521088 0.000000 0.000000 0.000000 0.000000 0.000000 0.000000 0.000000 0008 521301 0.315376 0.661050 0.183417
0008 565552 0.023695 0.042444 -0.000640 1500 1500 1000 950 8 571167 0.000000 0.000000 0.000000 0.000000 0.000000 0.000000 0.000000 0008 571503 0.064413 0.661050 0.184023
0008 613556 0.023523 0.042554 -0.000675 1500 1500 1000 950 8 621185 0.000000 0.000000 0.000000 0.000000 0.000000 0.000000 0.000000 0008 621491 0.566344 0.661050 0.181119
0008 666687 0.023674 0.042282 -0.000699 1500 1500 1000 950 8 671356 0.000000 0.000000 0.000000 0.000000 0.000000 0.000000 0.000000 0008 671539 0.817319 0.661050 0.182185
0008 714813 0.023008 0.042294 -0.000755 1500 1500 1000 950 8 721375 0.000000 0.000000 0.000000 0.000000 0.000000 0.000000 0.000000 0008 721588 0.315376 0.661050 0.183038
0008 766846 0.022870 0.042934 -0.000787 1500 1500 1000 950 8 771393 0.000000 0.000000 0.000000 0.000000 0.000000 0.000000 0.000000 0008 771576 -0.437495 0.678000 0.183720
0008 813629 0.022591 0.042867 -0.000804 1500 1500 1000 950 8 821381 0.000000 0.000000 0.000000 0.000000 0.000000 0.000000 0.000000 0008 821564 0.566344 0.661050 0.180876
0008 866760 0.022954 0.042904 -0.000794 1500 1500 1000 950 8 871399 0.000000 0.000000 0.000000 0.000000 0.000000 0.000000 0.000000 0008 871582 0.064413 0.661050 0.178601
0008 914795 0.022901 0.042616 -0.000817 1500 1500 1000 950 8 921417 0.000000 0.000000 0.000000 0.000000 0.000000 0.000000 0.000000 0008 921631 0.566344 0.661050 0.180171
0008 966797 0.023051 0.042755 -0.000802 1500 1500 1000 950 8 971375 0.000000 0.000000 0.000000 0.000000 0.000000 0.000000 0.000000 0008 971558 -0.437495 0.661050 0.181427
0009 013580 0.023184 0.043059 -0.000812 1500 1500 1000 950 9 21332 0.000000 0.000000 0.000000 0.000000 0.000000 0.000000 0.000000 0009 021545 -0.186544 0.661050 0.179041
0009 066650 0.023113 0.042938 -0.000807 1500 1500 1000 950 9 71411 0.000000 0.000000 0.000000 0.000000 0.000000 0.000000 0.000000 0009 071625 0.315376 0.661050 0.177133
0009 114929 0.023057 0.042752 -0.000800 1500 1500 1000 950 9 121368 0.000000 0.000000 0.000000 0.000000 0.000000 0.000000 0.000000 0009 121582 -0.186544 0.661050 0.178996
0009 166809 0.022992 0.042690 -0.000797 1500 1500 1000 950 9 171387 0.000000 0.000000 0.000000 0.000000 0.000000 0.000000 0.000000 0009 171570 -0.437495 0.661050 0.180487
0009 213593 0.023307 0.042786 -0.000787 1500 1500 1000 950 9 221344 0.000000 0.000000 0.000000 0.000000 0.000000 0.000000 0.000000 0009 221558 -0.186544 0.661050 0.181680
0009 266632 0.023163 0.042896 -0.000793 1500 1500 1000 950 9 271362 0.000000 0.000000 0.000000 0.000000 0.000000 0.000000 0.000000 0009 271576 0.817319 0.678000 0.182634
0009 314911 0.023006 0.043089 -0.000788 1500 1500 1000 950 9 321320 0.000000 0.000000 0.000000 0.000000 0.000000 0.000000 0.000000 0009 321503 -0.186544 0.661050 0.183397
0009 365509 0.023009 0.043130 -0.000796 1500 1500 1000 950 9 371368 0.000000 0.000000 0.000000 0.000000 0.000000 0.000000 0.000000 0009 371582 0.566344 0.678000 0.184008
0009 413513 0.023040 0.043150 -0.000799 1500 1500 1000 950 9 421326 0.000000 0.000000 0.000000 0.000000 0.000000 0.000000 0.000000 0009 421509 -0.186544 0.661050 0.184496
0009 466797 0.023056 0.043171 -0.000796 1500 1500 1000 950 9 471405 0.000000 0.000000 0.000000 0.000000 0.000000 0.000000 0.000000 0009 471588 -0.186544 0.661050 0.184887
0009 514618 0.023080 0.043174 -0.000808 1500 1500 1000 950 9 521332 0.000000 0.000000 0.000000 0.000000 0.000000 0.000000 0.000000 0009 521515 0.315376 0.661050 0.181809
0009 566650 0.023105 0.043148 -0.000809 1500 1500 1000 950 9 571533 0.000000 0.000000 0.000000 0.000000 0.000000 0.000000 0.000000 0009 571747 0.064413 0.661050 0.182738
0009 613556 0.023087 0.043134 -0.000792 1500 1500 1000 950 9 621613 0.000000 0.000000 0.000000 0.000000 0.000000 0.000000 0.000000 0009 621796 0.064413 0.661050 0.183480
0009 666657 0.023092 0.043130 -0.000816 1500 1500 1000 950 9 671631 0.000000 0.000000 0.000000 0.000000 0.000000 0.000000 0.000000 0009 671845 0.064413 0.661050 0.184074
0009 714630 0.023097 0.043120 -0.000807 1500 1500 1000 950 9 721649 0.000000 0.000000 0.000000 0.000000 0.000000 0.000000 0.000000 0009 721863 -0.437495 0.661050 0.184549
0009 766663 0.023119 0.043132 -0.000805 1500 1500 1000 950 9 772095 0.000000 0.000000 0.000000 0.000000 0.000000 0.000000 0.000000 0009 772369 -0.186544 0.661050 0.184929
0009 814911 0.023121 0.043126 -0.000830 1500 1500 1000 950 9 822266 0.000000 0.000000 0.000000 0.000000 0.000000 0.000000 0.000000 0009 822479 -0.437495 0.661050 0.181844
0009 866638 0.023089 0.043120 -0.000845 1500 1500 1000 950 9 872345 0.000000 0.000000 0.000000 0.000000 0.000000 0.000000 0.000000 0009 872559 0.315376 0.678000 0.182765
0009 914764 0.023089 0.043117 -0.000842 1500 1500 1000 950 9 922455 0.000000 0.000000 0.000000 0.000000 0.000000 0.000000 0.000000 0009 922638 -0.939378 0.661050 0.180112
0009 965515 0.023104 0.043121 -0.000835 1500 1500 1000 950 9 972534 0.000000 0.000000 0.000000 0.000000 0.000000 0.000000 0.000000 0009 972748 0.315376 0.661050 0.181379
0010 014832 0.023114 0.043101 -0.000834 1500 1500 1000 950 10 22675 0.000000 0.000000 0.000000 0.000000 0.000000 0.000000 0.000000 0010 022858 0.064413 0.661050 0.179004
0010 066711 0.023145 0.043074 -0.000840 1500 1500 1000 950 10 72693 0.000000 0.000000 0.000000 0.000000 0.000000 0.000000 0.000000 0010 072907 0.817319 0.661050 0.177103
0010 114624 0.023144 0.043069 -0.000848 1500 1500 1000 950 10 122772 0.000000 0.000000 0.000000 0.000000 0.000000 0.000000 0.000000 0010 122986 0.315376 0.661050 0.178972
0010 165527 0.023144 0.043069 -0.000840 1500 1500 1000 950 10 172791 0.000000 0.000000 0.000000 0.000000 0.000000 0.000000 0.000000 0010 173004 0.064413 0.661050 0.177078
0010 214783 0.023131 0.043066 -0.000857 1500 1500 1000 950 10 222839 0.000000 0.000000 0.000000 0.000000 0.000000 0.000000 0.000000 0010 223023 -0.186544 0.661050 0.175562
0010 267334 0.023139 0.043067 -0.000869 1500 1500 1000 950 10 272888 0.000000 0.000000 0.000000 0.000000 0.000000 0.000000 0.000000 0010 273102 0.064413 0.661050 0.174350
0010 314636 0.023130 0.043095 -0.000881 1500 1500 1000 950 10 322907 0.000000 0.000000 0.000000 0.000000 0.000000 0.000000 0.000000 0010 323120 0.064413 0.661050 0.176770
0010 366638 0.023125 0.043099 -0.000905 1500 1500 1000 950 10 372894 0.000000 0.000000 0.000000 0.000000 0.000000 0.000000 0.000000 0010 373077 0.315376 0.661050 0.178706
0010 413483 0.023131 0.043097 -0.000907 1500 1500 1000 950 10 422913 0.000000 0.000000 0.000000 0.000000 0.000000 0.000000 0.000000 0010 423126 0.566344 0.661050 0.180255
0010 466827 0.023122 0.043091 -0.000917 1500 1500 1000 950 10 472870 0.000000 0.000000 0.000000 0.000000 0.000000 0.000000 0.000000 0010 473053 0.315376 0.661050 0.181494
0010 514618 0.023099 0.043114 -0.000922 1500 1500 1000 950 10 522858 0.000000 0.000000 0.000000 0.000000 0.000000 0.000000 0.000000 0010 523041 0.064413 0.661050 0.179095
0010 566650 0.023099 0.043109 -0.000921 1500 1500 1000 950 10 572784 0.000000 0.000000 0.000000 0.000000 0.000000 0.000000 0.000000 0010 572968 0.566344 0.661050 0.177176
0010 613464 0.023120 0.043119 -0.000915 1500 1500 1000 950 10 622803 0.000000 0.000000 0.000000 0.000000 0.000000 0.000000 0.000000 0010 622986 0.817319 0.661050 0.179031
0010 867279 0.023130 0.043100 -0.000939 1500 1500 1000 950 10 896606 0.000000 0.000000 0.000000 0.000000 0.000000 0.000000 0.000000 0010 897614 -0.437495 0.661050 0.178403
0010 914612 0.023130 0.043118 -0.000972 1500 1500 1000 950 10 946686 0.000000 0.000000 0.000000 0.000000 0.000000 0.000000 0.000000 0010 947113 -0.186544 0.661050 0.180012
0010 966705 0.023136 0.043116 -0.000987 1500 1500 1000 950 10 996765 0.000000 0.000000 0.000000 0.000000 0.000000 0.000000 0.000000 0010 996979 0.817319 0.661050 0.181300
0011 013367 0.023143 0.043111 -0.000988 1500 1500 1000 950 11 46783 0.000000 0.000000 0.000000 0.000000 0.000000 0.000000 0.000000 0011 046967 -0.437495 0.661050 0.182330
0011 066650 0.023174 0.043102 -0.000993 1500 1500 1000 950 11 96771 0.000000 0.000000 0.000000 0.000000 0.000000 0.000000 0.000000 0011 096985 0.817319 0.661050 0.183154
0011 114594 0.023199 0.043096 -0.000994 1500 1500 1000 950 11 146820 0.000000 0.000000 0.000000 0.000000 0.000000 0.000000 0.000000 0011 147003 -0.186544 0.661050 0.183813
0011 166626 0.023201 0.043098 -0.001000 1500 1500 1000 950 11 196869 0.000000 0.000000 0.000000 0.000000 0.000000 0.000000 0.000000 0011 197052 -0.186544 0.678000 0.184341
0011 213471 0.023191 0.043066 -0.001012 1500 1500 1000 950 11 246735 0.000000 0.000000 0.000000 0.000000 0.000000 0.000000 0.000000 0011 246948 -0.437495 0.661050 0.184762
0011 267151 0.023195 0.043010 -0.001026 1500 1500 1000 950 11 296783 0.000000 0.000000 0.000000 0.000000 0.000000 0.000000 0.000000 0011 296997 0.315376 0.661050 0.181710
0011 314606 0.023195 0.043012 -0.001030 1500 1500 1000 950 11 346649 0.000000 0.000000 0.000000 0.000000 0.000000 0.000000 0.000000 0011 346832 1.068300 0.661050 0.182658
0011 366608 0.023192 0.042972 -0.001037 1500 1500 1000 950 11 396698 0.000000 0.000000 0.000000 0.000000 0.000000 0.000000 0.000000 0011 396881 0.315376 0.661050 0.183416
0011 413391 0.023188 0.042936 -0.001039 1500 1500 1000 950 11 446838 0.000000 0.000000 0.000000 0.000000 0.000000 0.000000 0.000000 0011 447113 -0.437495 0.661050 0.184023
0011 467163 0.023210 0.042918 -0.001039 1500 1500 1000 950 11 496826 0.000000 0.000000 0.000000 0.000000 0.000000 0.000000 0.000000 0011 497009 -0.186544 0.661050 0.181118
0011 514618 0.023226 0.042901 -0.001036 1500 1500 1000 950 11 546936 0.000000 0.000000 0.000000 0.000000 0.000000 0.000000 0.000000 0011 547119 0.315376 0.661050 0.182185
0011 566620 0.023224 0.042880 -0.001054 1500 1500 1000 950 11 596924 0.000000 0.000000 0.000000 0.000000 0.000000 0.000000 0.000000 0011 597137 -0.688440 0.661050 0.179648
0011 613312 0.023231 0.042866 -0.001060 1500 1500 1000 950 11 646973 0.000000 0.000000 0.000000 0.000000 0.000000 0.000000 0.000000 0011 647217 0.064413 0.661050 0.177618
0011 667114 0.023210 0.042853 -0.001064 1500 1500 1000 950 11 696991 0.000000 0.000000 0.000000 0.000000 0.000000 0.000000 0.000000 0011 697266 0.064413 0.661050 0.179385
0011 714600 0.023172 0.042852 -0.001093 1500 1500 1000 950 11 747070 0.000000 0.000000 0.000000 0.000000 0.000000 0.000000 0.000000 0011 747345 0.315376 0.661050 0.180798
0011 765381 0.023182 0.042856 -0.001125 1500 1500 1000 950 11 797089 0.000000 0.000000 0.000000 0.000000 0.000000 0.000000 0.000000 0011 797363 0.817319 0.661050 0.181928
0011 813293 0.023190 0.042827 -0.001147 1500 1500 1000 950 11 847137 0.000000 0.000000 0.000000 0.000000 0.000000 0.000000 0.000000 0011 847412 0.566344 0.661050 0.182833
0011 867096 0.023183 0.042816 -0.001129 1500 1500 1000 950 11 897095 0.000000 0.000000 0.000000 0.000000 0.000000 0.000000 0.000000 0011 897369 -0.688440 0.661050 0.183556
0011 914581 0.023150 0.042823 -0.001128 1500 1500 1000 950 11 947235 0.000000 0.000000 0.000000 0.000000 0.000000 0.000000 0.000000 0011 947418 0.064413 0.661050 0.184135
0011 965393 0.023162 0.042842 -0.001126 1500 1500 1000 950 11 997131 0.000000 0.000000 0.000000 0.000000 0.000000 0.000000 0.000000 0011 997650 -0.437495 0.661050 0.184598
0012 013336 0.023160 0.042835 -0.001130 1500 1500 1000 950 12 47211 0.000000 0.000000 0.000000 0.000000 0.000000 0.000000 0.000000 0012 047394 -0.939378 0.661050 0.181578
0012 066681 0.023154 0.042819 -0.001158 1500 1500 1000 950 12 97137 0.000000 0.000000 0.000000 0.000000 0.000000 0.000000 0.000000 0012 097351 -0.688440 0.661050 0.182553
0012 114655 0.023173 0.042815 -0.001168 1500 1500 1000 950 12 147217 0.000000 0.000000 0.000000 0.000000 0.000000 0.000000 0.000000 0012 147430 0.315376 0.661050 0.179942
0012 166534 0.023160 0.042809 -0.001157 1500 1500 1000 950 12 197205 0.000000 0.000000 0.000000 0.000000 0.000000 0.000000 0.000000 0012 197449 -0.437495 0.661050 0.177854
0012 213379 0.023158 0.042767 -0.001146 1500 1500 1000 950 12 247223 0.000000 0.000000 0.000000 0.000000 0.000000 0.000000 0.000000 0012 247406 0.064413 0.661050 0.176183
0012 266480 0.023140 0.042775 -0.001140 1500 1500 1000 950 12 297150 0.000000 0.000000 0.000000 0.000000 0.000000 0.000000 0.000000 0012 297394 0.064413 0.678000 0.178236
0012 314514 0.023149 0.042766 -0.001148 1500 1500 1000 950 12 347260 0.000000 0.000000 0.000000 0.000000 0.000000 0.000000 0.000000 0012 347473 1.068300 0.661050 0.179879
0012 366486 0.023152 0.042765 -0.001143 1500 1500 1000 950 12 397369 0.000000 0.000000 0.000000 0.000000 0.000000 0.000000 0.000000 0012 397553 0.566344 0.678000 0.181193
0012 414490 0.023153 0.042773 -0.001151 1500 1500 1000 950 12 447479 0.000000 0.000000 0.000000 0.000000 0.000000 0.000000 0.000000 0012 447754 0.566344 0.661050 0.178855
0012 466461 0.023168 0.042744 -0.001163 1500 1500 1500 1000 12 497559 0.000000 0.000000 0.000000 0.000000 0.000000 0.000000 0.000000 0012 497772 -0.939378 0.661050 0.180374
0012 514496 0.023200 0.042718 -0.001154 1500 1500 1500 1000 12 547607 0.000000 0.000000 0.000000 0.000000 0.000000 0.000000 0.000000 0012 547791 0.064413 0.661050 0.178199
0012 566467 0.023211 0.042729 -0.001158 1500 1500 1500 1000 12 597626 0.000000 0.000000 0.000000 0.000000 0.000000 0.000000 0.000000 0012 597839 -0.186544 0.661050 0.179849
0012 613464 0.023236 0.042726 -0.001166 1500 1500 1500 1000 12 647553 0.000000 0.000000 0.000000 0.000000 0.000000 0.000000 0.000000 0012 647766 -0.939378 0.661050 0.177779
0012 666565 0.023261 0.042739 -0.001164 1500 1500 1500 1000 12 697571 0.000000 0.000000 0.000000 0.000000 0.000000 0.000000 0.000000 0012 697784 -0.437495 0.661050 0.179513
0012 714630 0.023267 0.042778 -0.001179 1500 1500 1500 1000 12 747681 0.000000 0.000000 0.000000 0.000000 0.000000 0.000000 0.000000 0012 747894 0.064413 0.661050 0.180901
0012 766480 0.023271 0.042776 -0.001186 1500 1500 1500 1000 12 797913 0.000000 0.000000 0.000000 0.000000 0.000000 0.000000 0.000000 0012 798187 -0.437495 0.661050 0.182011
0012 813263 0.023256 0.042796 -0.001183 1500 1500 1500 1000 12 847992 0.000000 0.000000 0.000000 0.000000 0.000000 0.000000 0.000000 0012 848267 0.315376 0.661050 0.179508
0012 866486 0.023271 0.042805 -0.001183 1500 1500 1500 1000 12 898102 0.000000 0.000000 0.000000 0.000000 0.000000 0.000000 0.000000 0012 898285 0.064413 0.661050 0.180897
0012 914642 0.023280 0.042827 -0.001198 1500 1500 1500 1000 12 948212 0.000000 0.000000 0.000000 0.000000 0.000000 0.000000 0.000000 0012 948395 0.315376 0.661050 0.182007
0012 966461 0.023303 0.042846 -0.001194 1500 1500 1500 1000 12 998169 0.000000 0.000000 0.000000 0.000000 0.000000 0.000000 0.000000 0012 998383 0.566344 0.661050 0.179506
0013 013336 0.023310 0.042865 -0.001193 1500 1500 1500 1000 13 48248 0.000000 0.000000 0.000000 0.000000 0.000000 0.000000 0.000000 0013 048462 -0.437495 0.661050 0.177505
0013 067078 0.023297 0.042871 -0.001206 1500 1500 1500 1000 13 98297 0.000000 0.000000 0.000000 0.000000 0.000000 0.000000 0.000000 0013 098480 0.315376 0.661050 0.175904
0013 114471 0.023263 0.042876 -0.001186 1500 1500 1500 1000 13 148407 0.000000 0.000000 0.000000 0.000000 0.000000 0.000000 0.000000 0013 148621 0.064413 0.661050 0.174623
0013 165161 0.023268 0.042865 -0.001174 1500 1500 1500 1000 13 198486 0.000000 0.000000 0.000000 0.000000 0.000000 0.000000 0.000000 0013 198669 0.064413 0.661050 0.176988
0013 213379 0.023283 0.042853 -0.001177 1500 1500 1500 1000 13 248474 0.000000 0.000000 0.000000 0.000000 0.000000 0.000000 0.000000 0013 248688 0.315376 0.678000 0.178881
0013 266480 0.023280 0.042861 -0.001183 1500 1500 1500 1000 13 298492 0.000000 0.000000 0.000000 0.000000 0.000000 0.000000 0.000000 0013 298706 -0.437495 0.661050 0.180395
0013 314453 0.023287 0.042857 -0.001183 1500 1500 1500 1000 13 348511 0.000000 0.000000 0.000000 0.000000 0.000000 0.000000 0.000000 0013 348724 0.315376 0.661050 0.181606
0013 365173 0.023303 0.042870 -0.001185 1500 1500 1500 1000 13 398590 0.000000 0.000000 0.000000 0.000000 0.000000 0.000000 0.000000 0013 398773 -0.186544 0.661050 0.182575
0013 413208 0.023314 0.042850 -0.001181 1500 1500 1500 1000 13 448578 0.000000 0.000000 0.000000 0.000000 0.000000 0.000000 0.000000 0013 448761 -0.186544 0.661050 0.183350
0013 467255 0.023328 0.042859 -0.001192 1500 1500 1500 1000 13 498566 0.000000 0.000000 0.000000 0.000000 0.000000 0.000000 0.000000 0013 498749 0.315376 0.661050 0.183970
0013 514465 0.023317 0.042855 -0.001197 1500 1500 1500 1000 13 548615 0.000000 0.000000 0.000000 0.000000 0.000000 0.000000 0.000000 0013 548798 0.315376 0.661050 0.184466
0013 565277 0.023332 0.042860 -0.001199 1500 1500 1500 1000 13 598633 0.000000 0.000000 0.000000 0.000000 0.000000 0.000000 0.000000 0013 598846 0.064413 0.661050 0.181473
0013 614502 0.023339 0.042851 -0.001191 1500 1500 1500 1000 13 648682 0.000000 0.000000 0.000000 0.000000 0.000000 0.000000 0.000000 0013 648865 0.817319 0.661050 0.182468
0013 666962 0.023310 0.042840 -0.001218 1500 1500 1500 1000 13 698608 0.000000 0.000000 0.000000 0.000000 0.000000 0.000000 0.000000 0013 698792 0.315376 0.661050 0.179874
0013 714539 0.023272 0.042824 -0.001214 1500 1500 1500 1000 13 748596 0.000000 0.000000 0.000000 0.000000 0.000000 0.000000 0.000000 0013 748810 1.068300 0.661050 0.177800
0013 766357 0.023279 0.042839 -0.001220 1500 1500 1500 1000 13 798706 0.000000 0.000000 0.000000 0.000000 0.000000 0.000000 0.000000 0013 798920 1.068300 0.661050 0.179530
0013 814545 0.023276 0.042855 -0.001230 1500 1500 1500 1000 13 848724 0.000000 0.000000 0.000000 0.000000 0.000000 0.000000 0.000000 0013 848908 0.817319 0.661050 0.180914
0013 866486 0.023273 0.042849 -0.001243 1500 1500 1500 1000 13 898804 0.000000 0.000000 0.000000 0.000000 0.000000 0.000000 0.000000 0013 899200 0.064413 0.661050 0.178631
0013 914459 0.023247 0.042854 -0.001246 1500 1500 1500 1000 13 948792 0.000000 0.000000 0.000000 0.000000 0.000000 0.000000 0.000000 0013 949005 -0.437495 0.661050 0.176805
0013 966461 0.023247 0.042886 -0.001250 1500 1500 1500 1000 13 998932 0.000000 0.000000 0.000000 0.000000 0.000000 0.000000 0.000000 0013 999207 0.315376 0.661050 0.178734
0014 014435 0.023259 0.042857 -0.001248 1500 1500 1500 1000 14 48950 0.000000 0.000000 0.000000 0.000000 0.000000 0.000000 0.000000 0014 049316 -0.437495 0.661050 0.180277
0014 066528 0.023292 0.042851 -0.001257 1500 1500 1500 1000 14 98969 0.000000 0.000000 0.000000 0.000000 0.000000 0.000000 0.000000 0014 099243 0.315376 0.661050 0.181512
0014 114410 0.023300 0.042850 -0.001281 1500 1500 1500 1000 14 148987 0.000000 0.000000 0.000000 0.000000 0.000000 0.000000 0.000000 0014 149262 0.817319 0.661050 0.179109
0014 166565 0.023294 0.042857 -0.001290 1500 1500 1500 1000 14 198975 0.000000 0.000000 0.000000 0.000000 0.000000 0.000000 0.000000 0014 199219 1.068300 0.661050 0.177187
0014 213165 0.023295 0.042860 -0.001293 1500 1500 1500 1000 14 248901 0.000000 0.000000 0.000000 0.000000 0.000000 0.000000 0.000000 0014 249176 -0.186544 0.661050 0.179040
0014 266327 0.023285 0.042886 -0.001289 1500 1500 1500 1000 14 298859 0.000000 0.000000 0.000000 0.000000 0.000000 0.000000 0.000000 0014 299225 0.064413 0.661050 0.180522
0014 314423 0.023300 0.042890 -0.001283 1500 1500 1500 1000 14 348846 0.000000 0.000000 0.000000 0.000000 0.000000 0.000000 0.000000 0014 349365 0.064413 0.661050 0.178318
0014 366455 0.023296 0.042896 -0.001292 1500 1500 1500 1000 14 398956 0.000000 0.000000 0.000000 0.000000 0.000000 0.000000 0.000000 0014 399231 0.566344 0.661050 0.179944
0014 414459 0.023326 0.042908 -0.001283 1500 1500 1500 1000 14 449127 0.000000 0.000000 0.000000 0.000000 0.000000 0.000000 0.000000 0014 449341 0.817319 0.661050 0.181245
0014 466461 0.023338 0.042895 -0.001282 1500 1500 1500 1000 14 499237 0.000000 0.000000 0.000000 0.000000 0.000000 0.000000 0.000000 0014 499420 -1.190311 0.661050 0.182286
0014 514465 0.023346 0.042887 -0.001291 1500 1500 1500 1000 14 549255 0.000000 0.000000 0.000000 0.000000 0.000000 0.000000 0.000000 0014 549469 0.064413 0.661050 0.183119
0014 565277 0.023349 0.042874 -0.001307 1500 1500 1500 1000 14 599335 0.000000 0.000000 0.000000 0.000000 0.000000 0.000000 0.000000 0014 599548 -1.190311 0.661050 0.180395
0014 614441 0.023345 0.042868 -0.001307 1500 1500 1500 1000 14 649262 0.000000 0.000000 0.000000 0.000000 0.000000 0.000000 0.000000 0014 649445 0.315376 0.661050 0.181606
0014 666931 0.023380 0.042876 -0.001314 1500 1500 1500 1000 14 699341 0.000000 0.000000 0.000000 0.000000 0.000000 0.000000 0.000000 0014 699524 0.817319 0.661050 0.182575
0014 714447 0.023374 0.042883 -0.001344 1500 1500 1500 1000 14 749390 0.000000 0.000000 0.000000 0.000000 0.000000 0.000000 0.000000 0014 749603 0.064413 0.661050 0.179960
0014 765167 0.023373 0.042895 -0.001358 1500 1500 1500 1000 14 799500 0.000000 0.000000 0.000000 0.000000 0.000000 0.000000 0.000000 0014 799713 0.817319 0.661050 0.177868
0014 812988 0.023317 0.042862 -0.001356 1500 1500 1500 1000 14 849518 0.000000 0.000000 0.000000 0.000000 0.000000 0.000000 0.000000 0014 849731 1.319287 0.661050 0.176194
0014 866974 0.023312 0.042885 -0.001375 1500 1500 1500 1000 14 899628 0.000000 0.000000 0.000000 0.000000 0.000000 0.000000 0.000000 0014 899811 -0.186544 0.661050 0.174855
0014 914368 0.023317 0.042875 -0.001375 1500 1500 1500 1000 14 949677 0.000000 0.000000 0.000000 0.000000 0.000000 0.000000 0.000000 0014 949890 0.064413 0.661050 0.177174
0014 966400 0.023304 0.042842 -0.001393 1500 1500 1500 1000 14 999725 0.000000 0.000000 0.000000 0.000000 0.000000 0.000000 0.000000 0014 999908 0.817319 0.661050 0.179030
0015 012939 0.023327 0.042849 -0.001382 1500 1500 1500 1000 15 49622 0.000000 0.000000 0.000000 0.000000 0.000000 0.000000 0.000000 0015 049835 0.064413 0.661050 0.180514
0015 066864 0.023327 0.042833 -0.001393 1500 1500 1500 1000 15 99670 0.000000 0.000000 0.000000 0.000000 0.000000 0.000000 0.000000 0015 099884 0.566344 0.661050 0.178311
0015 114380 0.023328 0.042817 -0.001392 1500 1500 1500 1000 15 149719 0.000000 0.000000 0.000000 0.000000 0.000000 0.000000 0.000000 0015 149933 0.566344 0.661050 0.176549
0015 166473 0.023304 0.042821 -0.001393 1500 1500 1500 1000 15 199768 0.000000 0.000000 0.000000 0.000000 0.000000 0.000000 0.000000 0015 199951 -0.186544 0.661050 0.178529
0015 212982 0.023327 0.042838 -0.001413 1500 1500 1500 1000 15 249756 0.000000 0.000000 0.000000 0.000000 0.000000 0.000000 0.000000 0015 249970 0.064413 0.661050 0.180113
0015 266357 0.023338 0.042824 -0.001439 1500 1500 1500 1000 15 299805 0.000000 0.000000 0.000000 0.000000 0.000000 0.000000 0.000000 0015 300079 -0.437495 0.661050 0.181381
0015 314362 0.023336 0.042830 -0.001436 1500 1500 1500 1000 15 349762 0.000000 0.000000 0.000000 0.000000 0.000000 0.000000 0.000000 0015 349945 0.566344 0.661050 0.179004
0015 366333 0.023329 0.042814 -0.001438 1500 1500 1500 1000 15 399841 0.000000 0.000000 0.000000 0.000000 0.000000 0.000000 0.000000 0015 400116 0.064413 0.661050 0.180494
0015 412964 0.023326 0.042839 -0.001432 1500 1500 1500 1000 15 449890 0.000000 0.000000 0.000000 0.000000 0.000000 0.000000 0.000000 0015 450256 0.064413 0.661050 0.178295
0015 466339 0.023352 0.042828 -0.001430 1500 1500 1500 1000 15 499939 0.000000 0.000000 0.000000 0.000000 0.000000 0.000000 0.000000 0015 500214 0.064413 0.661050 0.179926
0015 514313 0.023349 0.042822 -0.001452 1500 1500 1500 1000 15 550049 0.000000 0.000000 0.000000 0.000000 0.000000 0.000000 0.000000 0015 550262 0.064413 0.661050 0.177841
0015 566437 0.023345 0.042816 -0.001453 1500 1500 1500 1000 15 600067 0.000000 0.000000 0.000000 0.000000 0.000000 0.000000 0.000000 0015 600250 0.315376 0.661050 0.176173
0015 612885 0.023335 0.042797 -0.001456 1500 1500 1500 1000 15 650055 0.000000 0.000000 0.000000 0.000000 0.000000 0.000000 0.000000 0015 650238 0.817319 0.678000 0.178228
0015 666779 0.023322 0.042780 -0.001453 1500 1500 1500 1000 15 700165 0.000000 0.000000 0.000000 0.000000 0.000000 0.000000 0.000000 0015 700623 -0.186544 0.661050 0.176482
0015 714447 0.023326 0.042754 -0.001453 1500 1500 1500 1000 15 750092 0.000000 0.000000 0.000000 0.000000 0.000000 0.000000 0.000000 0015 750275 1.068300 0.678000 0.178476
0015 766296 0.023325 0.042766 -0.001458 1500 1500 1500 1000 15 800079 0.000000 0.000000 0.000000 0.000000 0.000000 0.000000 0.000000 0015 800262 0.817319 0.661050 0.180071
0015 812988 0.023326 0.042763 -0.001470 1500 1500 1500 1000 15 850128 0.000000 0.000000 0.000000 0.000000 0.000000 0.000000 0.000000 0015 850342 0.315376 0.661050 0.181347
0015 866303 0.023328 0.042763 -0.001483 1500 1500 1500 1000 15 900147 0.000000 0.000000 0.000000 0.000000 0.000000 0.000000 0.000000 0015 900360 -0.688440 0.661050 0.182367
0015 914520 0.023321 0.042777 -0.001494 1500 1500 1500 1000 15 950256 0.000000 0.000000 0.000000 0.000000 0.000000 0.000000 0.000000 0015 950470 0.566344 0.661050 0.183184
0015 965118 0.023334 0.042790 -0.001472 1500 1500 1500 1000 16 336 0.000000 0.000000 0.000000 0.000000 0.000000 0.000000 0.000000 0016 000549 1.068300 0.661050 0.183837
0016 014496 0.023339 0.042765 -0.001482 1500 1500 1500 1000 16 50476 0.000000 0.000000 0.000000 0.000000 0.000000 0.000000 0.000000 0016 050659 0.064413 0.661050 0.184360
0016 066773 0.023342 0.042763 -0.001491 1500 1500 1500 1000 16 100525 0.000000 0.000000 0.000000 0.000000 0.000000 0.000000 0.000000 0016 100708 -0.688440 0.678000 0.184778
0016 114502 0.023350 0.042751 -0.001491 1500 1500 1500 1000 16 150635 0.000000 0.000000 0.000000 0.000000 0.000000 0.000000 0.000000 0016 150971 -0.437495 0.661050 0.185112
0016 166321 0.023316 0.042745 -0.001493 1500 1500 1500 1000 16 200592 0.000000 0.000000 0.000000 0.000000 0.000000 0.000000 0.000000 0016 200775 0.817319 0.661050 0.181990
0016 214417 0.023308 0.042740 -0.001473 1500 1500 1500 1000 16 250702 0.000000 0.000000 0.000000 0.000000 0.000000 0.000000 0.000000 0016 250977 0.064413 0.661050 0.182882
0016 266296 0.023302 0.042734 -0.001489 1500 1500 1500 1000 16 300629 0.000000 0.000000 0.000000 0.000000 0.000000 0.000000 0.000000 0016 300812 0.817319 0.661050 0.183595
0016 314209 0.023316 0.042722 -0.001494 1500 1500 1500 1000 16 350708 0.000000 0.000000 0.000000 0.000000 0.000000 0.000000 0.000000 0016 350983 0.817319 0.661050 0.184166
0016 366272 0.023304 0.042736 -0.001514 1500 1500 1500 1000 16 400818 0.000000 0.000000 0.000000 0.000000 0.000000 0.000000 0.000000 0016 401062 0.566344 0.661050 0.181233
0016 412994 0.023309 0.042731 -0.001534 1500 1500 1500 1000 16 450806 0.000000 0.000000 0.000000 0.000000 0.000000 0.000000 0.000000 0016 451080 -0.186544 0.661050 0.182276
0016 466248 0.023314 0.042772 -0.001539 1500 1500 1500 1000 16 500977 0.000000 0.000000 0.000000 0.000000 0.000000 0.000000 0.000000 0016 501160 0.064413 0.661050 0.183111
0016 514252 0.023314 0.042775 -0.001537 1500 1500 1500 1000 16 550964 0.000000 0.000000 0.000000 0.000000 0.000000 0.000000 0.000000 0016 551178 0.064413 0.661050 0.180389
0016 566315 0.023302 0.042747 -0.001562 1500 1500 1500 1000 16 601044 0.000000 0.000000 0.000000 0.000000 0.000000 0.000000 0.000000 0016 601257 1.068300 0.661050 0.181601
0016 613220 0.023308 0.042759 -0.001566 1500 1500 1500 1000 16 651062 0.000000 0.000000 0.000000 0.000000 0.000000 0.000000 0.000000 0016 651245 0.315376 0.661050 0.179181
0016 666260 0.023341 0.042766 -0.001572 1500 1500 1500 1000 16 701050 0.000000 0.000000 0.000000 0.000000 0.000000 0.000000 0.000000 0016 701263 0.315376 0.661050 0.180635
0016 714294 0.023334 0.042764 -0.001566 1500 1500 1500 1000 16 751007 0.000000 0.000000 0.000000 0.000000 0.000000 0.000000 0.000000 0016 751190 0.315376 0.661050 0.181798
0016 766296 0.023352 0.042774 -0.001572 1500 1500 1500 1000 16 801025 0.000000 0.000000 0.000000 0.000000 0.000000 0.000000 0.000000 0016 801239 0.064413 0.661050 0.182728
0016 812836 0.023350 0.042752 -0.001571 1500 1500 1500 1000 16 851013 0.000000 0.000000 0.000000 0.000000 0.000000 0.000000 0.000000 0016 851227 0.315376 0.661050 0.180083
0016 866699 0.023345 0.042771 -0.001562 1500 1500 1500 1000 16 901062 0.000000 0.000000 0.000000 0.000000 0.000000 0.000000 0.000000 0016 901245 0.064413 0.661050 0.181356
0016 914276 0.023335 0.042794 -0.001558 1500 1500 1500 1000 16 951050 0.000000 0.000000 0.000000 0.000000 0.000000 0.000000 0.000000 0016 951233 0.064413 0.661050 0.182375
0016 966217 0.023324 0.042803 -0.001575 1500 1500 1500 1000 17 1038 0.000000 0.000000 0.000000 0.000000 0.000000 0.000000 0.000000 0017 001221 0.064413 0.661050 0.183190
0017 014282 0.023318 0.042802 -0.001576 1500 1500 1500 1000 17 50995 0.000000 0.000000 0.000000 0.000000 0.000000 0.000000 0.000000 0017 051209 0.566344 0.661050 0.180452
0017 066223 0.023329 0.042787 -0.001584 1500 1500 1500 1000 17 101044 0.000000 0.000000 0.000000 0.000000 0.000000 0.000000 0.000000 0017 101349 0.064413 0.661050 0.178262
0017 114197 0.023326 0.042778 -0.001578 1500 1500 1500 1000 17 150971 0.000000 0.000000 0.000000 0.000000 0.000000 0.000000 0.000000 0017 151184 0.315376 0.661050 0.176509
0017 164825 0.023298 0.042757 -0.001586 1500 1500 1500 1000 17 201050 0.000000 0.000000 0.000000 0.000000 0.000000 0.000000 0.000000 0017 201263 0.566344 0.661050 0.178497
0017 212769 0.023301 0.042751 -0.001580 1500 1500 1500 1000 17 251190 0.000000 0.000000 0.000000 0.000000 0.000000 0.000000 0.000000 0017 251404 0.566344 0.661050 0.180088
0017 266174 0.023299 0.042737 -0.001606 1500 1500 1500 1000 17 301117 0.000000 0.000000 0.000000 0.000000 0.000000 0.000000 0.000000 0017 301300 1.319287 0.661050 0.177970
0017 314148 0.023301 0.042725 -0.001622 1500 1500 1500 1000 17 351044 0.000000 0.000000 0.000000 0.000000 0.000000 0.000000 0.000000 0017 351257 0.064413 0.678000 0.179666
0017 364777 0.023307 0.042724 -0.001625 1500 1500 1500 1000 17 401062 0.000000 0.000000 0.000000 0.000000 0.000000 0.000000 0.000000 0017 401245 -0.688440 0.661050 0.177633
0017 412781 0.023321 0.042728 -0.001635 1500 1500 1500 1000 17 450958 0.000000 0.000000 0.000000 0.000000 0.000000 0.000000 0.000000 0017 451172 0.064413 0.678000 0.179396
0017 466156 0.023325 0.042753 -0.001645 1500 1500 1500 1000 17 501099 0.000000 0.000000 0.000000 0.000000 0.000000 0.000000 0.000000 0017 501282 -0.437495 0.661050 0.180807
0017 514130 0.023339 0.042776 -0.001643 1500 1500 1500 1000 17 551025 0.000000 0.000000 0.000000 0.000000 0.000000 0.000000 0.000000 0017 551453 0.817319 0.661050 0.181936
0017 565033 0.023363 0.042767 -0.001640 1500 1500 1500 1000 17 601105 0.000000 0.000000 0.000000 0.000000 0.000000 0.000000 0.000000 0017 601318 0.566344 0.661050 0.179449
0017 612946 0.023341 0.042775 -0.001630 1500 1500 1500 1000 17 651123 0.000000 0.000000 0.000000 0.000000 0.000000 0.000000 0.000000 0017 651337 0.566344 0.678000 0.180849
0017 666718 0.023322 0.042802 -0.001656 1500 1500 1500 1000 17 701233 0.000000 0.000000 0.000000 0.000000 0.000000 0.000000 0.000000 0017 701447 -0.186544 0.661050 0.181969
0017 714203 0.023307 0.042777 -0.001654 1500 1500 1500 1000 17 751343 0.000000 0.000000 0.000000 0.000000 0.000000 0.000000 0.000000 0017 751526 1.068300 0.661050 0.182865
0017 764832 0.023287 0.042791 -0.001622 1500 1500 1500 1000 17 801392 0.000000 0.000000 0.000000 0.000000 0.000000 0.000000 0.000000 0017 801575 -0.437495 0.661050 0.180192
0017 814301 0.023283 0.042789 -0.001636 1500 1500 1500 1000 17 851379 0.000000 0.000000 0.000000 0.000000 0.000000 0.000000 0.000000 0017 851563 0.064413 0.661050 0.181444
0017 866211 0.023272 0.042795 -0.001620 1500 1500 1500 1000 17 901428 0.000000 0.000000 0.000000 0.000000 0.000000 0.000000 0.000000 0017 901642 0.315376 0.661050 0.179055
0017 914124 0.023258 0.042801 -0.001638 1500 1500 1500 1000 17 951538 0.000000 0.000000 0.000000 0.000000 0.000000 0.000000 0.000000 0017 951721 0.315376 0.661050 0.180534
0017 965088 0.023238 0.042800 -0.001634 1500 1500 1500 1000 18 1587 0.000000 0.000000 0.000000 0.000000 0.000000 0.000000 0.000000 0018 001770 0.315376 0.661050 0.178327
0018 014252 0.023258 0.042803 -0.001631 1500 1500 1500 1000 18 51544 0.000000 0.000000 0.000000 0.000000 0.000000 0.000000 0.000000 0018 051758 -1.190311 0.661050 0.179952
0018 066071 0.023267 0.042807 -0.001638 1500 1500 1500 1000 18 101563 0.000000 0.000000 0.000000 0.000000 0.000000 0.000000 0.000000 0018 101776 0.566344 0.661050 0.177861
0018 114105 0.023275 0.042796 -0.001637 1500 1500 1500 1000 18 151611 0.000000 0.000000 0.000000 0.000000 0.000000 0.000000 0.000000 0018 151794 0.064413 0.661050 0.179579
0018 166138 0.023272 0.042783 -0.001648 1500 1500 1500 1000 18 201630 0.000000 0.000000 0.000000 0.000000 0.000000 0.000000 0.000000 0018 201843 -1.441238 0.678000 0.180953
0018 214233 0.023314 0.042826 -0.001662 1500 1500 1500 1000 18 251648 0.000000 0.000000 0.000000 0.000000 0.000000 0.000000 0.000000 0018 251923 -0.939378 0.661050 0.178663
0018 266693 0.023348 0.042798 -0.001658 1500 1500 1500 1000 18 301605 0.000000 0.000000 0.000000 0.000000 0.000000 0.000000 0.000000 0018 301788 0.817319 0.661050 0.180220
0018 314148 0.023389 0.042800 -0.001651 1500 1500 1500 1000 18 351624 0.000000 0.000000 0.000000 0.000000 0.000000 0.000000 0.000000 0018 351807 -0.437495 0.661050 0.181466
0018 366180 0.023379 0.042803 -0.001675 1500 1500 1500 1000 18 401611 0.000000 0.000000 0.000000 0.000000 0.000000 0.000000 0.000000 0018 401794 0.064413 0.661050 0.179073
0018 414154 0.023417 0.042797 -0.001679 1500 1500 1500 1000 18 451630 0.000000 0.000000 0.000000 0.000000 0.000000 0.000000 0.000000 0018 451813 0.566344 0.661050 0.177158
0018 466675 0.023388 0.042789 -0.001685 1500 1500 1500 1000 18 501679 0.000000 0.000000 0.000000 0.000000 0.000000 0.000000 0.000000 0018 501953 -0.437495 0.678000 0.179017
0018 514130 0.023400 0.042771 -0.001686 1500 1500 1500 1000 18 551636 0.000000 0.000000 0.000000 0.000000 0.000000 0.000000 0.000000 0018 551819 0.064413 0.661050 0.180503
0018 566193 0.023381 0.042778 -0.001711 1500 1500 1500 1000 18 601654 0.000000 0.000000 0.000000 0.000000 0.000000 0.000000 0.000000 0018 601929 0.566344 0.661050 0.178303
0018 614136 0.023382 0.042789 -0.001704 1500 1500 1500 1857 18 651520 0.000000 0.000000 0.000000 0.000000 0.000000 0.050000 37.040211 0018 651703 -0.688440 0.661050 0.179932
0018 666199 0.023391 0.042797 -0.001721 1500 1500 1500 1892 18 701538 0.001388 0.000002 0.000000 0.000000 0.000000 0.100000 39.038403 0018 701752 0.064413 0.661050 0.177846
0018 714081 0.023415 0.042810 -0.001716 1500 1500 1500 1915 18 751617 0.001388 0.000002 0.000000 0.000000 0.000000 0.150000 40.380024 0018 751801 -0.437495 0.661050 0.179567
0018 766144 0.023413 0.042828 -0.001742 1500 1500 1500 1929 18 801605 0.005063 0.000009 0.000000 0.000000 0.000000 0.200000 41.200317 0018 801849 0.064413 0.661050 0.187723
0018 812714 0.023427 0.042771 -0.002369 1500 1500 1500 1943 18 851593 0.005063 0.000009 0.000000 0.000000 0.000000 0.250000 41.990467 0018 851868 0.566344 0.678000 0.187469
0018 866638 0.023454 0.042949 -0.003301 1500 1500 1500 1953 18 901581 0.010989 0.000021 0.000000 0.000000 0.000000 0.300000 42.571995 0018 901764 -0.186544 0.678000 0.187265
0018 914093 0.023430 0.043149 -0.002742 1500 1500 1500 1958 18 951569 0.010989 0.000021 0.000000 0.000000 0.000000 0.350000 42.853611 0018 951782 0.566344 0.728850 0.193882
0018 964752 0.023521 0.042876 -0.006807 1500 1500 1500 1965 19 1526 0.019133 0.000046 0.000000 0.000000 0.000000 0.400000 43.227759 0019 001770 -1.441238 0.423750 0.193882
0019 012695 0.018672 0.039170 -0.016734 1500 1500 1500 1973 19 51636 0.019133 0.000046 0.000000 0.000000 0.000000 0.450000 43.708451 0019 051819 0.064413 0.644100 0.185616
0019 066162 0.004350 0.019769 -0.022912 1500 1500 1500 1979 19 101685 0.029458 0.000108 0.000000 0.000000 0.000000 0.500000 44.042975 0019 101929 -0.437495 0.644100 0.179002
0019 114075 -0.001201 -0.005497 -0.018287 1500 1500 1500 1982 19 151794 0.029458 0.000108 0.000000 0.000000 0.000000 0.550000 44.204945 0019 151978 1.068300 0.661050 0.177102
0019 166107 0.000393 -0.018473 -0.011379 1500 1500 1500 1984 19 201843 0.041932 0.000207 0.000000 0.000000 0.000000 0.600000 44.342466 0019 202026 -0.437495 0.661050 0.175582
0019 212830 0.000543 -0.009529 -0.006420 1500 1500 1500 1986 19 251984 0.041932 0.000207 0.000000 0.000000 0.000000 0.650000 44.464761 0019 252197 0.315376 0.644100 0.174365
0019 266602 -0.003955 -0.009713 -0.003532 1500 1500 1500 1988 19 301941 0.056522 0.000319 0.000000 0.000000 0.000000 0.700000 44.577977 0019 302155 0.566344 0.644100 0.173392
0019 314087 -0.010415 -0.016171 0.003694 1500 1500 1500 1993 19 351990 0.056522 0.000319 0.000000 0.000000 0.000000 0.750000 44.840621 0019 352203 -0.437495 0.610200 0.165834
0019 366119 -0.016707 -0.020434 0.014009 1500 1500 1500 1991 19 401947 0.073194 0.000413 0.000000 0.000000 0.000000 0.800000 44.718761 0019 402130 -0.437495 0.678000 0.173347
0019 414124 -0.024460 -0.032516 0.022514 1500 1500 1500 1993 19 452087 0.073194 0.000413 0.000000 0.000000 0.000000 0.850000 44.851322 0019 452271 -0.437495 0.661050 0.172578
0019 466492 -0.036219 -0.038914 0.027972 1500 1500 1500 1996 19 502106 0.091916 0.000454 0.000000 0.000000 0.000000 0.900000 45.052186 0019 502411 -0.186544 0.627150 0.168572
0019 514038 -0.054197 -0.042820 0.030736 1500 1500 1500 1998 19 552155 0.091916 0.000454 0.000000 0.000000 0.000000 0.950000 45.133940 0019 552368 -0.437495 0.678000 0.168758
0019 566071 -0.069232 -0.057224 0.031683 1500 1500 1500 2001 19 602234 0.112656 0.000425 0.000000 0.000000 0.000000 1.000000 45.303788 0019 602448 -0.437495 0.644100 0.165516
0019 612640 -0.082675 -0.079082 0.031123 1500 1500 1500 1982 19 652252 0.112656 0.000425 0.000000 0.000000 0.000000 1.000000 44.228638 0019 652435 -0.437495 0.678000 0.166313
0019 666626 -0.093975 -0.096703 0.028060 1500 1500 1500 1968 19 702362 0.135383 0.000328 0.000000 0.000000 0.000000 1.000000 43.408035 0019 702545 -0.437495 0.728850 0.170340
0019 714020 -0.094227 -0.100534 0.020383 1500 1500 1500 1958 19 752380 0.135383 0.000328 0.000000 0.000000 0.000000 1.000000 42.855649 0019 752594 0.315376 0.661050 0.173562
0019 766113 -0.088865 -0.098349 0.011156 1500 1500 1500 1954 19 802490 0.160067 0.000191 0.000000 0.000000 0.000000 1.000000 42.642227 0019 802795 -0.437495 0.661050 0.169360
0019 813995 -0.080649 -0.104537 0.003983 1500 1500 1500 1952 19 852509 0.160067 0.000191 0.000000 0.000000 0.000000 1.000000 42.482137 0019 852844 0.064413 0.627150 0.165998
0019 866058 -0.067670 -0.111334 -0.001237 1500 1500 1500 1942 19 902557 0.186678 0.000048 0.000000 0.000000 0.000000 1.000000 41.948419 0019 903076 -0.186544 0.678000 0.181497
0019 914063 -0.050977 -0.107267 -0.004659 1500 1500 1500 1940 19 952576 0.186678 0.000048 0.000000 0.000000 0.000000 1.000000 41.825015 0019 958160 0.566344 0.711900 0.185877
0019 966003 -0.043269 -0.099407 -0.007743 1500 1500 1500 1936 20 2625 0.215185 -0.000081 0.000000 0.000000 0.000000 1.000000 41.607483 0020 008026 0.566344 0.694950 0.196162
0020 014038 -0.040800 -0.088716 -0.010090 1500 1500 1500 1936 20 52612 0.215185 -0.000081 0.000000 0.000000 0.000000 1.000000 41.579126 0020 057983 0.315376 0.711900 0.200999
0020 066498 -0.039085 -0.072696 -0.011995 1500 1500 1500 1935 20 102661 0.245560 -0.000184 0.000000 0.000000 0.000000 1.000000 41.507044 0020 108307 -0.186544 0.661050 0.208260
0020 114258 -0.040317 -0.059361 -0.013658 1500 1500 1500 1937 20 152802 0.245560 -0.000184 0.000000 0.000000 0.000000 1.000000 41.645596 0020 153015 0.315376 0.627150 0.207288
0020 165985 -0.047073 -0.054162 -0.016005 1500 1500 1500 1935 20 202881 0.277774 -0.000253 0.000000 0.000000 0.000000 1.000000 41.512748 0020 203064 0.315376 0.661050 0.216680
0020 214020 -0.053120 -0.049079 -0.018373 1500 1500 1500 1934 20 252899 0.277774 -0.000253 0.000000 0.000000 0.000000 1.000000 41.462726 0020 253113 0.817319 0.627150 0.224194
0020 266449 -0.056536 -0.047881 -0.020343 1500 1500 1500 1939 20 302887 0.311798 -0.000277 0.000000 0.000000 0.000000 1.000000 41.772040 0020 303101 -0.437495 0.457650 0.216645
0020 313934 -0.057047 -0.053129 -0.021738 1500 1500 1500 1940 20 352875 0.311798 -0.000277 0.000000 0.000000 0.000000 1.000000 41.826589 0020 353058 0.064413 0.661050 0.216645
0020 366089 -0.053736 -0.062908 -0.022558 1500 1500 1500 1941 20 402893 0.347603 -0.000251 0.000000 0.000000 0.000000 1.000000 41.870379 0020 403107 0.566344 0.678000 0.216645
0020 412567 -0.045978 -0.067877 -0.022913 1500 1500 1500 1942 20 452881 0.347603 -0.000251 0.000000 0.000000 0.000000 1.000000 41.906633 0020 453064 0.064413 0.678000 0.216645
0020 466461 -0.038005 -0.068032 -0.023963 1500 1500 1500 1942 20 502899 0.385163 -0.000171 0.000000 0.000000 0.000000 1.000000 41.937606 0020 503113 0.566344 0.678000 0.216645
0020 513977 -0.032828 -0.065945 -0.024821 1500 1500 1500 1943 20 552887 0.385163 -0.000171 0.000000 0.000000 0.000000 1.000000 41.964876 0020 553101 0.817319 0.728850 0.216645
0020 564606 -0.029121 -0.064041 -0.026106 1500 1500 1500 1943 20 602905 0.424451 -0.000035 0.000000 0.000000 0.000000 1.000000 41.989549 0020 603119 1.570280 0.644100 0.216645
0020 613007 -0.023137 -0.058232 -0.028042 1500 1500 1500 1943 20 652863 0.424451 -0.000035 0.000000 0.000000 0.000000 1.000000 42.012399 0020 653076 0.315376 0.661050 0.216645
0020 666565 -0.017842 -0.052978 -0.030184 1500 1500 1500 1944 20 702820 0.465438 0.000166 0.000000 0.000000 0.000000 1.000000 42.033966 0020 703033 0.064413 0.644100 0.216645
0020 714294 -0.016007 -0.048529 -0.032448 1500 1500 1500 1944 20 752899 0.465438 0.000166 0.000000 0.000000 0.000000 1.000000 42.054630 0020 753082 0.566344 0.661050 0.216645
0020 766571 -0.015398 -0.045520 -0.034349 1500 1500 1500 1945 20 803070 0.508098 0.000439 0.000000 0.000000 0.000000 1.000000 42.074657 0020 803284 0.315376 0.644100 0.216645
0020 812592 -0.014421 -0.042385 -0.036072 1500 1500 1500 1945 20 853149 0.508098 0.000439 0.000000 0.000000 0.000000 1.000000 42.094231 0020 853333 -0.186544 0.678000 0.216645
0020 865967 -0.013093 -0.044602 -0.037916 1500 1500 1500 1945 20 903168 0.552407 0.000791 0.000000 0.000000 0.000000 1.000000 42.113484 0020 903351 1.068300 0.644100 0.216645
0020 914032 -0.012361 -0.045607 -0.040376 1500 1500 1500 1946 20 953064 0.552407 0.000791 0.000000 0.000000 0.000000 1.000000 42.132506 0020 953278 0.817319 0.661050 0.216645
0020 964600 -0.012135 -0.048127 -0.043363 1500 1500 1500 1946 21 3143 0.598336 0.001234 0.000000 0.000000 0.000000 1.000000 42.151360 0021 003326 0.315376 0.678000 0.216645
0021 014099 -0.014842 -0.051747 -0.046762 1500 1500 1500 1946 21 53131 0.598336 0.001234 0.000000 0.000000 0.000000 1.000000 42.170092 0021 053558 0.315376 0.661050 0.216645
0021 066467 -0.020429 -0.060660 -0.050514 1500 1500 1500 1947 21 103241 0.645862 0.001779 0.000000 0.000000 0.000000 1.000000 42.188733 0021 103424 0.315376 0.644100 0.216645
0021 113983 -0.022851 -0.072869 -0.054248 1500 1500 1500 1947 21 153290 0.645862 0.001779 0.000000 0.000000 0.000000 1.000000 42.207304 0021 153473 -0.186544 0.678000 0.216645
0021 164581 -0.020697 -0.083132 -0.059074 1500 1500 1500 1947 21 203400 0.694957 0.002445 0.000000 0.000000 0.000000 1.000000 42.225821 0021 203583 0.315376 0.762750 0.216645
0021 212647 -0.018359 -0.086451 -0.064993 1500 1500 1500 1948 21 253326 0.694957 0.002445 0.000000 0.000000 0.000000 1.000000 42.244295 0021 253571 1.402951 0.661050 0.216645
0021 265900 -0.019618 -0.085468 -0.071492 1500 1500 1500 1948 21 303345 0.745597 0.003254 0.000000 0.000000 0.000000 1.000000 42.262733 0021 303528 0.064413 0.661050 0.216645
0021 313934 -0.022212 -0.081362 -0.078403 1500 1500 1500 1948 21 353302 0.745597 0.003254 0.000000 0.000000 0.000000 1.000000 42.281140 0021 353485 1.402951 0.661050 0.216645
0021 365936 -0.025091 -0.071982 -0.087151 1500 1500 1500 1948 21 403320 0.797755 0.004237 0.000000 0.000000 0.000000 1.000000 42.299520 0021 403503 0.566344 0.711900 0.216645
0021 413940 -0.026118 -0.061524 -0.097254 1500 1500 1500 1949 21 453400 0.797755 0.004237 0.000000 0.000000 0.000000 1.000000 42.317876 0021 453613 0.817319 0.678000 0.216645
0021 465973 -0.022391 -0.049914 -0.108846 1500 1500 1500 1949 21 503418 0.851403 0.005435 0.000000 0.000000 0.000000 1.000000 42.336209 0021 503601 0.315376 0.457650 0.216645
0021 513977 -0.017470 -0.039612 -0.119527 1500 1500 1500 1949 21 553467 0.851403 0.005435 0.000000 0.000000 0.000000 1.000000 42.354521 0021 553833 0.315376 0.711900 0.216645
0021 564545 -0.011720 -0.031228 -0.131353 1500 1500 1500 1950 21 603516 0.906513 0.006897 0.000000 0.000000 0.000000 1.000000 42.372813 0021 603851 0.817319 0.661050 0.216645
0021 614105 -0.009947 -0.028192 -0.143975 1500 1500 1500 1950 21 653564 0.906513 0.006897 0.000000 0.000000 0.000000 1.000000 42.391085 0021 653839 1.319287 0.661050 0.216645
0021 666016 -0.014231 -0.023128 -0.157906 1500 1500 1500 1950 21 703583 0.963054 0.008675 0.000000 0.000000 0.000000 1.000000 42.409337 0021 703857 -0.186544 0.610200 0.216645
0021 713989 -0.024880 -0.018070 -0.172619 1500 1500 1500 1951 21 753632 0.963054 0.008675 0.000000 0.000000 0.000000 1.000000 42.427571 0021 753906 0.817319 0.559350 0.216645
0021 766052 -0.033972 -0.015624 -0.187946 1500 1500 1500 1951 21 803619 1.020994 0.010829 0.000000 0.000000 0.000000 1.000000 42.445786 0021 803894 0.566344 0.559350 0.216645
0021 813965 -0.036715 -0.013888 -0.202914 1500 1500 1500 1951 21 853760 1.020994 0.010829 0.000000 0.000000 0.000000 1.000000 42.463983 0021 854034 1.402951 0.508500 0.216645
0021 866333 -0.042711 -0.016739 -0.217045 1500 1500 1500 1952 21 903748 1.080298 0.013422 0.000000 0.000000 0.000000 1.000000 42.482161 0021 903961 0.817319 0.593250 0.216645
0021 913910 -0.048980 -0.020112 -0.229849 1500 1500 1500 1952 21 953796 1.080298 0.013422 0.000000 0.000000 0.000000 1.000000 42.500320 0021 954010 0.566344 0.627150 0.216645
0021 965973 -0.048420 -0.023082 -0.241945 1500 1500 1500 1952 22 3754 1.140931 0.016504 0.000000 0.000000 0.000000 1.000000 42.518461 0022 003967 0.315376 0.661050 0.216645
0022 012543 -0.045908 -0.031021 -0.252889 1500 1500 1500 1953 22 53864 1.140931 0.016504 0.000000 0.000000 0.000000 1.000000 42.536585 0022 054047 1.653945 0.796650 0.216645
0022 065857 -0.037697 -0.036446 -0.262214 1500 1500 1500 1953 22 103821 1.202861 0.020120 0.000000 0.000000 0.000000 1.000000 42.554690 0022 104096 0.315376 0.644100 0.216645
0022 113831 -0.032180 -0.043219 -0.271749 1500 1500 1500 1953 22 153748 1.202861 0.020120 0.000000 0.000000 0.000000 1.000000 42.572776 0022 153931 0.064413 0.576300 0.216645
0022 165955 -0.026954 -0.042387 -0.281475 1500 1500 1500 1954 22 203705 1.266056 0.024304 0.000000 0.000000 0.000000 1.000000 42.590845 0022 203888 -0.437495 0.661050 0.216645
0022 212524 -0.019900 -0.037692 -0.289581 1500 1500 1500 1954 22 253662 1.266056 0.024304 0.000000 0.000000 0.000000 1.000000 42.608896 0022 253906 1.068300 0.627150 0.216645
0022 265930 -0.016907 -0.031211 -0.296311 1500 1500 1500 1954 22 303558 1.330486 0.029084 0.000000 0.000000 0.000000 1.000000 42.626928 0022 303772 1.068300 0.728850 0.216645
0022 313873 -0.009226 -0.024200 -0.301700 1500 1500 1500 1954 22 353546 1.330486 0.029084 0.000000 0.000000 0.000000 1.000000 42.644943 0022 353851 1.402951 0.610200 0.216645
0022 364502 -0.002556 -0.021576 -0.307649 1500 1500 1500 1955 22 403595 1.396123 0.034479 0.000000 0.000000 0.000000 1.000000 42.662939 0022 403809 0.566344 0.610200 0.216645
0022 412445 0.003578 -0.015574 -0.313524 1500 1500 1500 1955 22 453766 1.396123 0.034479 0.000000 0.000000 0.000000 1.000000 42.680918 0022 453949 1.068300 0.627150 0.216645
0022 466370 0.010940 -0.009798 -0.319072 1500 1500 1500 1955 22 503723 1.462941 0.040505 0.000000 0.000000 0.000000 1.000000 42.698878 0022 503906 1.402951 0.661050 0.216645
0022 514313 0.015407 -0.007145 -0.325203 1500 1500 1500 1956 22 553680 1.462941 0.040505 0.000000 0.000000 0.000000 1.000000 42.716821 0022 553894 0.064413 0.593250 0.216645
0022 565857 0.014740 -0.006501 -0.330743 1500 1500 1500 1956 22 603638 1.530912 0.047177 0.000000 0.000000 0.000000 1.000000 42.734745 0022 603882 0.566344 0.627150 0.216645
0022 613953 0.008764 -0.000801 -0.336835 1500 1500 1500 1956 22 653717 1.530912 0.047177 0.000000 0.000000 0.000000 1.000000 42.752652 0022 653900 0.817319 0.593250 0.216645
0022 665833 0.000792 0.005113 -0.343655 1500 1500 1500 1957 22 703613 1.600010 0.054513 0.000000 0.000000 0.000000 1.000000 42.770541 0022 703827 0.315376 0.610200 0.216645
0022 713806 -0.008347 0.006186 -0.350417 1500 1500 1500 1957 22 753632 1.600010 0.054513 0.000000 0.000000 0.000000 1.000000 42.788411 0022 753815 0.566344 0.440700 0.216645
0022 765839 -0.013919 0.008425 -0.357028 1500 1500 1500 1957 22 803497 1.670207 0.062530 0.000000 0.000000 0.000000 1.000000 42.806264 0022 803741 0.566344 0.627150 0.216645
0022 813904 -0.015241 0.008515 -0.363034 1500 1500 1500 1958 22 853455 1.670207 0.062530 0.000000 0.000000 0.000000 1.000000 42.824100 0022 853729 0.315376 0.593250 0.216645
0022 865845 -0.021293 0.001363 -0.369452 1500 1500 1500 1958 22 903320 1.741476 0.071247 0.000000 0.000000 0.000000 1.000000 42.841917 0022 903534 0.064413 0.644100 0.216645
0022 913757 -0.023049 -0.003249 -0.376015 1500 1500 1500 1958 22 953430 1.741476 0.071247 0.000000 0.000000 0.000000 1.000000 42.859716 0022 953705 0.064413 0.610200 0.216645
0022 965912 -0.023311 -0.013592 -0.381942 1500 1500 1500 1959 23 3326 1.813789 0.080678 0.000000 0.000000 0.000000 1.000000 42.877498 0023 003510 0.566344 0.661050 0.216645
0023 012451 -0.017721 -0.014671 -0.387022 1500 1500 1500 1959 23 53497 1.813789 0.080678 0.000000 0.000000 0.000000 1.000000 42.895262 0023 053741 0.817319 0.610200 0.216645
0023 066498 -0.009501 -0.012489 -0.392355 1500 1500 1500 1959 23 103455 1.887120 0.090837 0.000000 0.000000 0.000000 1.000000 42.913008 0023 103729 0.817319 0.610200 0.216645
0023 113770 -0.008974 -0.010121 -0.397188 1500 1500 1500 1959 23 153503 1.887120 0.090837 0.000000 0.000000 0.000000 1.000000 42.930736 0023 153778 0.064413 0.644100 0.216645
0023 165863 -0.014227 -0.013068 -0.400689 1500 1500 1500 1960 23 203400 1.961447 0.101733 0.000000 0.000000 0.000000 1.000000 42.948447 0023 203674 0.566344 0.661050 0.216645
0023 213928 -0.023219 -0.019286 -0.401455 1500 1500 1500 1960 23 253296 1.961447 0.101733 0.000000 0.000000 0.000000 1.000000 42.966140 0023 253510 0.315376 0.593250 0.216645
0023 266327 -0.022778 -0.017860 -0.403201 1500 1500 1500 1960 23 303253 2.036749 0.113364 0.000000 0.000000 0.000000 1.000000 42.983815 0023 303467 0.566344 0.542400 0.216645
0023 313782 -0.022645 -0.017432 -0.403275 1500 1500 1500 1961 23 353210 2.036749 0.113364 0.000000 0.000000 0.000000 1.000000 43.001473 0023 353394 1.068300 0.661050 0.216645
0023 365814 -0.020502 -0.015587 -0.403320 1500 1500 1500 1961 23 403076 2.113010 0.125721 0.000000 0.000000 0.000000 1.000000 43.019113 0023 403290 0.566344 0.627150 0.216645
0023 413910 -0.022033 -0.018614 -0.403780 1500 1500 1500 1961 23 452972 2.113010 0.125721 0.000000 0.000000 0.000000 1.000000 43.036735 0023 453156 0.315376 0.661050 0.216645
0023 466614 -0.017495 -0.018755 -0.402771 1500 1500 1500 1962 23 502930 2.190215 0.138792 0.000000 0.000000 0.000000 1.000000 43.054340 0023 503113 -0.437495 0.661050 0.216645
0023 513733 -0.011392 -0.019399 -0.403668 1500 1500 1500 1962 23 552979 2.190215 0.138792 0.000000 0.000000 0.000000 1.000000 43.071927 0023 553162 -0.437495 0.678000 0.216645
0023 565826 -0.003864 -0.018744 -0.403637 1500 1500 1500 1962 23 602875 2.268351 0.152567 0.000000 0.000000 0.000000 1.000000 43.089496 0023 603088 -0.437495 0.644100 0.216645
0023 612335 -0.000876 -0.014930 -0.404244 1500 1500 1500 1963 23 652954 2.268351 0.152567 0.000000 0.000000 0.000000 1.000000 43.107048 0023 653168 0.566344 0.644100 0.216645
0023 665802 -0.006938 -0.005504 -0.404589 1500 1500 1500 1963 23 703064 2.347401 0.167037 0.000000 0.000000 0.000000 1.000000 43.124583 0023 703247 1.653945 0.610200 0.216645
0023 713745 -0.012569 0.009994 -0.404628 1500 1500 1500 1963 23 753082 2.347401 0.167037 0.000000 0.000000 0.000000 1.000000 43.142099 0023 753296 0.315376 0.678000 0.216645
0023 765778 -0.020939 0.016275 -0.405409 1500 1500 1500 1963 23 803101 2.427350 0.182193 0.000000 0.000000 0.000000 1.000000 43.159599 0023 803314 0.064413 0.644100 0.216645
0023 813873 -0.021084 0.021666 -0.405005 1500 1500 1500 1964 23 853180 2.427350 0.182193 0.000000 0.000000 0.000000 1.000000 43.177080 0023 853394 0.566344 0.661050 0.216645
0023 865753 -0.020722 0.016826 -0.404680 1500 1500 1500 1964 23 903076 2.508185 0.198025 0.000000 0.000000 0.000000 1.000000 43.194545 0023 903259 -0.186544 0.559350 0.216645
0023 913757 -0.011710 0.015469 -0.403951 1500 1500 1500 1964 23 953095 2.508185 0.198025 0.000000 0.000000 0.000000 1.000000 43.211992 0023 953278 0.817319 0.610200 0.216645
0023 965729 -0.003324 0.010302 -0.402268 1500 1500 1500 1965 24 2991 2.589894 0.214517 0.000000 0.000000 0.000000 1.000000 43.229421 0024 003174 0.064413 0.627150 0.216645
0024 012360 0.001950 0.006322 -0.400227 1500 1500 1500 1965 24 53009 2.589894 0.214517 0.000000 0.000000 0.000000 1.000000 43.246833 0024 053253 1.402951 0.627150 0.216645
0024 066315 0.010312 -0.000303 -0.397919 1500 1500 1500 1961 24 103149 2.672466 0.231653 0.000000 0.000000 0.000000 1.000000 43.015682 0024 103333 0.566344 0.610200 0.227556
0024 113739 0.017287 -0.016241 -0.395549 1500 1500 1500 1952 24 153168 2.672466 0.231653 0.000000 0.000000 0.000000 1.000000 42.516271 0024 153381 0.817319 0.711900 0.253235
0024 165741 0.026977 -0.033266 -0.392736 1500 1500 1500 1949 24 203278 2.755893 0.249411 0.000000 0.000000 0.000000 1.000000 42.350942 0024 203461 0.064413 0.627150 0.270388
0024 213715 0.036102 -0.042186 -0.389425 1500 1500 1500 1950 24 253235 2.755893 0.249411 0.000000 0.000000 0.000000 1.000000 42.385439 0024 253418 0.566344 0.694950 0.280720
0024 266235 0.034411 -0.033554 -0.385293 1500 1500 1500 1955 24 303284 2.840166 0.267769 0.000000 0.000000 0.000000 1.000000 42.687057 0024 303467 -1.441238 0.678000 0.278816
0024 313629 0.027439 -0.012322 -0.382018 1500 1500 1500 1960 24 353272 2.840166 0.267769 0.000000 0.000000 0.000000 1.000000 42.972567 0024 353485 -0.688440 0.627150 0.273903
0024 365662 0.019554 -0.005634 -0.378684 1500 1500 1500 1963 24 403320 2.925279 0.286702 0.000000 0.000000 0.000000 1.000000 43.157644 0024 403503 0.064413 0.661050 0.269972
0024 413727 0.012598 -0.012862 -0.375528 1500 1500 1500 1970 24 453278 2.925279 0.286702 0.000000 0.000000 0.000000 1.000000 43.508017 0024 453461 0.064413 0.644100 0.256658
0024 465698 0.009278 -0.014478 -0.372512 1500 1500 1500 1969 24 503143 3.011225 0.306188 0.000000 0.000000 0.000000 1.000000 43.473541 0024 503357 0.315376 0.694950 0.256176
0024 513702 0.004540 -0.018445 -0.370320 1500 1500 1500 1974 24 553101 3.011225 0.306188 0.000000 0.000000 0.000000 1.000000 43.761255 0024 553314 0.064413 0.678000 0.242231
0024 565704 -0.002911 -0.008055 -0.367136 1500 1500 1500 1978 24 603149 3.097995 0.326206 0.000000 0.000000 0.000000 1.000000 43.989396 0024 603363 -0.939378 0.627150 0.227685
0024 612305 0.011955 0.006100 -0.368420 1500 1500 1500 1977 24 653046 3.097995 0.326206 0.000000 0.000000 0.000000 1.000000 43.941879 0024 653259 -0.688440 0.661050 0.222828
0024 666260 0.015257 0.002675 -0.372730 1500 1500 1500 1974 24 703064 3.185575 0.346751 0.000000 0.000000 0.000000 1.000000 43.739961 0024 703247 -1.441238 0.728850 0.225722
0024 714020 -0.004446 0.000812 -0.375335 1500 1500 1500 1972 24 752991 3.185575 0.346751 0.000000 0.000000 0.000000 1.000000 43.667951 0024 753174 0.064413 0.542400 0.225722
0024 765778 -0.023090 0.006433 -0.378989 1500 1500 1500 1977 24 802979 3.273948 0.367826 0.000000 0.000000 0.000000 1.000000 43.955980 0024 803192 -1.441238 0.627150 0.211088
0024 812317 -0.038729 0.010795 -0.380883 1500 1500 1500 1980 24 852875 3.273948 0.367826 0.000000 0.000000 0.000000 1.000000 44.104580 0024 853088 -0.688440 0.627150 0.199380
0024 866119 -0.034504 0.025616 -0.383684 1500 1500 1500 1982 24 902893 3.363097 0.389436 0.000000 0.000000 0.000000 1.000000 44.244523 0024 903076 -0.186544 0.593250 0.186624
0024 913696 -0.030661 0.039335 -0.385207 1500 1500 1500 1978 24 952881 3.363097 0.389436 0.000000 0.000000 0.000000 1.000000 43.988211 0024 953064 -0.437495 0.694950 0.189979
0024 965790 -0.028853 0.044945 -0.385041 1500 1500 1500 1976 25 2960 3.453008 0.411578 0.000000 0.000000 0.000000 1.000000 43.904668 0025 003143 0.064413 0.644100 0.189274
0025 012268 -0.023775 0.044576 -0.383803 1500 1500 1500 1974 25 52887 3.453008 0.411578 0.000000 0.000000 0.000000 1.000000 43.771470 0025 053131 -0.688440 0.644100 0.192099
0025 066132 -0.014921 0.029430 -0.381629 1500 1500 1500 1974 25 102875 3.543670 0.434240 0.000000 0.000000 0.000000 1.000000 43.771974 0025 103058 0.566344 0.661050 0.190969
0025 113617 -0.002829 0.004700 -0.376972 1500 1500 1500 1967 25 152924 3.543670 0.434240 0.000000 0.000000 0.000000 1.000000 43.387011 0025 153107 0.566344 0.610200 0.207015
0025 165649 0.015902 -0.015814 -0.371521 1500 1500 1500 1967 25 202911 3.635078 0.457398 0.000000 0.000000 0.000000 1.000000 43.340953 0025 203095 0.064413 0.661050 0.213072
0025 212616 0.031979 -0.036242 -0.366545 1500 1500 1500 1968 25 253021 3.635078 0.457398 0.000000 0.000000 0.000000 1.000000 43.415137 0025 253235 0.566344 0.593250 0.214528
0025 266113 0.035571 -0.044662 -0.361438 1500 1500 1500 1964 25 303162 3.727228 0.481023 0.000000 0.000000 0.000000 1.000000 43.169063 0025 303375 0.817319 0.661050 0.229252
0025 313660 0.029372 -0.034038 -0.356046 1500 1500 1500 1962 25 353058 3.727228 0.481023 0.000000 0.000000 0.000000 1.000000 43.060349 0025 353272 0.064413 0.711900 0.241032
0025 366303 0.019557 -0.024359 -0.349973 1500 1500 1500 1964 25 403046 3.820120 0.505085 0.000000 0.000000 0.000000 1.000000 43.190431 0025 403229 0.315376 0.644100 0.243675
0025 412354 0.012614 -0.019183 -0.344054 1500 1500 1500 1963 25 453125 3.820120 0.505085 0.000000 0.000000 0.000000 1.000000 43.142427 0025 453369 0.064413 0.661050 0.252570
0025 466095 0.008189 -0.022050 -0.337901 1500 1500 1500 1965 25 503021 3.913749 0.529550 0.000000 0.000000 0.000000 1.000000 43.226219 0025 503235 0.566344 0.661050 0.256296
0025 513733 0.005830 -0.026558 -0.331373 1500 1500 1500 1965 25 553101 3.913749 0.529550 0.000000 0.000000 0.000000 1.000000 43.227236 0025 553284 0.064413 0.661050 0.262667
0025 567993 0.003885 -0.028560 -0.323846 1500 1500 1500 1967 25 603088 4.008115 0.554384 0.000000 0.000000 0.000000 1.000000 43.374097 0025 603302 0.566344 0.847500 0.262667
0025 612305 0.003031 -0.019337 -0.318828 1500 1500 1500 1969 25 653198 4.008115 0.554384 0.000000 0.000000 0.000000 1.000000 43.481613 0025 653442 0.817319 0.508500 0.262667
0025 665619 -0.001185 -0.015070 -0.313348 1500 1500 1500 1967 25 703308 4.103215 0.579555 0.000000 0.000000 0.000000 1.000000 43.368263 0025 703491 0.064413 0.627150 0.271154
0025 713715 -0.005540 -0.017038 -0.308515 1500 1500 1500 1964 25 753449 4.103215 0.579555 0.000000 0.000000 0.000000 1.000000 43.172861 0025 753632 1.151962 0.644100 0.284723
0025 765656 -0.003678 -0.017086 -0.301713 1500 1500 1500 1961 25 803558 4.199046 0.605032 0.000000 0.000000 0.000000 1.000000 43.017351 0025 803772 0.064413 0.678000 0.298968
0025 812225 0.002894 -0.020516 -0.296370 1500 1500 1500 1963 25 853455 4.199046 0.605032 0.000000 0.000000 0.000000 1.000000 43.124015 0025 853973 0.315376 0.627150 0.303585
0025 866119 0.006900 -0.030632 -0.291980 1500 1500 1500 1959 25 903564 4.295604 0.630789 0.000000 0.000000 0.000000 1.000000 42.912536 0025 903778 1.904946 0.711900 0.320838
0025 913605 0.009991 -0.027695 -0.289455 1500 1500 1500 1958 25 953674 4.295604 0.630789 0.000000 0.000000 0.000000 1.000000 42.837366 0025 953888 0.315376 0.661050 0.334640
0025 964172 0.006544 -0.012284 -0.287444 1500 1500 1500 1958 26 3723 4.392881 0.656807 0.000000 0.000000 0.000000 1.000000 42.843786 0026 003937 -0.437495 0.644100 0.345682
0026 012268 -0.005339 0.000222 -0.285635 1500 1500 1500 1959 26 53833 4.392881 0.656807 0.000000 0.000000 0.000000 1.000000 42.896257 0026 054016 -0.437495 0.644100 0.354516
0026 066010 -0.017298 0.008399 -0.282589 1500 1500 1500 1956 26 103882 4.490871 0.683070 0.000000 0.000000 0.000000 1.000000 42.730495 0026 104096 -0.437495 0.627150 0.371753
0026 113709 -0.023241 0.019715 -0.280038 1500 1500 1500 1958 26 153778 4.490871 0.683070 0.000000 0.000000 0.000000 1.000000 42.835523 0026 153992 -0.437495 0.661050 0.378762
0026 165588 -0.027657 0.029989 -0.277491 1500 1500 1500 1957 26 203827 4.589564 0.709563 0.000000 0.000000 0.000000 1.000000 42.782774 0026 204010 -0.186544 0.644100 0.391150
0026 213654 -0.028379 0.030069 -0.275602 1500 1500 1500 1957 26 253876 4.589564 0.709563 0.000000 0.000000 0.000000 1.000000 42.795350 0026 254059 0.315376 0.661050 0.401060
0026 266113 -0.025738 0.014872 -0.273294 1500 1500 1500 1958 26 303864 4.688953 0.736274 0.000000 0.000000 0.000000 1.000000 42.843754 0026 304077 0.064413 0.678000 0.408988
0026 313629 -0.020910 -0.005051 -0.271615 1500 1500 1500 1959 26 353912 4.688953 0.736274 0.000000 0.000000 0.000000 1.000000 42.909317 0026 354126 0.064413 0.644100 0.415330
0026 364166 -0.017422 -0.026855 -0.271402 1500 1500 1500 1962 26 403870 4.789030 0.763193 0.000000 0.000000 0.000000 1.000000 43.057695 0026 404083 0.315376 0.644100 0.417014
0026 413635 -0.012481 -0.038745 -0.268669 1500 1500 1500 1962 26 453949 4.789030 0.763193 0.000000 0.000000 0.000000 1.000000 43.091150 0026 454163 0.566344 0.644100 0.421751
0026 466187 -0.002215 -0.045201 -0.267351 1500 1500 1500 1960 26 503937 4.889784 0.790309 0.000000 0.000000 0.000000 1.000000 42.979218 0026 504150 1.653945 0.678000 0.432321
0026 513733 0.008962 -0.042586 -0.266669 1500 1500 1500 1956 26 553986 4.889784 0.790309 0.000000 0.000000 0.000000 1.000000 42.711685 0026 554169 0.566344 0.678000 0.450947
0026 565735 0.015659 -0.041981 -0.265416 1500 1500 1500 1954 26 603943 4.991209 0.817613 0.000000 0.000000 0.000000 1.000000 42.598840 0026 604157 0.900979 0.694950 0.465847
0026 613586 0.014982 -0.043869 -0.265163 1500 1500 1500 1953 26 653992 4.991209 0.817613 0.000000 0.000000 0.000000 1.000000 42.579392 0026 654175 0.817319 0.678000 0.477768
0026 666016 0.015582 -0.039467 -0.263774 1500 1500 1500 1957 26 703980 5.093293 0.845098 0.000000 0.000000 0.000000 1.000000 42.767691 0026 704193 1.151962 0.644100 0.480524
0026 713593 0.013154 -0.033610 -0.263790 1500 1500 1500 1958 26 753998 5.093293 0.845098 0.000000 0.000000 0.000000 1.000000 42.833376 0026 754211 0.315376 0.644100 0.486120
0026 764130 0.002900 -0.029931 -0.264821 1500 1500 1500 1958 26 803955 5.196028 0.872762 0.000000 0.000000 0.000000 1.000000 42.824574 0026 804138 0.566344 0.661050 0.493986
0026 812164 -0.002524 -0.021886 -0.266401 1500 1500 1500 1961 26 853943 5.196028 0.872762 0.000000 0.000000 0.000000 1.000000 43.004124 0026 854126 -0.186544 0.661050 0.493498
0026 865509 -0.010412 -0.014032 -0.268628 1500 1500 1500 1960 26 903839 5.299401 0.900607 0.000000 0.000000 0.000000 1.000000 42.973584 0026 904022 1.151962 0.661050 0.499889
0026 913544 -0.013851 -0.003712 -0.270244 1500 1500 1500 1960 26 953827 5.299401 0.900607 0.000000 0.000000 0.000000 1.000000 42.977741 0026 954041 0.315376 0.644100 0.505001
0026 965546 -0.012317 -0.001512 -0.273306 1500 1500 1500 1959 27 3723 5.403400 0.928641 0.000000 0.000000 0.000000 1.000000 42.923941 0027 003937 0.064413 0.678000 0.512481
0027 012238 -0.008936 -0.003206 -0.274096 1500 1500 1500 1965 27 53772 5.403400 0.928641 0.000000 0.000000 0.000000 1.000000 43.224727 0027 053955 1.402951 0.610200 0.504905
0027 066040 -0.001123 -0.006001 -0.275680 1500 1500 1500 1965 27 103943 5.508013 0.956868 0.000000 0.000000 0.000000 1.000000 43.250725 0027 104157 1.151962 0.644100 0.505624
0027 113525 0.003552 -0.013184 -0.278774 1500 1500 1500 1968 27 154022 5.508013 0.956868 0.000000 0.000000 0.000000 1.000000 43.426075 0027 154236 0.900979 0.610200 0.499419
0027 165558 0.009618 -0.021185 -0.281865 1500 1500 1500 1968 27 203949 5.613227 0.985295 0.000000 0.000000 0.000000 1.000000 43.446887 0027 204132 0.900979 0.627150 0.497845
0027 212189 0.016012 -0.027325 -0.287024 1500 1500 1500 1969 27 253906 5.613227 0.985295 0.000000 0.000000 0.000000 1.000000 43.455166 0027 254089 1.402951 0.627150 0.496586
0027 265564 0.019617 -0.031018 -0.290683 1500 1500 1500 1970 27 303864 5.719029 1.013936 0.000000 0.000000 0.000000 1.000000 43.533070 0027 304077 1.402951 0.661050 0.492189
0027 313324 0.026890 -0.028567 -0.294638 1500 1500 1500 1972 27 353790 5.719029 1.013936 0.000000 0.000000 0.000000 1.000000 43.647171 0027 354065 0.315376 0.542400 0.485281
0027 365662 0.032086 -0.030647 -0.299575 1500 1500 1500 1971 27 403717 5.825404 1.042808 0.000000 0.000000 0.000000 1.000000 43.622298 0027 403931 0.900979 0.661050 0.483145
0027 413574 0.036503 -0.026411 -0.302840 1500 1500 1500 1974 27 453796 5.825404 1.042808 0.000000 0.000000 0.000000 1.000000 43.750630 0027 454010 0.315376 0.644100 0.474656
0027 465546 0.039022 -0.023300 -0.306188 1500 1500 1500 1973 27 503967 5.932337 1.071923 0.000000 0.000000 0.000000 1.000000 43.729401 0027 504181 0.064413 0.576300 0.471255
0027 513336 0.033234 -0.021610 -0.308595 1500 1500 1500 1977 27 554016 5.932337 1.071923 0.000000 0.000000 0.000000 1.000000 43.932368 0027 554230 -0.186544 0.678000 0.458364
0027 565552 0.023216 -0.015405 -0.310280 1500 1500 1500 1977 27 604004 6.039816 1.101290 0.000000 0.000000 0.000000 1.000000 43.945793 0027 604187 0.315376 0.644100 0.451441
0027 612030 0.009602 -0.010700 -0.312091 1500 1500 1500 1977 27 653931 6.039816 1.101290 0.000000 0.000000 0.000000 1.000000 43.927527 0027 654114 0.566344 0.661050 0.445903
0027 666046 -0.001160 -0.004814 -0.312680 1500 1500 1500 1980 27 704010 6.147830 1.130911 0.000000 0.000000 0.000000 1.000000 44.124029 0027 704193 0.315376 0.627150 0.431302
0027 713471 -0.004819 0.006403 -0.313973 1500 1500 1500 1982 27 754059 6.147830 1.130911 0.000000 0.000000 0.000000 1.000000 44.203236 0027 754303 0.566344 0.678000 0.419622
0027 765503 -0.009033 0.011944 -0.316409 1500 1500 1500 1980 27 803925 6.256370 1.160789 0.000000 0.000000 0.000000 1.000000 44.134867 0027 804138 -0.186544 0.661050 0.413667
0027 813568 -0.013569 0.014612 -0.317081 1500 1500 1500 1986 27 853943 6.256370 1.160789 0.000000 0.000000 0.000000 1.000000 44.448912 0027 854157 -0.186544 0.627150 0.391954
0027 866058 -0.019563 0.014859 -0.317010 1500 1500 1500 1986 27 903839 6.365426 1.190924 0.000000 0.000000 0.000000 1.000000 44.427697 0027 904053 0.566344 0.661050 0.381363
0027 913361 -0.025653 0.003565 -0.316982 1500 1500 1500 1987 27 953888 6.365426 1.190924 0.000000 0.000000 0.000000 1.000000 44.524805 0027 954071 0.900979 0.644100 0.366111
0027 965485 -0.022014 -0.005103 -0.315871 1500 1500 1500 1989 28 3967 6.474989 1.221311 0.000000 0.000000 0.000000 1.000000 44.608971 0028 004242 1.402951 0.644100 0.350518
0028 013336 -0.009141 -0.013903 -0.316231 1500 1500 1500 1989 28 53955 6.474989 1.221311 0.000000 0.000000 0.000000 1.000000 44.605580 0028 054138 0.315376 0.678000 0.338045
0028 065369 0.004912 -0.030163 -0.315727 1500 1500 1500 1989 28 103943 6.585054 1.251945 0.000000 0.000000 0.000000 1.000000 44.630502 0028 104157 0.900979 0.694950 0.324676
0028 113281 0.025955 -0.040636 -0.316957 1500 1500 1500 1990 28 153900 6.585054 1.251945 0.000000 0.000000 0.000000 1.000000 44.671664 0028 154114 0.315376 0.661050 0.310591
0028 165344 0.042576 -0.050230 -0.318001 1500 1500 1500 1992 28 203980 6.695609 1.282826 0.000000 0.000000 0.000000 1.000000 44.798472 0028 204193 0.315376 0.661050 0.292543
0028 211975 0.048447 -0.054926 -0.319246 1500 1500 1500 1995 28 253906 6.695609 1.282826 0.000000 0.000000 0.000000 1.000000 44.969396 0028 254120 2.155953 0.610200 0.271324
0028 265930 0.052453 -0.057729 -0.320225 1500 1500 1500 1992 28 303925 6.806648 1.313954 0.000000 0.000000 0.000000 1.000000 44.772836 0028 304108 1.151962 0.678000 0.264519
0028 313293 0.053419 -0.057747 -0.322794 1500 1500 1500 1993 28 353882 6.806648 1.313954 0.000000 0.000000 0.000000 1.000000 44.839470 0028 354096 0.900979 0.678000 0.248905
0028 364136 0.049411 -0.051136 -0.324736 1500 1500 1500 1995 28 403870 6.918159 1.345333 0.000000 0.000000 0.000000 1.000000 44.978000 0028 404053 1.151962 0.644100 0.229634
0028 411957 0.047081 -0.042256 -0.325360 1500 1500 1500 1994 28 453888 6.918159 1.345333 0.000000 0.000000 0.000000 1.000000 44.920824 0028 454102 0.064413 0.644100 0.217607
0028 465942 0.051625 -0.036433 -0.326075 1500 1500 1500 1994 28 503937 7.030134 1.376966 0.000000 0.000000 0.000000 1.000000 44.909881 0028 504150 0.900979 0.627150 0.204596
0028 513336 0.052850 -0.035170 -0.326514 1500 1500 1500 1998 28 553864 7.030134 1.376966 0.000000 0.000000 0.000000 1.000000 45.158785 0028 554047 0.900979 0.627150 0.180627
0028 565338 0.048185 -0.025937 -0.326250 1500 1500 1500 1993 28 603882 7.142564 1.408849 0.000000 0.000000 0.000000 1.000000 44.851539 0028 604065 0.315376 0.661050 0.178401
0028 613434 0.041725 -0.004772 -0.326020 1500 1500 1500 1988 28 653778 7.142564 1.408849 0.000000 0.000000 0.000000 1.000000 44.550436 0028 653992 0.315376 0.661050 0.180011
0028 665924 0.030304 0.028356 -0.328227 1500 1500 1500 1984 28 703735 7.255442 1.440982 0.000000 0.000000 0.000000 1.000000 44.346095 0028 703949 -0.186544 0.661050 0.181299
0028 713532 0.010724 0.064561 -0.328883 1500 1500 1500 1980 28 753723 7.255442 1.440982 0.000000 0.000000 0.000000 1.000000 44.131064 0028 753906 0.315376 0.423750 0.185719
0028 765320 -0.018168 0.097449 -0.329891 1500 1500 1500 1981 28 803711 7.368759 1.473364 0.000000 0.000000 0.000000 1.000000 44.152484 0028 803925 0.064413 0.644100 0.182475
0028 812103 -0.053089 0.125597 -0.334720 1500 1500 1500 1977 28 853729 7.368759 1.473364 0.000000 0.000000 0.000000 1.000000 43.923097 0028 854004 1.151962 0.644100 0.190050
0028 865295 -0.082760 0.142311 -0.337361 1500 1500 1500 1974 28 903687 7.482505 1.506003 0.000000 0.000000 0.000000 1.000000 43.792796 0028 903900 1.151962 0.644100 0.196110
0028 913574 -0.097448 0.133034 -0.337465 1500 1500 1500 1975 28 953583 7.482505 1.506003 0.000000 0.000000 0.000000 1.000000 43.802940 0028 953796 0.315376 0.644100 0.197568
0028 965271 -0.098790 0.106156 -0.332496 1500 1500 1500 1975 29 3601 7.596673 1.538896 0.000000 0.000000 0.000000 1.000000 43.815867 0029 003906 0.900979 0.627150 0.198735
0029 011963 -0.090441 0.085715 -0.326707 1500 1500 1500 1980 29 53558 7.596673 1.538896 0.000000 0.000000 0.000000 1.000000 44.138134 0029 053772 0.315376 0.576300 0.186108
0029 065857 -0.078173 0.063377 -0.319141 1500 1500 1500 1977 29 103455 7.711265 1.572016 0.000000 0.000000 0.000000 1.000000 43.927567 0029 103668 -0.186544 0.610200 0.192956
0029 113312 -0.057911 0.043571 -0.310608 1500 1500 1500 1972 29 153412 7.711265 1.572016 0.000000 0.000000 0.000000 1.000000 43.653258 0029 153626 -0.186544 0.694950 0.205215
0029 165253 -0.033212 0.025864 -0.303966 1500 1500 1500 1968 29 203400 7.826283 1.605328 0.000000 0.000000 0.000000 1.000000 43.433088 0029 203583 0.315376 0.728850 0.218412
0029 213409 -0.013510 0.006113 -0.297846 1500 1500 1500 1972 29 253357 7.826283 1.605328 0.000000 0.000000 0.000000 1.000000 43.640262 0029 253540 0.650002 0.644100 0.215410
0029 265259 0.005940 -0.002219 -0.292328 1500 1500 1500 1971 29 303345 7.941730 1.638801 0.000000 0.000000 0.000000 1.000000 43.619008 0029 303650 0.315376 0.678000 0.219788
0029 313385 0.017310 -0.005365 -0.287554 1500 1500 1500 1969 29 353272 7.941730 1.638801 0.000000 0.000000 0.000000 1.000000 43.467345 0029 353485 0.064413 0.694950 0.230070
0029 365356 0.020380 -0.009104 -0.283945 1500 1500 1500 1972 29 403351 8.057607 1.672410 0.000000 0.000000 0.000000 1.000000 43.633689 0029 403564 -0.688440 0.661050 0.228126
0029 412354 0.019714 -0.008111 -0.279529 1500 1500 1500 1971 29 453522 8.057607 1.672410 0.000000 0.000000 0.000000 1.000000 43.588082 0029 453705 -0.186544 0.678000 0.233351
0029 465820 0.012513 -0.007314 -0.274686 1500 1500 1500 1972 29 503418 8.173911 1.706134 0.000000 0.000000 0.000000 1.000000 43.654175 0029 503632 1.151962 0.711900 0.234141
0029 513367 0.000572 -0.006444 -0.271245 1500 1500 1500 1972 29 553497 8.173911 1.706134 0.000000 0.000000 0.000000 1.000000 43.626457 0029 553711 0.900979 0.661050 0.238163
0029 565338 -0.010521 -0.003216 -0.266704 1500 1500 1500 1973 29 603455 8.290643 1.739952 0.000000 0.000000 0.000000 1.000000 43.700265 0029 603668 0.064413 0.678000 0.237990
0029 613464 -0.017341 0.009791 -0.263365 1500 1500 1500 1975 29 653564 8.290643 1.739952 0.000000 0.000000 0.000000 1.000000 43.828381 0029 653748 0.315376 0.644100 0.234462
0029 665192 -0.027825 0.026149 -0.260986 1500 1500 1500 1978 29 703430 8.407799 1.773848 0.000000 0.000000 0.000000 1.000000 43.981104 0029 703644 0.650002 0.644100 0.228250
0029 713440 -0.039322 0.031264 -0.256529 1500 1500 1500 1975 29 753418 8.407799 1.773848 0.000000 0.000000 0.000000 1.000000 43.831766 0029 753601 1.151962 0.678000 0.233450
0029 765411 -0.045742 0.032626 -0.253047 1500 1500 1500 1974 29 803497 8.525377 1.807805 0.000000 0.000000 0.000000 1.000000 43.748010 0029 803680 -0.186544 0.644100 0.237610
0029 811920 -0.046948 0.031823 -0.249465 1500 1500 1500 1973 29 853485 8.525377 1.807805 0.000000 0.000000 0.000000 1.000000 43.706004 0029 853668 0.064413 0.627150 0.240938
0029 865173 -0.048545 0.024826 -0.245049 1500 1500 1500 1975 29 903564 8.643375 1.841805 0.000000 0.000000 0.000000 1.000000 43.844177 0029 903748 0.315376 0.610200 0.236820
0029 913300 -0.045089 0.011851 -0.239396 1500 1500 1500 1974 29 953674 8.643375 1.841805 0.000000 0.000000 0.000000 1.000000 43.770166 0029 953857 -0.939378 0.661050 0.240306
0029 965973 -0.030475 0.002249 -0.233913 1500 1500 1500 1975 30 3601 8.761792 1.875824 0.000000 0.000000 0.000000 1.000000 43.809427 0030 003784 -0.688440 0.644100 0.239705
0030 012054 -0.013299 -0.014853 -0.229221 1500 1500 1500 1975 30 53619 8.761792 1.875824 0.000000 0.000000 0.000000 1.000000 43.834508 0030 054016 0.064413 0.644100 0.239224
0030 065765 0.005371 -0.038716 -0.223396 1500 1500 1500 1971 30 103760 8.880627 1.909837 0.000000 0.000000 0.000000 1.000000 43.618724 0030 104034 -0.186544 0.678000 0.249009
0030 113159 0.028131 -0.055398 -0.218162 1500 1500 1500 1967 30 153870 8.880627 1.909837 0.000000 0.000000 0.000000 1.000000 43.352498 0030 154053 0.399031 0.762750 0.263617
0030 163940 0.045439 -0.060604 -0.213402 1500 1500 1500 1971 30 203949 8.999879 1.943823 0.000000 0.000000 0.000000 1.000000 43.610211 0030 204132 0.399031 0.711900 0.258354
0030 211884 0.051305 -0.055248 -0.208262 1500 1500 1500 1969 30 253937 8.999879 1.943823 0.000000 0.000000 0.000000 1.000000 43.461020 0030 254120 -0.437495 0.678000 0.267703
0030 265747 0.045530 -0.043996 -0.204490 1500 1500 1500 1970 30 303955 9.119546 1.977760 0.000000 0.000000 0.000000 1.000000 43.564139 0030 304169 0.650002 0.661050 0.267703
0030 313385 0.028216 -0.030204 -0.200810 1500 1500 1500 1974 30 353882 9.119546 1.977760 0.000000 0.000000 0.000000 1.000000 43.774686 0030 354096 0.064413 0.661050 0.261622
0030 363922 0.005859 -0.013914 -0.199369 1500 1500 1500 1972 30 403931 9.239625 2.011635 0.000000 0.000000 0.000000 1.000000 43.666353 0030 404114 0.064413 0.661050 0.266928
0030 413330 -0.016541 -0.000726 -0.199247 1500 1500 1500 1970 30 454041 9.239625 2.011635 0.000000 0.000000 0.000000 1.000000 43.534581 0030 454315 0.064413 0.711900 0.274562
0030 465118 -0.034079 0.013479 -0.201724 1500 1500 1500 1970 30 504028 9.360110 2.045446 0.000000 0.000000 0.000000 1.000000 43.549988 0030 504303 0.900979 0.694950 0.277280
0030 513367 -0.038349 0.027792 -0.203812 1500 1500 1500 1973 30 554077 9.360110 2.045446 0.000000 0.000000 0.000000 1.000000 43.725910 0030 554474 -0.186544 0.661050 0.272674
0030 563812 -0.039492 0.026995 -0.205948 1500 1500 1500 1974 30 604065 9.480993 2.079202 0.000000 0.000000 0.000000 1.000000 43.753511 0030 604340 0.399031 0.644100 0.272379
0030 612091 -0.039370 0.014464 -0.207057 1500 1500 1500 1971 30 653961 9.480993 2.079202 0.000000 0.000000 0.000000 1.000000 43.617375 0030 654327 0.315376 0.661050 0.278923
0030 665741 -0.027897 0.003784 -0.209008 1500 1500 1500 1976 30 704010 9.602265 2.112913 0.000000 0.000000 0.000000 1.000000 43.856787 0030 704193 1.151962 0.610200 0.270599
0030 713318 -0.011304 -0.009741 -0.210672 1500 1500 1500 1975 30 754089 9.602265 2.112913 0.000000 0.000000 0.000000 1.000000 43.836832 0030 754456 1.151962 0.661050 0.270719
0030 763916 0.005569 -0.036776 -0.212421 1500 1500 1500 1974 30 804077 9.723921 2.146587 0.000000 0.000000 0.000000 1.000000 43.746205 0030 804382 0.399031 0.661050 0.274205
0030 813202 0.020091 -0.056589 -0.215411 1500 1500 1500 1970 30 854034 9.723921 2.146587 0.000000 0.000000 0.000000 1.000000 43.542417 0030 854309 0.399031 0.694950 0.283774
0030 865692 0.027473 -0.066490 -0.219822 1500 1500 1500 1968 30 903992 9.845949 2.180237 0.000000 0.000000 0.000000 1.000000 43.438004 0030 904205 0.399031 0.711900 0.291429
0030 913849 0.034697 -0.064197 -0.221846 1500 1500 1500 1973 30 954010 9.845949 2.180237 0.000000 0.000000 0.000000 1.000000 43.704062 0030 954285 1.151962 0.678000 0.283993
0030 966095 0.040719 -0.062023 -0.227272 1500 1500 1500 1973 31 4089 9.968342 2.213879 0.000000 0.000000 0.000000 1.000000 43.706311 0031 004364 0.900979 0.678000 0.284825
0031 013458 0.037255 -0.063264 -0.232075 1500 1500 1500 1972 31 54138 9.968342 2.213879 0.000000 0.000000 0.000000 0.990000 43.637936 0031 054443 0.399031 0.661050 0.278710
0031 065765 0.027182 -0.051950 -0.239698 1500 1500 1500 1972 31 104065 10.091088 2.247539 0.000000 0.000000 0.000000 0.980000 43.637227 0031 104340 -0.437495 0.644100 0.270428
0031 113190 0.010132 -0.034147 -0.247776 1500 1500 1500 1968 31 154053 10.091088 2.247539 0.000000 0.000000 0.000000 0.970000 43.443807 0031 154327 0.650002 0.678000 0.270582
0031 165161 -0.002205 -0.009246 -0.256222 1500 1500 1500 1965 31 203980 10.214174 2.281249 0.000000 0.000000 0.000000 0.960000 43.226341 0031 204193 -0.437495 0.678000 0.274096
0031 213135 -0.021322 0.008957 -0.266182 1500 1500 1500 1963 31 254059 10.214174 2.281249 0.000000 0.000000 0.000000 0.950000 43.159745 0031 254334 0.650002 0.694950 0.273517
0031 265686 -0.036220 0.022916 -0.274072 1500 1500 1500 1968 31 303955 10.337583 2.315046 0.000000 0.000000 0.000000 0.940000 43.413820 0031 304169 0.900979 0.661050 0.259493
0031 313080 -0.053593 0.028508 -0.282444 1500 1500 1500 1965 31 354004 10.337583 2.315046 0.000000 0.000000 0.000000 0.930000 43.274805 0031 354340 -0.437495 0.694950 0.259493
0031 363831 -0.063282 0.036784 -0.289778 1500 1500 1500 1964 31 404022 10.461300 2.348967 0.000000 0.000000 0.000000 0.920000 43.171945 0031 404297 -0.688440 0.661050 0.259493
0031 411835 -0.068683 0.042930 -0.294555 1500 1500 1500 1960 31 454071 10.461300 2.348967 0.000000 0.000000 0.000000 0.910000 42.963976 0031 454346 0.650002 0.694950 0.265225
0031 465668 -0.062601 0.043570 -0.298807 1500 1500 1500 1960 31 503967 10.585314 2.383035 0.000000 0.000000 0.000000 0.900000 42.990029 0031 504181 0.650002 0.627150 0.263030
0031 513092 -0.048654 0.041903 -0.300559 1500 1500 1500 1962 31 553955 10.585314 2.383035 0.000000 0.000000 0.000000 0.890000 43.071085 0031 554138 -0.437495 0.627150 0.257884
0031 565094 -0.031572 0.028529 -0.300750 1500 1500 1500 1961 31 603851 10.709615 2.417258 0.000000 0.000000 0.000000 0.880000 43.024571 0031 604065 0.148066 0.627150 0.257157
0031 613159 -0.013207 0.009968 -0.300113 1500 1500 1500 1962 31 653778 10.709615 2.417258 0.000000 0.000000 0.000000 0.870000 43.060697 0031 653992 0.650002 0.678000 0.253186
0031 665741 0.002537 -0.017649 -0.297325 1500 1500 1500 1960 31 703674 10.834202 2.451632 0.000000 0.000000 0.000000 0.860000 42.987426 0031 703857 0.650002 0.644100 0.253398
0031 713104 0.019116 -0.032163 -0.294841 1500 1500 1500 1959 31 753662 10.834202 2.451632 0.000000 0.000000 0.000000 0.850000 42.931437 0031 753845 0.064413 0.694950 0.253569
0031 765045 0.028802 -0.039541 -0.293586 1500 1500 1500 1963 31 803558 10.959071 2.486146 0.000000 0.000000 0.000000 0.840000 43.118793 0031 803741 0.064413 0.593250 0.243535
0031 811829 0.030694 -0.037957 -0.290540 1500 1500 1500 1962 31 853638 10.959071 2.486146 0.000000 0.000000 0.000000 0.830000 43.050019 0031 853912 0.064413 0.678000 0.242288
0031 865143 0.031057 -0.029196 -0.288173 1500 1500 1500 1962 31 903564 11.084221 2.520787 0.000000 0.000000 0.000000 0.820000 43.068483 0031 903748 0.064413 0.678000 0.237900
0031 913696 0.026600 -0.025135 -0.285855 1500 1500 1500 1963 31 953583 11.084221 2.520787 0.000000 0.000000 0.000000 0.810000 43.135465 0031 953766 0.650002 0.678000 0.231000
0031 965485 0.022815 -0.009574 -0.284563 1500 1500 1500 1962 32 3632 11.209652 2.555543 0.000000 0.000000 0.000000 0.800000 43.072090 0032 003845 0.064413 0.779700 0.228870
0032 013184 0.007707 0.008191 -0.282556 1500 1500 1500 1964 32 53558 11.209652 2.555543 0.000000 0.000000 0.000000 0.790000 43.167945 0032 053772 -0.186544 0.644100 0.220386
0032 065704 -0.013806 0.036815 -0.282450 1500 1500 1500 1961 32 103668 11.335359 2.590408 0.000000 0.000000 0.000000 0.780000 43.041312 0032 103973 -0.688440 0.678000 0.220379
0032 113159 -0.033734 0.064731 -0.283875 1500 1500 1500 1961 32 153717 11.335359 2.590408 0.000000 0.000000 0.000000 0.770000 43.024229 0032 153961 0.650002 0.678000 0.216983
0032 163818 -0.052873 0.081421 -0.284210 1500 1500 1500 1963 32 203827 11.461340 2.625379 0.000000 0.000000 0.000000 0.760000 43.147431 0032 204285 0.650002 0.644100 0.207487
0032 213135 -0.050662 0.087542 -0.285122 1500 1500 1500 1963 32 253876 11.461340 2.625379 0.000000 0.000000 0.000000 0.750000 43.113034 0032 254120 0.900979 0.644100 0.203279
0032 265686 -0.019264 0.081843 -0.283407 1500 1500 1500 1960 32 303955 11.587589 2.660456 0.000000 0.000000 0.000000 0.740000 42.989454 0032 304260 0.650002 0.779700 0.203303
0032 312958 -0.003198 0.064476 -0.279098 1500 1500 1500 1962 32 354004 11.587589 2.660456 0.000000 0.000000 0.000000 0.730000 43.051774 0032 354187 0.650002 0.627150 0.196543
0032 365143 -0.002285 0.044492 -0.274522 1500 1500 1500 1958 32 404022 11.714107 2.695624 0.000000 0.000000 0.000000 0.720000 42.831413 0032 404327 0.650002 0.661050 0.201304
0032 411804 0.001248 0.027127 -0.270047 1500 1500 1500 1957 32 454163 11.714107 2.695624 0.000000 0.000000 0.000000 0.710000 42.777316 0032 454376 0.650002 0.474600 0.201304
0032 465851 0.006514 0.006353 -0.266418 1500 1500 1500 1956 32 504059 11.840893 2.730864 0.000000 0.000000 0.000000 0.700000 42.724359 0032 504334 0.900979 0.644100 0.201723
0032 513062 0.013659 0.000123 -0.261594 1500 1500 1500 1956 32 553955 11.840893 2.730864 0.000000 0.000000 0.000000 0.690000 42.760554 0032 554230 0.064413 0.661050 0.198669
0032 565460 0.022011 0.000856 -0.257523 1500 1500 1500 1961 32 603851 11.967950 2.766155 0.000000 0.000000 0.000000 0.680000 42.999552 0032 604065 0.399031 0.627150 0.186055
0032 611877 0.024870 -0.003192 -0.254229 1500 1500 1500 1960 32 653778 11.967950 2.766155 0.000000 0.000000 0.000000 0.670000 42.956617 0032 653992 1.402951 0.644100 0.182744
0032 665283 0.023410 -0.007528 -0.249949 1500 1500 1500 1956 32 703674 12.095278 2.801477 0.000000 0.000000 0.000000 0.660000 42.753504 0032 703888 -0.186544 0.678000 0.186875
0032 712982 0.020596 -0.008777 -0.246749 1500 1500 1500 1955 32 753723 12.095278 2.801477 0.000000 0.000000 0.000000 0.650000 42.699422 0032 753967 0.148066 0.711900 0.186790
0032 765350 0.013588 -0.007804 -0.243965 1500 1500 1500 1956 32 803833 12.222876 2.836817 0.000000 0.000000 0.000000 0.640000 42.732814 0032 804016 0.650002 0.627150 0.183332
0032 813293 0.006740 0.011006 -0.240168 1500 1500 1500 1961 32 853851 12.222876 2.836817 0.000000 0.000000 0.000000 0.630000 43.045378 0032 854034 -0.437495 0.508500 0.167006
0032 865631 -0.005704 0.033646 -0.237575 1500 1500 1500 1959 32 903900 12.350743 2.872159 0.000000 0.000000 0.000000 0.620000 42.896177 0032 904236 0.064413 0.678000 0.167006
0032 912933 -0.021119 0.049249 -0.236223 1500 1500 1500 1958 32 953918 12.350743 2.872159 0.000000 0.000000 0.000000 0.610000 42.851973 0032 954224 0.399031 0.627150 0.164115
0032 964996 -0.031157 0.059009 -0.235005 1500 1500 1500 1957 33 3937 12.478878 2.907495 0.000000 0.000000 0.000000 0.600000 42.803928 0033 004211 0.148066 0.610200 0.161802
0033 012970 -0.033965 0.064445 -0.233314 1500 1500 1500 1951 33 53955 12.478878 2.907495 0.000000 0.000000 0.000000 0.590000 42.446946 0033 054230 0.900979 0.678000 0.173511
0033 064972 -0.029317 0.061142 -0.231884 1500 1500 1500 1949 33 103912 12.607279 2.942818 0.000000 0.000000 0.000000 0.580000 42.315440 0033 104187 0.399031 0.627150 0.179489
0033 112915 -0.024480 0.050707 -0.229361 1500 1500 1500 1950 33 153839 12.607279 2.942818 0.000000 0.000000 0.000000 0.570000 42.396002 0033 154022 0.650002 0.610200 0.177491
0033 165009 -0.019590 0.038984 -0.225739 1500 1500 1500 1947 33 203888 12.735943 2.978117 0.000000 0.000000 0.000000 0.560000 42.207443 0033 204132 -0.186544 0.678000 0.186063
0033 211670 -0.009842 0.036319 -0.221268 1500 1500 1500 1946 33 253784 12.735943 2.978117 0.000000 0.000000 0.000000 0.550000 42.181295 0033 253998 0.900979 0.678000 0.189530
0033 265595 0.001121 0.030740 -0.217215 1500 1500 1500 1946 33 303803 12.864870 3.013376 0.000000 0.000000 0.000000 0.540000 42.171296 0033 304016 0.399031 0.694950 0.192304
0033 313019 0.008568 0.022850 -0.213255 1500 1500 1500 1949 33 353760 12.864870 3.013376 0.000000 0.000000 0.000000 0.530000 42.324111 0033 354218 -0.186544 0.627150 0.187743
0033 364990 0.009570 0.011748 -0.208664 1500 1500 1500 1948 33 403748 12.994061 3.048575 0.000000 0.000000 0.000000 0.520000 42.253027 0033 403931 0.650002 0.661050 0.190875
0033 411682 0.014123 0.006037 -0.203347 1500 1500 1500 1948 33 453705 12.994061 3.048575 0.000000 0.000000 0.000000 0.510000 42.287371 0033 453918 0.399031 0.678000 0.189990
0033 465607 0.020150 0.002849 -0.198389 1500 1500 1500 1950 33 503784 13.123516 3.083694 0.000000 0.000000 0.000000 0.500000 42.379464 0033 503967 0.148066 0.627150 0.185892
0033 512970 0.020072 0.003788 -0.194830 1500 1500 1500 1952 33 553741 13.123516 3.083694 0.000000 0.000000 0.000000 0.490000 42.499144 0033 553986 0.900979 0.610200 0.179223
0033 565002 0.015419 0.009464 -0.192246 1500 1500 1500 1950 33 603668 13.253235 3.118718 0.000000 0.000000 0.000000 0.480000 42.396444 0033 604279 0.399031 0.661050 0.180669
0033 611786 0.012759 0.020117 -0.191191 1500 1500 1500 1950 33 653626 13.253235 3.118718 0.000000 0.000000 0.000000 0.470000 42.401919 0033 653839 0.650002 0.644100 0.178435
0033 665497 0.011826 0.027305 -0.191273 1500 1500 1500 1951 33 703583 13.383215 3.153639 0.000000 0.000000 0.000000 0.460000 42.468414 0033 703766 0.399031 0.661050 0.173258
