0005 564300 0.025298 0.034166 0.082548 1500 1500 1500 950 5 568969 0.000000 0.000000 0.000000 0.000000 0.000000 0.000000 0.000000 0005 569336 -0.111262 0.661050 0.037290
0005 617462 0.025344 0.034182 0.082536 1500 1500 1500 950 5 619079 0.000000 0.000000 0.000000 0.000000 0.000000 0.000000 0.000000 0005 619262 0.139707 0.661050 0.067122
0005 665497 0.025374 0.034190 0.082549 1500 1500 1500 950 5 669250 0.000000 0.000000 0.000000 0.000000 0.000000 0.000000 0.000000 0005 669464 0.641662 0.661050 0.087598
0005 717682 0.025389 0.034204 0.082556 1500 1500 1500 950 5 719208 0.000000 0.000000 0.000000 0.000000 0.000000 0.000000 0.000000 0005 719391 -0.362225 0.661050 0.107368
0005 764190 0.025397 0.034205 0.082565 1500 1500 1500 950 5 769226 0.000000 0.000000 0.000000 0.000000 0.000000 0.000000 0.000000 0005 769439 -0.111262 0.661050 0.123184
0005 818054 0.025371 0.034210 0.082562 1500 1500 1500 950 5 819336 0.000000 0.000000 0.000000 0.000000 0.000000 0.000000 0.000000 0005 819519 0.139707 0.661050 0.132448
0005 864197 0.025354 0.034219 0.082550 1500 1500 1500 950 5 869751 0.000000 0.000000 0.000000 0.000000 0.000000 0.000000 0.000000 0005 870025 -0.111262 0.661050 0.143248
0005 916198 0.025357 0.034208 0.082549 1500 1500 1500 950 5 919769 0.000000 0.000000 0.000000 0.000000 0.000000 0.000000 0.000000 0005 920257 0.390681 0.661050 0.151888
0005 964172 0.025366 0.034198 0.082548 1500 1500 1500 950 5 969940 0.000000 0.000000 0.000000 0.000000 0.000000 0.000000 0.000000 0005 970123 0.390681 0.661050 0.158801
0006 017456 0.025360 0.034208 0.082558 1500 1500 1500 950 6 20050 0.000000 0.000000 0.000000 0.000000 0.000000 0.000000 0.000000 0006 020263 -0.864132 0.661050 0.160941
0006 064209 0.025385 0.034181 0.082563 1500 1500 1500 950 6 70068 0.000000 0.000000 0.000000 0.000000 0.000000 0.000000 0.000000 0006 070251 0.390681 0.661050 0.162652
0006 117645 0.025323 0.034184 0.082556 1500 1500 1500 950 6 120117 0.000000 0.000000 0.000000 0.000000 0.000000 0.000000 0.000000 0006 120300 -0.362225 0.661050 0.167412
0006 164184 0.025295 0.034181 0.082572 1500 1500 1500 950 6 170196 0.000000 0.000000 0.000000 0.000000 0.000000 0.000000 0.000000 0006 170379 -0.613182 0.661050 0.167830
0006 217254 0.025303 0.034156 0.082569 1500 1500 1500 950 6 220093 0.000000 0.000000 0.000000 0.000000 0.000000 0.000000 0.000000 0006 220276 -0.111262 0.661050 0.171554
0006 264190 0.025307 0.034161 0.082580 1500 1500 1500 950 6 270111 0.000000 0.000000 0.000000 0.000000 0.000000 0.000000 0.000000 0006 270294 0.390681 0.661050 0.171143
0006 317749 0.025291 0.034161 0.082585 1500 1500 1500 950 6 320221 0.000000 0.000000 0.000000 0.000000 0.000000 0.000000 0.000000 0006 320404 -0.613182 0.661050 0.174204
0006 364136 0.025310 0.034172 0.082616 1500 1500 1500 950 6 370239 0.000000 0.000000 0.000000 0.000000 0.000000 0.000000 0.000000 0006 370453 0.892649 0.661050 0.176653
0006 417389 0.025286 0.034172 0.082601 1500 1500 1500 950 6 420318 0.000000 0.000000 0.000000 0.000000 0.000000 0.000000 0.000000 0006 420563 -0.111262 0.661050 0.178613
0006 464142 0.025266 0.034167 0.082616 1500 1500 1500 950 6 470306 0.000000 0.000000 0.000000 0.000000 0.000000 0.000000 0.000000 0006 470520 0.139707 0.661050 0.176790
0006 517608 0.025287 0.034166 0.082640 1500 1500 1500 950 6 520386 0.000000 0.000000 0.000000 0.000000 0.000000 0.000000 0.000000 0006 520599 -0.613182 0.678000 0.175332
0006 564178 0.025297 0.034148 0.082655 1500 1500 1500 950 6 570404 0.000000 0.000000 0.000000 0.000000 0.000000 0.000000 0.000000 0006 570587 0.390681 0.661050 0.177556
0006 617401 0.025270 0.034145 0.082642 1500 1500 1500 950 6 620514 0.000000 0.000000 0.000000 0.000000 0.000000 0.000000 0.000000 0006 620849 0.139707 0.661050 0.175945
0006 664154 0.025257 0.034111 0.082630 1500 1500 1500 950 6 670471 0.000000 0.000000 0.000000 0.000000 0.000000 0.000000 0.000000 0006 670685 -0.613182 0.661050 0.174656
0006 717834 0.025254 0.034130 0.082654 1500 1500 1500 950 6 720459 0.000000 0.000000 0.000000 0.000000 0.000000 0.000000 0.000000 0006 720642 0.390681 0.661050 0.177015
0006 764129 0.025266 0.034138 0.082655 1500 1500 1500 950 6 770416 0.000000 0.000000 0.000000 0.000000 0.000000 0.000000 0.000000 0006 770599 -0.111262 0.661050 0.175512
0006 817322 0.025243 0.034139 0.082655 1500 1500 1500 950 6 820404 0.000000 0.000000 0.000000 0.000000 0.000000 0.000000 0.000000 0006 820617 -0.362225 0.661050 0.177699
0006 864136 0.025226 0.034145 0.082665 1500 1500 1500 950 6 870331 0.000000 0.000000 0.000000 0.000000 0.000000 0.000000 0.000000 0006 870544 0.139707 0.661050 0.179449
0006 916076 0.025213 0.034138 0.082664 1500 1500 1500 950 6 920349 0.000000 0.000000 0.000000 0.000000 0.000000 0.000000 0.000000 0006 920563 -0.613182 0.661050 0.180850
0006 964081 0.025203 0.034136 0.082668 1500 1500 1500 950 6 970276 0.000000 0.000000 0.000000 0.000000 0.000000 0.000000 0.000000 0006 970489 0.139707 0.661050 0.181970
0007 017975 0.025188 0.034123 0.082677 1500 1500 1500 950 7 20355 0.000000 0.000000 0.000000 0.000000 0.000000 0.000000 0.000000 0007 020538 -0.362225 0.678000 0.182866
0007 064117 0.025171 0.034135 0.082672 1500 1500 1500 950 7 70282 0.000000 0.000000 0.000000 0.000000 0.000000 0.000000 0.000000 0007 070465 -0.111262 0.661050 0.183583
0007 117828 0.025170 0.034135 0.082689 1500 1500 1500 950 7 120300 0.000000 0.000000 0.000000 0.000000 0.000000 0.000000 0.000000 0007 120514 -0.362225 0.661050 0.180766
0007 164154 0.025157 0.034152 0.082706 1500 1500 1500 950 7 170196 0.000000 0.000000 0.000000 0.000000 0.000000 0.000000 0.000000 0007 170379 -0.111262 0.661050 0.181903
0007 217529 0.025147 0.034169 0.082717 1500 1500 1500 950 7 220123 0.000000 0.000000 0.000000 0.000000 0.000000 0.000000 0.000000 0007 220337 0.390681 0.661050 0.182812
0007 264160 0.025157 0.034167 0.082702 1500 1500 1500 950 7 270080 0.000000 0.000000 0.000000 0.000000 0.000000 0.000000 0.000000 0007 270263 -0.111262 0.661050 0.183540
0007 317871 0.025156 0.034154 0.082699 1500 1500 1500 950 7 320099 0.000000 0.000000 0.000000 0.000000 0.000000 0.000000 0.000000 0007 320282 0.641662 0.661050 0.180732
0007 364105 0.025138 0.034149 0.082709 1500 1500 1500 950 7 370270 0.000000 0.000000 0.000000 0.000000 0.000000 0.000000 0.000000 0007 370453 -0.111262 0.678000 0.181875
0007 417419 0.025147 0.034151 0.082695 1500 1500 1500 950 7 420288 0.000000 0.000000 0.000000 0.000000 0.000000 0.000000 0.000000 0007 420471 0.390681 0.661050 0.182790
0007 464081 0.025141 0.034121 0.082707 1500 1500 1500 950 7 470184 0.000000 0.000000 0.000000 0.000000 0.000000 0.000000 0.000000 0007 470367 0.641662 0.678000 0.183522
0007 516113 0.025126 0.034145 0.082702 1500 1500 1500 950 7 520355 0.000000 0.000000 0.000000 0.000000 0.000000 0.000000 0.000000 0007 520538 0.641662 0.678000 0.184108
0007 565582 0.025150 0.034130 0.082695 1500 1500 1500 1000 7 570343 0.000000 0.000000 0.000000 0.000000 0.000000 0.000000 0.000000 0007 570526 0.390681 0.678000 0.184576
0007 617401 0.025158 0.034144 0.082704 1500 1500 1500 1000 7 620422 0.000000 0.000000 0.000000 0.000000 0.000000 0.000000 0.000000 0007 620605 0.390681 0.678000 0.184951
0007 664093 0.025170 0.034157 0.082721 1500 1500 1500 1000 7 670440 0.000000 0.000000 0.000000 0.000000 0.000000 0.000000 0.000000 0007 670654 -1.198724 0.678000 0.185251
0007 717590 0.025171 0.034171 0.082751 1500 1500 1500 1000 7 720581 0.000000 0.000000 0.000000 0.000000 0.000000 0.000000 0.000000 0007 720855 -0.111262 0.678000 0.185491
0007 764038 0.025168 0.034149 0.082767 1500 1500 1500 1000 7 770477 0.000000 0.000000 0.000000 0.000000 0.000000 0.000000 0.000000 0007 770660 -0.362225 0.678000 0.185683
0007 817352 0.025194 0.034132 0.082777 1500 1500 1500 1000 7 820556 0.000000 0.000000 0.000000 0.000000 0.000000 0.000000 0.000000 0007 820831 -0.111262 0.678000 0.185836
0007 864044 0.025172 0.034122 0.082764 1500 1500 1500 1000 7 870636 0.000000 0.000000 0.000000 0.000000 0.000000 0.000000 0.000000 0007 871521 -0.111262 0.678000 0.185959
0007 917785 0.025189 0.034117 0.082786 1500 1500 1500 1000 7 920776 0.000000 0.000000 0.000000 0.000000 0.000000 0.000000 0.000000 0007 920959 -0.111262 0.661050 0.182667
0007 964050 0.025182 0.034099 0.082787 1500 1500 1500 1000 7 971008 0.000000 0.000000 0.000000 0.000000 0.000000 0.000000 0.000000 0007 971222 -0.864132 0.678000 0.183424
0008 017517 0.025187 0.034085 0.082790 1500 1500 1500 1000 8 21087 0.000000 0.000000 0.000000 0.000000 0.000000 0.000000 0.000000 0008 021271 -0.362225 0.678000 0.184029
0008 064026 0.025190 0.034068 0.082783 1500 1500 1500 1000 8 71228 0.000000 0.000000 0.000000 0.000000 0.000000 0.000000 0.000000 0008 071411 -0.613182 0.678000 0.184513
0008 116089 0.025213 0.034066 0.082809 1500 1500 1500 1000 8 121216 0.000000 0.000000 0.000000 0.000000 0.000000 0.000000 0.000000 0008 121429 -0.111262 0.678000 0.184901
0008 164062 0.025217 0.034079 0.082808 1500 1500 1500 1000 8 171264 0.000000 0.000000 0.000000 0.000000 0.000000 0.000000 0.000000 0008 171539 -0.111262 0.678000 0.185210
0008 218017 0.025213 0.034072 0.082815 1500 1500 1500 1000 8 221344 0.000000 0.000000 0.000000 0.000000 0.000000 0.000000 0.000000 0008 221527 0.139707 0.678000 0.185458
0008 264038 0.025230 0.034088 0.082819 1500 1500 1500 1000 8 271393 0.000000 0.000000 0.000000 0.000000 0.000000 0.000000 0.000000 0008 271606 0.390681 0.678000 0.185657
0008 317535 0.025230 0.034093 0.082825 1500 1500 1500 1000 8 321411 0.000000 0.000000 0.000000 0.000000 0.000000 0.000000 0.000000 0008 321594 -0.111262 0.661050 0.182425
0008 365570 0.025227 0.034091 0.082839 1500 1500 1500 1000 8 371338 0.000000 0.000000 0.000000 0.000000 0.000000 0.000000 0.000000 0008 371551 0.139707 0.678000 0.179840
0008 417389 0.025241 0.034104 0.082872 1500 1500 1500 1000 8 421325 0.000000 0.000000 0.000000 0.000000 0.000000 0.000000 0.000000 0008 421539 0.892649 0.678000 0.181162
0008 464020 0.025261 0.034113 0.082866 1500 1500 1500 1000 8 471374 0.000000 0.000000 0.000000 0.000000 0.000000 0.000000 0.000000 0008 471557 0.139707 0.678000 0.178830
0008 517547 0.025247 0.034082 0.082873 1500 1500 1500 1000 8 521332 0.000000 0.000000 0.000000 0.000000 0.000000 0.000000 0.000000 0008 521545 0.139707 0.678000 0.180354
0008 565643 0.025225 0.034078 0.082889 1500 1500 1500 1000 8 571319 0.000000 0.000000 0.000000 0.000000 0.000000 0.000000 0.000000 0008 571533 0.390681 0.678000 0.178183
0008 617431 0.025215 0.034069 0.082867 1500 1500 1500 1000 8 621307 0.000000 0.000000 0.000000 0.000000 0.000000 0.000000 0.000000 0008 621490 -0.111262 0.661050 0.176446
0008 664001 0.025234 0.034040 0.082851 1500 1500 1500 1000 8 671264 0.000000 0.000000 0.000000 0.000000 0.000000 0.000000 0.000000 0008 671478 0.892649 0.661050 0.175057
0008 717621 0.025246 0.034030 0.082861 1500 1500 1500 1000 8 721161 0.000000 0.000000 0.000000 0.000000 0.000000 0.000000 0.000000 0008 721344 0.892649 0.678000 0.177336
0008 764007 0.025214 0.034005 0.082871 1500 1500 1500 1000 8 771271 0.000000 0.000000 0.000000 0.000000 0.000000 0.000000 0.000000 0008 771454 0.641662 0.678000 0.179159
0008 817322 0.025220 0.034008 0.082880 1500 1500 1500 1000 8 821228 0.000000 0.000000 0.000000 0.000000 0.000000 0.000000 0.000000 0008 821411 -0.362225 0.678000 0.180617
0008 863983 0.025204 0.034006 0.082885 1500 1500 1500 1000 8 871368 0.000000 0.000000 0.000000 0.000000 0.000000 0.000000 0.000000 0008 871856 -0.613182 0.678000 0.181783
0008 917480 0.025197 0.033993 0.082897 1500 1500 1500 1000 8 921356 0.000000 0.000000 0.000000 0.000000 0.000000 0.000000 0.000000 0008 921570 -0.111262 0.678000 0.182717
0008 964020 0.025192 0.033997 0.082917 1500 1500 1500 1000 8 971313 0.000000 0.000000 0.000000 0.000000 0.000000 0.000000 0.000000 0008 971527 0.139707 0.678000 0.183463
0009 017395 0.025206 0.034013 0.082913 1500 1500 1500 1000 9 21301 0.000000 0.000000 0.000000 0.000000 0.000000 0.000000 0.000000 0009 021515 0.390681 0.678000 0.184061
0009 064056 0.025222 0.034024 0.082917 1500 1500 1500 1000 9 71258 0.000000 0.000000 0.000000 0.000000 0.000000 0.000000 0.000000 0009 071533 -0.864132 0.678000 0.181149
0009 117462 0.025254 0.034030 0.082926 1500 1500 1500 1000 9 121277 0.000000 0.000000 0.000000 0.000000 0.000000 0.000000 0.000000 0009 121460 -0.362225 0.678000 0.182209
0009 164001 0.025279 0.034048 0.082949 1500 1500 1500 1000 9 171325 0.000000 0.000000 0.000000 0.000000 0.000000 0.000000 0.000000 0009 171509 -0.111262 0.694950 0.183057
0009 217865 0.025294 0.034046 0.082948 1500 1500 1500 1000 9 221466 0.000000 0.000000 0.000000 0.000000 0.000000 0.000000 0.000000 0009 221649 0.390681 0.678000 0.183736
0009 264038 0.025312 0.034053 0.082967 1500 1500 1500 1000 9 271423 0.000000 0.000000 0.000000 0.000000 0.000000 0.000000 0.000000 0009 271637 -1.449661 0.678000 0.184279
0009 317444 0.025323 0.034052 0.082974 1500 1500 1500 1000 9 321350 0.000000 0.000000 0.000000 0.000000 0.000000 0.000000 0.000000 0009 321533 -0.613182 0.678000 0.184713
0009 364013 0.025306 0.034058 0.082970 1500 1500 1500 1000 9 371246 0.000000 0.000000 0.000000 0.000000 0.000000 0.000000 0.000000 0009 371460 -0.864132 0.678000 0.185060
0009 417358 0.025319 0.034061 0.082968 1500 1500 1500 1000 9 421234 0.000000 0.000000 0.000000 0.000000 0.000000 0.000000 0.000000 0009 421417 -0.111262 0.678000 0.185338
0009 463989 0.025333 0.034076 0.082992 1500 1500 1500 1000 9 471344 0.000000 0.000000 0.000000 0.000000 0.000000 0.000000 0.000000 0009 471527 0.641662 0.678000 0.185561
0009 517486 0.025362 0.034080 0.082985 1500 1500 1500 1000 9 521423 0.000000 0.000000 0.000000 0.000000 0.000000 0.000000 0.000000 0009 521942 -0.613182 0.678000 0.185738
0009 563934 0.025360 0.034074 0.082995 1500 1500 1500 1000 9 571502 0.000000 0.000000 0.000000 0.000000 0.000000 0.000000 0.000000 0009 571777 -0.613182 0.678000 0.185881
0009 617126 0.025371 0.034054 0.083000 1500 1500 1500 1000 9 621734 0.000000 0.000000 0.000000 0.000000 0.000000 0.000000 0.000000 0009 621917 0.139707 0.678000 0.185995
0009 664245 0.025393 0.034069 0.083035 1500 1500 1500 1000 9 671753 0.000000 0.000000 0.000000 0.000000 0.000000 0.000000 0.000000 0009 671936 -0.111262 0.678000 0.186086
0009 717407 0.025398 0.034069 0.083032 1500 1500 1500 1000 9 721802 0.000000 0.000000 0.000000 0.000000 0.000000 0.000000 0.000000 0009 722015 -0.613182 0.678000 0.182769
0009 764099 0.025382 0.034071 0.083037 1500 1500 1500 1000 9 771911 0.000000 0.000000 0.000000 0.000000 0.000000 0.000000 0.000000 0009 772094 0.139707 0.678000 0.183505
0009 817322 0.025418 0.034067 0.083029 1500 1500 1500 1000 9 822052 0.000000 0.000000 0.000000 0.000000 0.000000 0.000000 0.000000 0009 822235 0.390681 0.678000 0.180704
0009 863983 0.025416 0.034057 0.083027 1500 1500 1500 1000 9 872162 0.000000 0.000000 0.000000 0.000000 0.000000 0.000000 0.000000 0009 872375 -0.362225 0.678000 0.181853
0009 915924 0.025390 0.034053 0.083049 1500 1500 1500 1000 9 922149 0.000000 0.000000 0.000000 0.000000 0.000000 0.000000 0.000000 0009 922363 0.390681 0.678000 0.182772
0009 963959 0.025398 0.034058 0.083069 1500 1500 1500 1000 9 972198 0.000000 0.000000 0.000000 0.000000 0.000000 0.000000 0.000000 0009 972473 0.641662 0.678000 0.183508
0010 017792 0.025412 0.034037 0.083074 1500 1500 1500 1000 10 22217 0.000000 0.000000 0.000000 0.000000 0.000000 0.000000 0.000000 0010 022400 1.143642 0.678000 0.180706
0010 064087 0.025415 0.034017 0.083079 1500 1500 1500 1000 10 72235 0.000000 0.000000 0.000000 0.000000 0.000000 0.000000 0.000000 0010 072418 0.390681 0.678000 0.181855
0010 115936 0.025410 0.034020 0.083072 1500 1500 1500 1000 10 122253 0.000000 0.000000 0.000000 0.000000 0.000000 0.000000 0.000000 0010 122436 -0.613182 0.661050 0.182774
0010 163971 0.025384 0.033997 0.083073 1500 1500 1500 1000 10 172180 0.000000 0.000000 0.000000 0.000000 0.000000 0.000000 0.000000 0010 172394 0.139707 0.678000 0.183509
0010 217254 0.025414 0.034003 0.083087 1500 1500 1500 1000 10 222168 0.000000 0.000000 0.000000 0.000000 0.000000 0.000000 0.000000 0010 222442 -0.111262 0.678000 0.184097
0010 263916 0.025386 0.033994 0.083108 1500 1500 1500 1000 10 272064 0.000000 0.000000 0.000000 0.000000 0.000000 0.000000 0.000000 0010 272278 0.390681 0.678000 0.184568
0010 315918 0.025370 0.033989 0.083122 1500 1500 1500 1000 10 322021 0.000000 0.000000 0.000000 0.000000 0.000000 0.000000 0.000000 0010 322235 0.390681 0.678000 0.184944
0010 363922 0.025342 0.033981 0.083130 1500 1500 1500 1000 10 371917 0.000000 0.000000 0.000000 0.000000 0.000000 0.000000 0.000000 0010 372131 -0.613182 0.661050 0.185245
0010 418060 0.025321 0.034002 0.083142 1500 1500 1500 1000 10 421905 0.000000 0.000000 0.000000 0.000000 0.000000 0.000000 0.000000 0010 422119 -0.613182 0.661050 0.182096
0010 463928 0.025303 0.033980 0.083127 1500 1500 1500 1000 10 472015 0.000000 0.000000 0.000000 0.000000 0.000000 0.000000 0.000000 0010 472198 0.139707 0.661050 0.179577
0010 515930 0.025320 0.034007 0.083118 1500 1500 1500 1000 10 521972 0.000000 0.000000 0.000000 0.000000 0.000000 0.000000 0.000000 0010 522156 -0.362225 0.678000 0.177562
0010 563904 0.025316 0.034001 0.083124 1500 1500 1500 1000 10 572082 0.000000 0.000000 0.000000 0.000000 0.000000 0.000000 0.000000 0010 572296 -0.362225 0.678000 0.179339
0010 617859 0.025314 0.034016 0.083132 1500 1500 1500 1000 10 622101 0.000000 0.000000 0.000000 0.000000 0.000000 0.000000 0.000000 0010 622314 -0.613182 0.678000 0.177371
0010 665100 0.025305 0.034008 0.083144 1500 1500 1500 1000 10 671997 0.000000 0.000000 0.000000 0.000000 0.000000 0.000000 0.000000 0010 672210 0.390681 0.678000 0.175797
0010 715912 0.025285 0.034025 0.083159 1500 1500 1500 1000 10 722076 0.000000 0.000000 0.000000 0.000000 0.000000 0.000000 0.000000 0010 722290 0.390681 0.678000 0.174538
0010 763977 0.025281 0.034010 0.083174 1500 1500 1500 1000 10 772186 0.000000 0.000000 0.000000 0.000000 0.000000 0.000000 0.000000 0010 772369 -0.362225 0.678000 0.173530
0010 817199 0.025272 0.034003 0.083165 1500 1500 1500 1000 10 822082 0.000000 0.000000 0.000000 0.000000 0.000000 0.000000 0.000000 0010 822265 0.390681 0.678000 0.176114
0010 864013 0.025266 0.034003 0.083156 1500 1500 1500 1000 10 871979 0.000000 0.000000 0.000000 0.000000 0.000000 0.000000 0.000000 0010 872192 0.892649 0.678000 0.178181
0010 916046 0.025250 0.034000 0.083160 1500 1500 1500 1000 10 922088 0.000000 0.000000 0.000000 0.000000 0.000000 0.000000 0.000000 0010 922271 0.390681 0.678000 0.179835
0010 963928 0.025223 0.034012 0.083169 1500 1500 1500 1000 10 972046 0.000000 0.000000 0.000000 0.000000 0.000000 0.000000 0.000000 0010 972259 -0.111262 0.678000 0.181158
0011 017334 0.025216 0.033985 0.083198 1500 1500 1500 1000 11 22186 0.000000 0.000000 0.000000 0.000000 0.000000 0.000000 0.000000 0011 022369 -0.111262 0.678000 0.182216
0011 063904 0.025198 0.033998 0.083168 1500 1500 1500 1000 11 72174 0.000000 0.000000 0.000000 0.000000 0.000000 0.000000 0.000000 0011 072387 -0.613182 0.678000 0.183063
0011 117462 0.025222 0.033989 0.083166 1500 1500 1500 1000 11 122223 0.000000 0.000000 0.000000 0.000000 0.000000 0.000000 0.000000 0011 122436 -0.613182 0.678000 0.180351
0011 163879 0.025202 0.033964 0.083161 1500 1500 1500 1000 11 172302 0.000000 0.000000 0.000000 0.000000 0.000000 0.000000 0.000000 0011 172485 -0.111262 0.678000 0.181570
0011 217804 0.025202 0.033936 0.083147 1500 1500 1500 1000 11 222320 0.000000 0.000000 0.000000 0.000000 0.000000 0.000000 0.000000 0011 222534 0.139707 0.678000 0.179156
0011 263855 0.025194 0.033959 0.083158 1500 1500 1500 1000 11 272430 0.000000 0.000000 0.000000 0.000000 0.000000 0.000000 0.000000 0011 272796 0.641662 0.678000 0.177225
0011 317383 0.025179 0.033952 0.083138 1500 1500 1500 1000 11 322479 0.000000 0.000000 0.000000 0.000000 0.000000 0.000000 0.000000 0011 322815 -0.111262 0.678000 0.179070
0011 363861 0.025204 0.033949 0.083144 1500 1500 1500 1000 11 372650 0.000000 0.000000 0.000000 0.000000 0.000000 0.000000 0.000000 0011 372864 -0.111262 0.678000 0.180546
0011 417846 0.025242 0.033974 0.083161 1500 1500 1500 1000 11 422699 0.000000 0.000000 0.000000 0.000000 0.000000 0.000000 0.000000 0011 422882 0.139707 0.678000 0.181727
0011 463897 0.025239 0.033978 0.083146 1500 1500 1500 1000 11 472839 0.000000 0.000000 0.000000 0.000000 0.000000 0.000000 0.000000 0011 473114 -0.111262 0.678000 0.182671
0011 515991 0.025224 0.033971 0.083163 1500 1500 1500 1786 11 522766 0.000000 0.000000 0.000000 0.000000 0.000000 0.050000 32.960596 0011 522949 -0.362225 0.678000 0.183427
0011 563904 0.025211 0.033963 0.083177 1500 1500 1500 1820 11 572815 0.001383 -0.000115 0.000000 0.000000 0.000000 0.100000 34.919322 0011 572998 0.641662 0.678000 0.184032
0011 617248 0.025203 0.033958 0.083185 1500 1500 1500 1844 11 622955 0.001383 -0.000115 0.000000 0.000000 0.000000 0.150000 36.321195 0011 623138 0.390681 0.678000 0.184515
0011 667267 0.025085 0.034294 0.081800 1500 1500 1500 1863 11 673034 0.005046 -0.000419 0.000000 0.000000 0.000000 0.200000 37.387879 0011 673370 0.390681 0.694950 0.182500
0011 718963 0.024925 0.034771 0.079758 1500 1500 1500 1877 11 723022 0.005046 -0.000419 0.000000 0.000000 0.000000 0.250000 38.178145 0011 723236 -0.362225 0.627150 0.179900
0011 765442 0.024946 0.034257 0.083006 1500 1500 1500 1886 11 773010 0.010952 -0.000908 0.000000 0.000000 0.000000 0.300000 38.703101 0011 773224 0.390681 0.508500 0.179900
0011 817322 0.025074 0.035533 0.081815 1500 1500 1500 1893 11 822998 0.010952 -0.000908 0.000000 0.000000 0.000000 0.350000 39.100427 0011 823211 0.139707 0.440700 0.179900
0011 865234 0.022845 0.035847 0.072600 1500 1500 1500 1902 11 873047 0.019068 -0.001566 0.000000 0.000000 0.000000 0.400000 39.610602 0011 873230 0.641662 0.593250 0.171040
0011 917511 0.019027 0.033684 0.063307 1500 1500 1500 1902 11 923034 0.019068 -0.001566 0.000000 0.000000 0.000000 0.450000 39.654255 0011 923218 -0.362225 0.694950 0.177512
0011 963867 0.015860 0.031347 0.058704 1500 1500 1500 1903 11 973083 0.029363 -0.002363 0.000000 0.000000 0.000000 0.500000 39.664294 0011 973297 0.641662 0.711900 0.186080
0012 017181 0.014730 0.028147 0.057133 1500 1500 1500 1905 12 23010 0.029363 -0.002363 0.000000 0.000000 0.000000 0.550000 39.813881 0012 023193 0.139707 0.694950 0.189544
0012 063843 0.012745 0.020666 0.059268 1500 1500 1500 1910 12 73028 0.041803 -0.003283 0.000000 0.000000 0.000000 0.600000 40.118421 0012 073211 1.143642 0.644100 0.185535
0012 118957 0.011216 0.020127 0.063480 1500 1500 1500 1913 12 123108 0.041803 -0.003283 0.000000 0.000000 0.000000 0.650000 40.270438 0012 123291 0.139707 0.644100 0.185718
0012 163818 0.008732 0.026130 0.069702 1500 1500 1500 1917 12 173065 0.056354 -0.004340 0.000000 0.000000 0.000000 0.700000 40.487163 0012 173248 -0.362225 0.661050 0.182474
0012 217163 0.006437 0.030253 0.074221 1500 1500 1500 1919 12 223205 0.056354 -0.004340 0.000000 0.000000 0.000000 0.750000 40.581501 0012 223388 -0.111262 0.678000 0.183269
0012 263824 0.005056 0.033842 0.075050 1500 1500 1500 1918 12 273163 0.072983 -0.005550 0.000000 0.000000 0.000000 0.800000 40.529361 0012 273346 0.892649 0.694950 0.190686
0012 317596 0.004704 0.038734 0.074636 1500 1500 1500 1918 12 323150 0.072983 -0.005550 0.000000 0.000000 0.000000 0.850000 40.555767 0012 323334 -0.111262 0.694950 0.196618
0012 363861 0.004105 0.031434 0.074384 1500 1500 1500 1925 12 373199 0.091656 -0.006912 0.000000 0.000000 0.000000 0.900000 40.940466 0012 373504 -0.111262 0.678000 0.187805
0012 417175 0.002474 0.031186 0.072025 1500 1500 1500 1929 12 423095 0.091656 -0.006912 0.000000 0.000000 0.000000 0.950000 41.208867 0012 423279 0.390681 0.661050 0.180754
0012 463836 0.001178 0.032332 0.069635 1500 1500 1500 1929 12 473144 0.112344 -0.008419 0.000000 0.000000 0.000000 1.000000 41.171615 0012 473327 1.143642 0.661050 0.185283
0012 517364 0.002406 0.029267 0.067942 1500 1500 1500 1907 12 523071 0.112344 -0.008419 0.000000 0.000000 0.000000 1.000000 39.905028 0012 523285 0.390681 0.745800 0.195686
0012 563873 0.004245 0.022350 0.066788 1500 1500 1500 1896 12 573150 0.135014 -0.010059 0.000000 0.000000 0.000000 1.000000 39.297295 0012 573364 -0.111262 0.678000 0.193839
0012 617157 0.003451 0.014538 0.065626 1500 1500 1500 1889 12 623169 0.135014 -0.010059 0.000000 0.000000 0.000000 1.000000 38.870387 0012 623352 0.892649 0.678000 0.192361
0012 663849 0.004444 0.005134 0.065071 1500 1500 1500 1884 12 673126 0.159638 -0.011825 0.000000 0.000000 0.000000 1.000000 38.571529 0012 673309 0.892649 0.661050 0.191179
0012 717468 0.006411 0.002850 0.064009 1500 1500 1500 1880 12 723114 0.159638 -0.011825 0.000000 0.000000 0.000000 1.000000 38.363485 0012 723297 0.390681 0.644100 0.190233
0012 763824 0.006683 0.010021 0.060381 1500 1500 1500 1876 12 772979 0.186185 -0.013707 0.000000 0.000000 0.000000 1.000000 38.142730 0012 773193 0.390681 0.661050 0.192867
0012 816986 0.007754 0.007575 0.057285 1500 1500 1500 1875 12 822876 0.186185 -0.013707 0.000000 0.000000 0.000000 1.000000 38.081729 0012 823089 -0.613182 0.678000 0.191583
0012 863830 0.006436 0.007386 0.054618 1500 1500 1500 1877 12 872955 0.214626 -0.015692 0.000000 0.000000 0.000000 1.000000 38.194207 0012 873169 0.892649 0.661050 0.183777
0012 915893 0.007240 0.007528 0.055032 1500 1500 1500 1875 12 922882 0.214626 -0.015692 0.000000 0.000000 0.000000 1.000000 38.093343 0012 923279 0.390681 0.661050 0.184311
0012 963806 0.007398 0.006565 0.054250 1500 1500 1500 1873 12 972931 0.244933 -0.017772 0.000000 0.000000 0.000000 1.000000 37.953520 0012 973144 0.641662 0.678000 0.188129
0013 016968 0.006813 0.006424 0.054233 1500 1500 1500 1874 13 22949 0.244933 -0.017772 0.000000 0.000000 0.000000 1.000000 38.031115 0013 023132 -0.362225 0.627150 0.184403
0013 063782 0.006107 0.003147 0.054469 1500 1500 1500 1876 13 72876 0.277076 -0.019945 0.000000 0.000000 0.000000 1.000000 38.153705 0013 073089 -0.613182 0.627150 0.178033
0013 117309 0.006925 0.007391 0.053761 1500 1500 1500 1875 13 122833 0.277076 -0.019945 0.000000 0.000000 0.000000 1.000000 38.065648 0013 123260 0.390681 0.661050 0.179716
0013 163818 0.006476 0.006873 0.052727 1500 1500 1500 1874 13 172882 0.311027 -0.022207 0.000000 0.000000 0.000000 1.000000 38.016592 0013 173095 -0.362225 0.627150 0.181063
0013 217102 0.004833 0.005916 0.052526 1500 1500 1500 1876 13 222992 0.311027 -0.022207 0.000000 0.000000 0.000000 1.000000 38.147925 0013 223175 0.892649 0.661050 0.175360
0013 263794 0.005637 0.003871 0.052821 1500 1500 1500 1873 13 273041 0.346759 -0.024557 0.000000 0.000000 0.000000 1.000000 37.991425 0013 273224 -0.362225 0.678000 0.180968
0013 317291 0.006763 0.008785 0.052474 1500 1500 1500 1873 13 323028 0.346759 -0.024557 0.000000 0.000000 0.000000 1.000000 37.987259 0013 323211 0.390681 0.661050 0.182065
0013 363830 0.006011 0.006256 0.052407 1500 1500 1500 1875 13 373047 0.384243 -0.026991 0.000000 0.000000 0.000000 1.000000 38.071772 0013 373260 -0.362225 0.644100 0.179552
0013 417114 0.004817 0.006395 0.052503 1500 1500 1500 1876 13 423004 0.384243 -0.026991 0.000000 0.000000 0.000000 1.000000 38.126800 0013 423187 0.390681 0.661050 0.177541
0013 463775 0.005687 0.003062 0.053437 1500 1500 1500 1876 13 473053 0.423454 -0.029510 0.000000 0.000000 0.000000 1.000000 38.126560 0013 473236 0.139707 0.593250 0.177541
0013 517303 0.007112 0.010148 0.052452 1500 1500 1500 1874 13 522918 0.423454 -0.029510 0.000000 0.000000 0.000000 1.000000 38.014446 0013 523102 -0.111262 0.711900 0.182713
0013 563843 0.005322 0.005386 0.053116 1500 1500 1500 1874 13 572998 0.464363 -0.032113 0.000000 0.000000 0.000000 1.000000 38.039574 0013 573181 0.139707 0.644100 0.183460
0013 617706 0.003266 0.004943 0.052702 1500 1500 1500 1876 13 623108 0.464363 -0.032113 0.000000 0.000000 0.000000 1.000000 38.143166 0013 623291 -0.111262 0.644100 0.180668
0013 663757 0.004811 0.003079 0.053242 1500 1500 1500 1876 13 673095 0.506945 -0.034799 0.000000 0.000000 0.000000 1.000000 38.133180 0013 673309 0.390681 0.678000 0.181825
0013 717376 0.005463 0.008605 0.051822 1500 1500 1500 1876 13 723175 0.506945 -0.034799 0.000000 0.000000 0.000000 1.000000 38.136596 0013 723358 0.390681 0.644100 0.182750
0013 763885 0.004522 0.002124 0.051856 1500 1500 1500 1879 13 773163 0.551174 -0.037564 0.000000 0.000000 0.000000 1.000000 38.302907 0013 773376 -0.111262 0.627150 0.176710
0013 817627 0.004866 0.005071 0.051449 1500 1500 1500 1877 13 823272 0.551174 -0.037564 0.000000 0.000000 0.000000 1.000000 38.169475 0013 823578 -0.362225 0.711900 0.182048
0013 863830 0.005396 0.005797 0.052038 1500 1500 1500 1878 13 873352 0.597024 -0.040406 0.000000 0.000000 0.000000 1.000000 38.257534 0013 873626 -0.111262 0.678000 0.179538
0013 917206 0.003543 0.006519 0.050554 1500 1500 1500 1878 13 923553 0.597024 -0.040406 0.000000 0.000000 0.000000 1.000000 38.237776 0013 923736 -0.111262 0.661050 0.180921
0013 964050 0.004390 0.000103 0.051190 1500 1500 1500 1875 13 973572 0.644472 -0.043323 0.000000 0.000000 0.000000 1.000000 38.080784 0013 973785 0.139707 0.678000 0.188806
0014 017120 0.005737 0.007754 0.050469 1500 1500 1500 1875 14 23590 0.644472 -0.043323 0.000000 0.000000 0.000000 1.000000 38.085192 0014 023773 0.390681 0.678000 0.191725
0014 064087 0.005109 0.005718 0.050535 1500 1500 1500 1879 14 73608 0.693491 -0.046312 0.000000 0.000000 0.000000 1.000000 38.337248 0014 073822 -0.362225 0.644100 0.183890
0014 117187 0.003405 0.005021 0.051498 1500 1500 1500 1879 14 123596 0.693491 -0.046312 0.000000 0.000000 0.000000 1.000000 38.333834 0014 123779 -0.613182 0.661050 0.184402
0014 164032 0.004917 0.000835 0.051849 1500 1500 1500 1880 14 173614 0.744057 -0.049373 0.000000 0.000000 0.000000 1.000000 38.339218 0014 173828 -1.115077 0.678000 0.184812
0014 217621 0.004741 0.006336 0.050975 1500 1500 1500 1882 14 223572 0.744057 -0.049373 0.000000 0.000000 0.000000 1.000000 38.504790 0014 223785 0.390681 0.644100 0.178359
0014 263855 0.004839 0.004637 0.050841 1500 1500 1500 1883 14 273498 0.796148 -0.052506 0.000000 0.000000 0.000000 1.000000 38.523582 0014 273712 -0.613182 0.644100 0.176587
0014 317230 0.004585 0.004818 0.050650 1500 1500 1500 1888 14 323547 0.796148 -0.052506 0.000000 0.000000 0.000000 1.000000 38.844359 0014 323761 -0.111262 0.542400 0.161610
0014 363830 0.006332 0.004508 0.051102 1500 1500 1500 1886 14 373504 0.849738 -0.055707 0.000000 0.000000 0.000000 1.000000 38.706338 0014 373688 0.390681 0.661050 0.163188
0014 417022 0.006036 0.006680 0.049924 1500 1500 1500 1883 14 423523 0.849738 -0.055707 0.000000 0.000000 0.000000 1.000000 38.544641 0014 423736 -0.362225 0.644100 0.167840
0014 463806 0.004578 0.000865 0.049374 1500 1500 1500 1883 14 473449 0.904806 -0.058975 0.000000 0.000000 0.000000 1.000000 38.532999 0014 473663 -0.613182 0.644100 0.168172
0014 517212 0.003267 0.001905 0.048185 1500 1500 1500 1883 14 523468 0.904806 -0.058975 0.000000 0.000000 0.000000 1.000000 38.538036 0014 523651 -0.362225 0.830550 0.168172
0014 563873 0.005263 0.005380 0.048067 1500 1500 1500 1883 14 573456 0.961328 -0.062304 0.000000 0.000000 0.000000 1.000000 38.541323 0014 573639 0.892649 0.644100 0.168438
0014 617615 0.005463 0.005224 0.047161 1500 1500 1500 1883 14 623474 0.961328 -0.062304 0.000000 0.000000 0.000000 1.000000 38.550483 0014 623657 -0.111262 0.644100 0.168650
0014 663849 0.004499 0.000423 0.048244 1500 1500 1500 1878 14 673370 1.019282 -0.065693 0.000000 0.000000 0.000000 1.000000 38.254645 0014 673645 0.390681 0.745800 0.182380
0014 717163 0.005291 0.001743 0.047948 1500 1500 1500 1880 14 723388 1.019282 -0.065693 0.000000 0.000000 0.000000 1.000000 38.358052 0014 723633 0.390681 0.661050 0.182380
0014 763824 0.006315 0.002504 0.047650 1500 1500 1500 1881 14 773254 1.078646 -0.069140 0.000000 0.000000 0.000000 1.000000 38.436121 0014 773559 -0.362225 0.610200 0.182380
0014 817627 0.004853 0.004567 0.046183 1500 1500 1500 1882 14 823211 1.078646 -0.069140 0.000000 0.000000 0.000000 1.000000 38.477905 0014 823578 -1.115077 0.661050 0.183194
0014 863830 0.003385 -0.001405 0.046632 1500 1500 1500 1881 14 873230 1.139398 -0.072642 0.000000 0.000000 0.000000 1.000000 38.438835 0014 873504 0.641662 0.694950 0.187235
0014 915741 0.004476 0.002983 0.046331 1500 1500 1500 1884 14 923157 1.139398 -0.072642 0.000000 0.000000 0.000000 1.000000 38.587631 0014 923340 -0.613182 0.661050 0.183688
0014 963806 0.004660 0.002435 0.045752 1500 1500 1500 1888 14 973266 1.201517 -0.076197 0.000000 0.000000 0.000000 1.000000 38.837779 0014 973541 -1.115077 0.610200 0.174071
0015 017822 0.004513 0.005379 0.046070 1500 1500 1500 1889 15 23376 1.201517 -0.076197 0.000000 0.000000 0.000000 1.000000 38.903133 0015 023620 -0.362225 0.661050 0.169766
0015 063812 0.004558 0.003011 0.046544 1500 1500 1500 1890 15 73547 1.264982 -0.079803 0.000000 0.000000 0.000000 1.000000 38.937508 0015 073730 0.390681 0.610200 0.166323
0015 117584 0.006018 0.005810 0.046791 1500 1500 1500 1889 15 123504 1.264982 -0.079803 0.000000 0.000000 0.000000 1.000000 38.876417 0015 123718 0.390681 0.694950 0.166959
0015 165375 0.004761 0.003864 0.046114 1500 1500 1500 1888 15 173584 1.329771 -0.083460 0.000000 0.000000 0.000000 1.000000 38.841931 0015 173797 -0.613182 0.644100 0.167467
0015 217071 0.004230 0.004664 0.046342 1500 1500 1500 1887 15 223907 1.329771 -0.083460 0.000000 0.000000 0.000000 1.000000 38.748331 0015 224121 -0.111262 0.661050 0.171263
0015 263702 0.004714 0.004121 0.046191 1500 1500 1500 1886 15 273926 1.395865 -0.087167 0.000000 0.000000 0.000000 1.000000 38.703615 0015 274139 1.394640 0.678000 0.174301
0015 317657 0.005939 0.007556 0.045846 1500 1500 1500 1887 15 324035 1.395865 -0.087167 0.000000 0.000000 0.000000 1.000000 38.767295 0015 324249 -0.613182 0.661050 0.173341
0015 363739 0.006565 0.003716 0.045197 1500 1500 1500 1885 15 373993 1.463243 -0.090923 0.000000 0.000000 0.000000 1.000000 38.659288 0015 374542 0.139707 0.661050 0.179353
0015 417236 0.003513 0.003609 0.045870 1500 1500 1500 1886 15 424103 1.463243 -0.090923 0.000000 0.000000 0.000000 1.000000 38.690444 0015 424316 -0.111262 0.661050 0.180772
0015 463714 0.005293 0.003897 0.045527 1500 1500 1500 1889 15 474121 1.531886 -0.094724 0.000000 0.000000 0.000000 1.000000 38.877958 0015 474304 1.143642 0.627150 0.175128
0015 517151 0.005631 0.005494 0.044605 1500 1500 1500 1891 15 524261 1.531886 -0.094724 0.000000 0.000000 0.000000 1.000000 38.992424 0015 524536 0.641662 0.627150 0.170612
0015 563690 0.003876 0.002555 0.043873 1500 1500 1500 1885 15 574310 1.601773 -0.098570 0.000000 0.000000 0.000000 1.000000 38.674161 0015 574585 0.390681 0.694950 0.183950
0015 617859 0.004047 0.003396 0.044308 1500 1500 1500 1887 15 624450 1.601773 -0.098570 0.000000 0.000000 0.000000 1.000000 38.741656 0015 624634 0.139707 0.644100 0.184450
0015 665100 0.005179 0.005201 0.044225 1500 1500 1500 1890 15 674560 1.672887 -0.102458 0.000000 0.000000 0.000000 1.000000 38.950902 0015 674988 0.892649 0.627150 0.178070
0015 715729 0.004401 0.003240 0.044022 1500 1500 1500 1888 15 724548 1.672887 -0.102458 0.000000 0.000000 0.000000 1.000000 38.845944 0015 724762 -0.613182 0.694950 0.183136
0015 763733 0.002854 0.001704 0.043457 1500 1500 1500 1892 15 774658 1.745207 -0.106388 0.000000 0.000000 0.000000 1.000000 39.029850 0015 774841 -0.362225 0.627150 0.177019
0015 817779 0.003125 0.003412 0.043529 1500 1500 1500 1892 15 824646 1.745207 -0.106388 0.000000 0.000000 0.000000 1.000000 39.062642 0015 824829 1.645645 0.644100 0.175515
0015 863739 0.004092 0.006485 0.042163 1500 1500 1500 1891 15 874603 1.818716 -0.110354 0.000000 0.000000 0.000000 1.000000 39.008003 0015 874786 0.390681 0.728850 0.177702
0015 917206 0.002827 0.001054 0.042019 1500 1500 1500 1892 15 924621 1.818716 -0.110354 0.000000 0.000000 0.000000 1.000000 39.061263 0015 924835 0.641662 0.678000 0.176062
0015 963745 0.001894 0.002803 0.041330 1500 1500 1500 1894 15 974609 1.893394 -0.114356 0.000000 0.000000 0.000000 1.000000 39.174838 0015 974792 0.641662 0.678000 0.171359
0016 016876 0.002746 0.003034 0.040872 1500 1500 1500 1897 16 24566 1.893394 -0.114356 0.000000 0.000000 0.000000 1.000000 39.318488 0016 024780 -0.613182 0.610200 0.164207
0016 063720 0.002403 0.006956 0.038873 1500 1500 1500 1894 16 74615 1.969225 -0.118388 0.000000 0.000000 0.000000 1.000000 39.164606 0016 074798 0.139707 0.678000 0.168656
0016 117279 0.000014 0.001599 0.038426 1500 1500 1500 1894 16 124573 1.969225 -0.118388 0.000000 0.000000 0.000000 1.000000 39.157432 0016 124756 0.139707 0.661050 0.168825
0016 163635 0.000934 0.004377 0.037202 1500 1500 1500 1894 16 174652 2.046190 -0.122444 0.000000 0.000000 0.000000 1.000000 39.158705 0016 174896 1.143642 0.644100 0.168960
0016 217529 0.002788 0.000629 0.036581 1500 1500 1500 1894 16 224731 2.046190 -0.122444 0.000000 0.000000 0.000000 1.000000 39.165752 0016 224914 -0.613182 0.661050 0.169068
0016 263824 -0.000515 0.002177 0.035182 1500 1500 1500 1895 16 274841 2.124273 -0.126522 0.000000 0.000000 0.000000 1.000000 39.253948 0016 275024 -0.613182 0.661050 0.165764
0016 317138 0.000801 0.000576 0.035925 1500 1500 1500 1895 16 324798 2.124273 -0.126522 0.000000 0.000000 0.000000 1.000000 39.230957 0016 324981 -0.613182 0.644100 0.166511
0016 363800 0.002024 0.006587 0.035657 1500 1500 1500 1894 16 374786 2.203455 -0.130618 0.000000 0.000000 0.000000 1.000000 39.146230 0016 375000 0.892649 0.661050 0.170499
0016 417572 0.001466 0.001372 0.036803 1500 1500 1500 1896 16 424835 2.203455 -0.130618 0.000000 0.000000 0.000000 1.000000 39.262807 0016 425049 0.390681 0.644100 0.166909
0016 463684 -0.000312 0.002664 0.036726 1500 1500 1500 1896 16 474762 2.283720 -0.134734 0.000000 0.000000 0.000000 1.000000 39.258519 0016 474975 0.139707 0.610200 0.167427
0016 517151 0.000953 0.002152 0.037336 1500 1500 1500 1894 16 524750 2.283720 -0.134734 0.000000 0.000000 0.000000 1.000000 39.185951 0016 524963 0.641662 0.661050 0.171232
0016 565094 0.000455 0.006028 0.036913 1500 1500 1500 1892 16 574829 2.365051 -0.138872 0.000000 0.000000 0.000000 1.000000 39.078621 0016 575042 1.143642 0.457650 0.177666
0016 617523 -0.000689 0.003280 0.036975 1500 1500 1500 1896 16 624725 2.365051 -0.138872 0.000000 0.000000 0.000000 1.000000 39.266249 0016 624939 0.139707 0.644100 0.172642
0016 663635 0.000135 0.006240 0.036114 1500 1500 1500 1898 16 674743 2.447432 -0.143030 0.000000 0.000000 0.000000 1.000000 39.383155 0016 674957 0.641662 0.711900 0.168624
0016 715698 0.002532 0.005863 0.037440 1500 1500 1500 1900 16 724670 2.447432 -0.143030 0.000000 0.000000 0.000000 1.000000 39.531798 0016 724884 0.641662 0.644100 0.162019
0016 763641 0.001878 0.006436 0.037900 1500 1500 1500 1898 16 774627 2.530846 -0.147209 0.000000 0.000000 0.000000 1.000000 39.383524 0016 774841 0.139707 0.678000 0.166905
0016 817566 0.002747 0.001993 0.039529 1500 1500 1500 1898 16 824707 2.530846 -0.147209 0.000000 0.000000 0.000000 1.000000 39.381950 0016 824890 0.641662 0.661050 0.167424
0016 863617 0.003571 0.006710 0.039382 1500 1500 1500 1898 16 874664 2.615277 -0.151413 0.000000 0.000000 0.000000 1.000000 39.388468 0016 874847 -0.111262 0.627150 0.167839
0016 915619 0.004215 0.006577 0.038648 1500 1500 1500 1897 16 924713 2.615277 -0.151413 0.000000 0.000000 0.000000 1.000000 39.323007 0016 924927 0.139707 0.661050 0.171562
0016 963562 0.002477 0.006833 0.038250 1500 1500 1500 1899 16 974670 2.700710 -0.155642 0.000000 0.000000 0.000000 1.000000 39.451945 0016 974853 0.641662 0.593250 0.167759
0017 017547 0.001135 0.001541 0.038303 1500 1500 1500 1899 17 24597 2.700710 -0.155642 0.000000 0.000000 0.000000 1.000000 39.455397 0017 024780 0.139707 0.644100 0.168107
0017 063568 0.002828 0.006512 0.036736 1500 1500 1500 1899 17 74646 2.787129 -0.159892 0.000000 0.000000 0.000000 1.000000 39.471072 0017 074951 0.390681 0.678000 0.168107
0017 115600 0.004290 0.006421 0.035837 1500 1500 1500 1905 17 124603 2.787129 -0.159892 0.000000 0.000000 0.000000 1.000000 39.790113 0017 124786 0.139707 0.627150 0.154826
0017 163543 0.000342 0.004327 0.036363 1500 1500 1500 1901 17 174713 2.874519 -0.164160 0.000000 0.000000 0.000000 1.000000 39.580133 0017 174927 0.139707 0.661050 0.161151
0017 217590 -0.004991 -0.000547 0.036680 1500 1500 1500 1900 17 224579 2.874519 -0.164160 0.000000 0.000000 0.000000 1.000000 39.541083 0017 224792 -0.111262 0.661050 0.162821
0017 263580 -0.007606 0.001787 0.035932 1500 1500 1500 1901 17 274719 2.962865 -0.168445 0.000000 0.000000 0.000000 1.000000 39.556364 0017 274902 1.143642 0.423750 0.162821
0017 318664 -0.010291 -0.000185 0.034629 1500 1500 1500 1902 17 324615 2.962865 -0.168445 0.000000 0.000000 0.000000 1.000000 39.619394 0017 324829 -0.362225 0.644100 0.160766
0017 363617 -0.020258 -0.006987 0.032773 1500 1500 1500 1901 17 374664 3.052152 -0.172743 0.000000 0.000000 0.000000 1.000000 39.583673 0017 374878 0.139707 0.661050 0.162513
0017 418854 -0.034160 -0.021416 0.032835 1500 1500 1500 1904 17 424652 3.052152 -0.172743 0.000000 0.000000 0.000000 1.000000 39.725591 0017 424865 -0.613182 0.627150 0.157131
0017 463592 -0.057984 -0.028960 0.030343 1500 1500 1500 1906 17 474670 3.142366 -0.177046 0.000000 0.000000 0.000000 1.000000 39.886318 0017 474884 -0.613182 0.593250 0.149434
0017 517151 -0.085439 -0.036103 0.029016 1500 1500 1500 1903 17 524597 3.142366 -0.177046 0.000000 0.000000 0.000000 1.000000 39.664950 0017 524780 -0.864132 0.678000 0.156838
0017 565155 -0.099113 -0.042213 0.025536 1500 1500 1500 1901 17 574463 3.233493 -0.181347 0.000000 0.000000 0.000000 1.000000 39.544987 0017 574646 -0.362225 0.678000 0.162760
0017 616882 -0.096128 -0.048319 0.022666 1500 1500 1500 1901 17 624603 3.233493 -0.181347 0.000000 0.000000 0.000000 1.000000 39.567292 0017 624786 -0.111262 0.627150 0.164108
0017 663574 -0.086156 -0.052400 0.018607 1500 1500 1500 1903 17 674682 3.325519 -0.185630 0.000000 0.000000 0.000000 1.000000 39.670981 0017 674865 -0.111262 0.644100 0.161796
0017 717102 -0.082207 -0.052646 0.015825 1500 1500 1500 1899 17 724670 3.325519 -0.185630 0.000000 0.000000 0.000000 1.000000 39.430985 0017 724884 -1.115077 0.694950 0.173507
0017 763519 -0.072683 -0.052861 0.013847 1500 1500 1500 1899 17 774750 3.418431 -0.189883 0.000000 0.000000 0.000000 1.000000 39.469411 0017 774933 -0.362225 0.644100 0.176096
0017 816864 -0.065667 -0.054563 0.012135 1500 1500 1500 1899 17 824646 3.418431 -0.189883 0.000000 0.000000 0.000000 1.000000 39.434768 0017 824829 0.139707 0.694950 0.181557
0017 863556 -0.051454 -0.047853 0.009815 1500 1500 1500 1899 17 874664 3.512215 -0.194097 0.000000 0.000000 0.000000 1.000000 39.437574 0017 874878 0.390681 0.678000 0.185925
0017 917114 -0.043808 -0.049887 0.007957 1500 1500 1500 1899 17 924835 3.512215 -0.194097 0.000000 0.000000 0.000000 1.000000 39.462216 0017 925049 -0.111262 0.661050 0.189420
0017 963531 -0.037423 -0.047617 0.005223 1500 1500 1500 1900 17 974731 3.606857 -0.198263 0.000000 0.000000 0.000000 1.000000 39.498636 0017 974945 -1.366016 0.678000 0.192216
0018 016907 -0.039119 -0.046915 0.002745 1500 1500 1500 1903 18 24841 3.606857 -0.198263 0.000000 0.000000 0.000000 1.000000 39.694942 0018 025055 0.892649 0.525450 0.187673
0018 063507 -0.039757 -0.043307 0.000048 1500 1500 1500 1903 18 74768 3.702345 -0.202368 0.000000 0.000000 0.000000 1.000000 39.665121 0018 074981 -0.613182 0.627150 0.190818
0018 117096 -0.047580 -0.039566 -0.004024 1500 1500 1500 1897 18 124817 3.702345 -0.202368 0.000000 0.000000 0.000000 1.000000 39.353112 0018 125030 0.390681 0.661050 0.206895
0018 165283 -0.053687 -0.032075 -0.007712 1500 1500 1500 1901 18 174774 3.798665 -0.206400 0.000000 0.000000 0.000000 1.000000 39.589870 0018 174988 0.139707 0.627150 0.202806
0018 216858 -0.063066 -0.038564 -0.010283 1500 1500 1500 1899 18 224762 3.798665 -0.206400 0.000000 0.000000 0.000000 1.000000 39.435600 0018 224975 -0.613182 0.678000 0.213095
0018 263580 -0.066233 -0.038632 -0.014269 1500 1500 1500 1898 18 274750 3.895804 -0.210342 0.000000 0.000000 0.000000 1.000000 39.373594 0018 274933 1.478308 0.678000 0.221326
0018 317047 -0.065816 -0.033084 -0.018297 1500 1500 1500 1896 18 324737 3.895804 -0.210342 0.000000 0.000000 0.000000 1.000000 39.290701 0018 324951 0.139707 0.661050 0.231301
0018 363556 -0.064002 -0.032987 -0.019975 1500 1500 1500 1900 18 374725 3.993749 -0.214182 0.000000 0.000000 0.000000 1.000000 39.508934 0018 374908 0.139707 0.661050 0.229110
0018 416870 -0.058173 -0.034823 -0.020005 1500 1500 1500 1905 18 424774 3.993749 -0.214182 0.000000 0.000000 0.000000 1.000000 39.812370 0018 424957 -0.111262 0.644100 0.220578
0018 463562 -0.055520 -0.038236 -0.020733 1500 1500 1500 1903 18 474670 4.092488 -0.217916 0.000000 0.000000 0.000000 1.000000 39.686952 0018 474884 0.139707 0.711900 0.227313
0018 517059 -0.049488 -0.037954 -0.021594 1500 1500 1500 1904 18 524688 4.092488 -0.217916 0.000000 0.000000 0.000000 1.000000 39.753603 0018 524902 0.390681 0.491550 0.227313
0018 563476 -0.045405 -0.042329 -0.021260 1500 1500 1500 1907 18 574646 4.192009 -0.221544 0.000000 0.000000 0.000000 1.000000 39.906396 0018 574829 0.892649 0.644100 0.222530
0018 616943 -0.041000 -0.048148 -0.021217 1500 1500 1500 1903 18 624664 4.192009 -0.221544 0.000000 0.000000 0.000000 1.000000 39.679476 0018 624847 -0.864132 0.644100 0.232264
0018 663513 -0.035812 -0.051777 -0.021060 1500 1500 1500 1905 18 674591 4.292299 -0.225067 0.000000 0.000000 0.000000 1.000000 39.790948 0018 674804 -0.362225 0.661050 0.229881
0018 717041 -0.034004 -0.057823 -0.021881 1500 1500 1500 1905 18 724579 4.292299 -0.225067 0.000000 0.000000 0.000000 1.000000 39.782317 0018 724792 0.390681 0.678000 0.231365
0018 763489 -0.026450 -0.060743 -0.023059 1500 1500 1500 1905 18 774658 4.393347 -0.228484 0.000000 0.000000 0.000000 1.000000 39.782204 0018 774841 1.143642 0.694950 0.232552
0018 816681 -0.023934 -0.059969 -0.024799 1500 1500 1500 1898 18 824737 4.393347 -0.228484 0.000000 0.000000 0.000000 1.000000 39.401171 0018 824920 1.478308 0.711900 0.250452
0018 863525 -0.021828 -0.059597 -0.026580 1500 1500 1500 1900 18 874695 4.495140 -0.231790 0.000000 0.000000 0.000000 1.000000 39.531819 0018 874878 -0.864132 0.661050 0.250452
0018 917022 -0.019059 -0.057817 -0.026473 1500 1500 1500 1902 18 924682 4.495140 -0.231790 0.000000 0.000000 0.000000 1.000000 39.623273 0018 924865 -0.111262 0.661050 0.250452
0018 963562 -0.020078 -0.055272 -0.027538 1500 1500 1500 1903 18 974609 4.597668 -0.234982 0.000000 0.000000 0.000000 1.000000 39.687290 0018 974823 -0.362225 0.576300 0.250452
0019 016845 -0.018630 -0.047369 -0.031161 1500 1500 1500 1903 19 24597 4.597668 -0.234982 0.000000 0.000000 0.000000 1.000000 39.714816 0019 024780 -0.111262 0.678000 0.251211
0019 063537 -0.020579 -0.033715 -0.034096 1500 1500 1500 1907 19 74615 4.700917 -0.238052 0.000000 0.000000 0.000000 1.000000 39.891399 0019 074829 0.139707 0.661050 0.245039
0019 117157 -0.025349 -0.023282 -0.036255 1500 1500 1500 1908 19 124603 4.700917 -0.238052 0.000000 0.000000 0.000000 1.000000 39.990342 0019 124786 -0.111262 0.644100 0.240101
0019 163513 -0.026319 -0.013706 -0.038727 1500 1500 1500 1909 19 174652 4.804877 -0.240989 0.000000 0.000000 0.000000 1.000000 40.039871 0019 174835 -0.111262 0.644100 0.236151
0019 217376 -0.035177 -0.013012 -0.039759 1500 1500 1500 1908 19 224731 4.804877 -0.240989 0.000000 0.000000 0.000000 1.000000 39.981617 0019 224914 -0.111262 0.711900 0.236381
0019 264862 -0.040842 -0.007837 -0.041292 1500 1500 1500 1910 19 274688 4.909537 -0.243789 0.000000 0.000000 0.000000 1.000000 40.096036 0019 274872 0.139707 0.644100 0.229785
0019 316986 -0.045519 -0.002333 -0.042471 1500 1500 1500 1914 19 324768 4.909537 -0.243789 0.000000 0.000000 0.000000 1.000000 40.304050 0019 324951 0.139707 0.644100 0.217728
0019 363769 -0.048871 -0.003342 -0.044365 1500 1500 1500 1914 19 374725 5.014885 -0.246445 0.000000 0.000000 0.000000 1.000000 40.324341 0019 374908 1.143642 0.678000 0.211472
0019 416656 -0.044288 -0.005296 -0.045455 1500 1500 1500 1913 19 424652 5.014885 -0.246445 0.000000 0.000000 0.000000 1.000000 40.236408 0019 424865 0.390681 0.644100 0.209858
0019 463501 -0.037538 -0.006749 -0.047549 1500 1500 1500 1910 19 474609 5.120911 -0.248954 0.000000 0.000000 0.000000 1.000000 40.091264 0019 474792 0.390681 0.627150 0.211956
0019 517029 -0.027168 -0.011157 -0.050786 1500 1500 1500 1910 19 524566 5.120911 -0.248954 0.000000 0.000000 0.000000 1.000000 40.075189 0019 524780 0.390681 0.644100 0.210245
0019 563476 -0.013970 -0.011846 -0.052541 1500 1500 1500 1912 19 574463 5.227602 -0.251307 0.000000 0.000000 0.000000 1.000000 40.211376 0019 574646 -0.111262 0.644100 0.202096
0019 616668 -0.008116 -0.018039 -0.054467 1500 1500 1500 1911 19 624420 5.227602 -0.251307 0.000000 0.000000 0.000000 1.000000 40.119865 0019 624603 -0.362225 0.661050 0.202357
0019 663452 -0.004777 -0.020007 -0.056689 1500 1500 1500 1904 19 674408 5.334950 -0.253497 0.000000 0.000000 0.000000 1.000000 39.748292 0019 674621 0.892649 0.694950 0.216125
0019 716949 -0.002242 -0.016936 -0.059572 1500 1500 1500 1900 19 724518 5.334950 -0.253497 0.000000 0.000000 0.000000 1.000000 39.543211 0019 724701 0.641662 0.711900 0.227140
0019 763550 -0.000907 -0.019470 -0.062463 1500 1500 1500 1903 19 774505 5.442942 -0.255514 0.000000 0.000000 0.000000 1.000000 39.675087 0019 774688 -0.111262 0.644100 0.225782
0019 816864 0.001200 -0.025434 -0.065365 1500 1500 1500 1900 19 824432 5.442942 -0.255514 0.000000 0.000000 0.000000 1.000000 39.530556 0019 824646 -0.362225 0.678000 0.234866
0019 863495 0.001536 -0.029143 -0.067765 1500 1500 1500 1898 19 874420 5.551568 -0.257348 0.000000 0.000000 0.000000 1.000000 39.388542 0019 874634 0.390681 0.678000 0.245523
0019 916961 -0.002747 -0.027641 -0.069881 1500 1500 1500 1899 19 924835 5.551568 -0.257348 0.000000 0.000000 0.000000 1.000000 39.485996 0019 925049 0.892649 0.661050 0.247268
0019 963531 -0.008590 -0.025966 -0.072494 1500 1500 1500 1901 19 974914 5.660818 -0.258991 0.000000 0.000000 0.000000 1.000000 39.561189 0019 975372 0.390681 0.661050 0.248664
0020 016815 -0.013338 -0.026507 -0.074545 1500 1500 1500 1899 20 24933 5.660818 -0.258991 0.000000 0.000000 0.000000 1.000000 39.465125 0020 025146 -0.864132 0.678000 0.256562
0020 064789 -0.016474 -0.030168 -0.075995 1500 1500 1500 1898 20 74920 5.770681 -0.260437 0.000000 0.000000 0.000000 1.000000 39.429437 0020 075165 0.139707 0.644100 0.262879
0020 115448 -0.017821 -0.028975 -0.077524 1500 1500 1500 1903 20 124939 5.770681 -0.260437 0.000000 0.000000 0.000000 1.000000 39.661119 0020 125213 -0.613182 0.678000 0.257763
0020 166504 -0.017731 -0.029219 -0.078204 1500 1500 1500 1902 20 174896 5.881146 -0.261682 0.000000 0.000000 0.000000 1.000000 39.648575 0020 175079 -0.613182 0.644100 0.260451
0020 216919 -0.014538 -0.032667 -0.078432 1500 1500 1500 1902 20 224884 5.881146 -0.261682 0.000000 0.000000 0.000000 1.000000 39.650532 0020 225158 -0.613182 0.661050 0.262601
0020 263458 -0.009877 -0.034364 -0.077294 1500 1500 1500 1900 20 274811 5.992206 -0.262729 0.000000 0.000000 0.000000 1.000000 39.506215 0020 274994 0.139707 0.694950 0.271100
0020 315399 -0.003301 -0.036399 -0.075519 1500 1500 1500 1897 20 324798 5.992206 -0.262729 0.000000 0.000000 0.000000 1.000000 39.362018 0020 325012 -0.111262 0.694950 0.281290
0020 363434 0.001355 -0.038177 -0.074014 1500 1500 1500 1896 20 374725 6.103851 -0.263586 0.000000 0.000000 0.000000 1.000000 39.301799 0020 374908 0.390681 0.745800 0.289442
0020 417297 0.002992 -0.037182 -0.072694 1500 1500 1500 1900 20 424774 6.103851 -0.263586 0.000000 0.000000 0.000000 1.000000 39.523640 0020 424957 -0.111262 0.644100 0.285794
0020 463409 0.005292 -0.033311 -0.072613 1500 1500 1500 1904 20 474670 6.216072 -0.264261 0.000000 0.000000 0.000000 1.000000 39.741488 0020 474945 -0.111262 0.610200 0.279485
0020 516937 0.008116 -0.026777 -0.072066 1500 1500 1500 1901 20 524688 6.216072 -0.264261 0.000000 0.000000 0.000000 1.000000 39.560215 0020 524872 -0.111262 0.661050 0.287998
0020 563598 0.006504 -0.025755 -0.073065 1500 1500 1500 1898 20 574707 6.328860 -0.264758 0.000000 0.000000 0.000000 1.000000 39.390201 0020 574920 -0.613182 0.644100 0.298198
0020 616821 0.002182 -0.026478 -0.074722 1500 1500 1500 1902 20 624695 6.328860 -0.264758 0.000000 0.000000 0.000000 1.000000 39.620511 0020 624878 0.139707 0.576300 0.292799
0020 663513 0.001361 -0.026863 -0.076321 1500 1500 1500 1899 20 674682 6.442207 -0.265073 0.000000 0.000000 0.000000 1.000000 39.451592 0020 674865 -0.362225 0.661050 0.302039
0020 716949 0.000518 -0.026638 -0.078760 1500 1500 1500 1900 20 724762 6.442207 -0.265073 0.000000 0.000000 0.000000 1.000000 39.524552 0020 724945 -0.111262 0.627150 0.302651
0020 765045 -0.000960 -0.026090 -0.080289 1500 1500 1500 1898 20 774811 6.556103 -0.265203 0.000000 0.000000 0.000000 1.000000 39.423792 0020 775024 -1.115077 0.627150 0.309921
0020 816742 -0.000582 -0.028125 -0.081922 1500 1500 1500 1896 20 824768 6.556103 -0.265203 0.000000 0.000000 0.000000 1.000000 39.305170 0020 824951 -0.362225 0.678000 0.319127
0020 864685 0.003524 -0.032222 -0.082710 1500 1500 1500 1897 20 874817 6.670539 -0.265141 0.000000 0.000000 0.000000 1.000000 39.336061 0020 875000 0.139707 0.661050 0.323101
0020 916961 0.009399 -0.039991 -0.082746 1500 1500 1500 1899 20 924774 6.670539 -0.265141 0.000000 0.000000 0.000000 1.000000 39.450706 0020 924988 0.139707 0.644100 0.322891
0020 965057 0.011572 -0.041137 -0.083134 1500 1500 1500 1902 20 974792 6.785506 -0.264890 0.000000 0.000000 0.000000 1.000000 39.607257 0020 974975 -0.111262 0.644100 0.319333
0021 016632 0.013424 -0.041014 -0.083623 1500 1500 1500 1901 21 24719 6.785506 -0.264890 0.000000 0.000000 0.000000 1.000000 39.548345 0021 024902 -0.111262 0.678000 0.323266
0021 063385 0.012736 -0.046027 -0.084939 1500 1500 1500 1901 21 74676 6.900996 -0.264448 0.000000 0.000000 0.000000 1.000000 39.599964 0021 074859 -0.362225 0.678000 0.323023
0021 116974 0.013216 -0.046713 -0.085113 1500 1500 1500 1903 21 124603 6.900996 -0.264448 0.000000 0.000000 0.000000 1.000000 39.712265 0021 124786 -0.362225 0.661050 0.319438
0021 163360 0.015248 -0.044120 -0.084647 1500 1500 1500 1903 21 174499 7.017001 -0.263818 0.000000 0.000000 0.000000 1.000000 39.699412 0021 174713 0.139707 0.678000 0.319961
0021 216705 0.011318 -0.040110 -0.084484 1500 1500 1500 1904 21 224487 7.017001 -0.263818 0.000000 0.000000 0.000000 1.000000 39.769642 0021 224670 -0.362225 0.678000 0.316989
0021 263336 0.004982 -0.035410 -0.084363 1500 1500 1500 1905 21 274475 7.133513 -0.263002 0.000000 0.000000 0.000000 1.000000 39.806925 0021 274658 -0.362225 0.661050 0.314611
0021 316955 0.002534 -0.034385 -0.084873 1500 1500 1500 1907 21 324432 7.133513 -0.263002 0.000000 0.000000 0.000000 1.000000 39.900662 0021 324646 -0.613182 0.644100 0.309319
0021 363434 0.003550 -0.029115 -0.085356 1500 1500 1500 1909 21 374481 7.250524 -0.262003 0.000000 0.000000 0.000000 1.000000 40.022270 0021 374664 -0.362225 0.661050 0.301695
0021 416809 0.005330 -0.019475 -0.084784 1500 1500 1500 1907 21 424560 7.250524 -0.262003 0.000000 0.000000 0.000000 1.000000 39.938148 0021 424774 -0.362225 0.694950 0.301695
0021 463409 0.008277 -0.013718 -0.084983 1500 1500 1500 1907 21 474640 7.368026 -0.260824 0.000000 0.000000 0.000000 1.000000 39.940906 0021 474853 -0.362225 0.678000 0.298986
0021 516937 0.009461 -0.015470 -0.085479 1500 1500 1500 1907 21 524750 7.368026 -0.260824 0.000000 0.000000 0.000000 1.000000 39.932012 0021 524933 0.641662 0.661050 0.296819
0021 563354 0.010353 -0.016582 -0.086615 1500 1500 1500 1908 21 574768 7.486012 -0.259464 0.000000 0.000000 0.000000 1.000000 39.994265 0021 574981 0.390681 0.661050 0.291695
0021 616668 0.014073 -0.017615 -0.086711 1500 1500 1500 1911 21 624817 7.486012 -0.259464 0.000000 0.000000 0.000000 1.000000 40.171646 0021 625030 0.641662 0.661050 0.280816
0021 663360 0.012029 -0.015567 -0.087994 1500 1500 1500 1910 21 674804 7.604473 -0.257924 0.000000 0.000000 0.000000 1.000000 40.098062 0021 674988 1.478308 0.678000 0.278893
0021 716888 0.006528 -0.018913 -0.089216 1500 1500 1500 1909 21 724914 7.604473 -0.257924 0.000000 0.000000 0.000000 1.000000 40.038868 0021 725433 0.139707 0.694950 0.277354
0021 763336 0.004631 -0.021810 -0.091879 1500 1500 1500 1910 21 775024 7.723402 -0.256200 0.000000 0.000000 0.000000 1.000000 40.068423 0021 775299 0.641662 0.661050 0.272733
0021 816589 0.011847 -0.026645 -0.094265 1500 1500 1500 1912 21 825042 7.723402 -0.256200 0.000000 0.000000 0.000000 1.000000 40.224926 0021 825317 -0.362225 0.644100 0.262257
0021 863373 0.017207 -0.028307 -0.096029 1500 1500 1500 1916 21 875183 7.842790 -0.254284 0.000000 0.000000 0.000000 1.000000 40.446892 0021 875396 0.139707 0.627150 0.247095
0021 916992 0.015727 -0.025183 -0.097437 1500 1500 1500 1911 21 925354 7.842790 -0.254284 0.000000 0.000000 0.000000 1.000000 40.155986 0021 925628 -0.613182 0.728850 0.251916
0021 963318 0.012129 -0.025316 -0.098431 1500 1500 1500 1911 21 975494 7.962631 -0.252174 0.000000 0.000000 0.000000 1.000000 40.125896 0021 975677 -0.362225 0.678000 0.248993
0022 016693 0.007465 -0.028601 -0.100106 1500 1500 1500 1911 22 25573 7.962631 -0.252174 0.000000 0.000000 0.000000 1.000000 40.170290 0022 025787 0.390681 0.678000 0.243264
0022 063293 0.003670 -0.030079 -0.101690 1500 1500 1500 1914 22 75622 8.082915 -0.249864 0.000000 0.000000 0.000000 1.000000 40.332754 0022 075836 -0.111262 0.661050 0.231902
0022 115387 -0.002202 -0.029113 -0.102624 1500 1500 1500 1914 22 125702 8.082915 -0.249864 0.000000 0.000000 0.000000 1.000000 40.323933 0022 125885 -0.111262 0.678000 0.226201
0022 163299 -0.004041 -0.027441 -0.103731 1500 1500 1500 1915 22 175781 8.203636 -0.247354 0.000000 0.000000 0.000000 1.000000 40.372119 0022 175964 0.139707 0.644100 0.218251
0022 216522 -0.005190 -0.023035 -0.105003 1500 1500 1500 1916 22 225769 8.203636 -0.247354 0.000000 0.000000 0.000000 1.000000 40.451220 0022 225982 0.390681 0.627150 0.208501
0022 263336 -0.003588 -0.018150 -0.105371 1500 1500 1500 1914 22 275848 8.324787 -0.244641 0.000000 0.000000 0.000000 1.000000 40.313350 0022 276031 -0.362225 0.661050 0.207481
0022 315368 0.001777 -0.008487 -0.108043 1500 1500 1500 1911 22 325897 8.324787 -0.244641 0.000000 0.000000 0.000000 1.000000 40.135625 0022 326172 0.390681 0.661050 0.210055
0022 365326 0.009535 0.000905 -0.110233 1500 1500 1500 1914 22 375854 8.446360 -0.241720 0.000000 0.000000 0.000000 1.000000 40.330060 0022 376251 0.390681 0.576300 0.198554
0022 416504 0.015356 0.007414 -0.111037 1500 1500 1500 1914 22 425903 8.446360 -0.241720 0.000000 0.000000 0.000000 1.000000 40.343068 0022 426178 0.139707 0.644100 0.192743
0022 463318 0.014325 0.017012 -0.112431 1500 1500 1500 1912 22 475921 8.568348 -0.238587 0.000000 0.000000 0.000000 1.000000 40.223175 0022 476196 0.139707 0.678000 0.192743
0022 516815 0.012869 0.028662 -0.115566 1500 1500 1500 1911 22 525909 8.568348 -0.238587 0.000000 0.000000 0.000000 1.000000 40.139250 0022 526184 0.641662 0.678000 0.192743
0022 563324 0.007635 0.036518 -0.117850 1500 1500 1500 1910 22 575958 8.690742 -0.235237 0.000000 0.000000 0.000000 1.000000 40.080503 0022 576233 -0.362225 0.678000 0.192743
0022 616516 -0.001252 0.036020 -0.119490 1500 1500 1500 1904 22 625915 8.690742 -0.235237 0.000000 0.000000 0.000000 1.000000 39.759461 0022 626190 0.390681 0.627150 0.205044
0022 663360 -0.009793 0.032468 -0.121401 1500 1500 1500 1905 22 676025 8.813537 -0.231662 0.000000 0.000000 0.000000 1.000000 39.807823 0022 676300 -0.111262 0.694950 0.205044
0022 716949 -0.015045 0.027827 -0.123707 1500 1500 1500 1895 22 725982 8.813537 -0.231662 0.000000 0.000000 0.000000 1.000000 39.232044 0022 726257 0.390681 0.678000 0.231835
0022 763275 -0.014148 0.023151 -0.124769 1500 1500 1500 1890 22 776123 8.936724 -0.227858 0.000000 0.000000 0.000000 1.000000 38.936056 0022 776336 0.390681 0.644100 0.253268
0022 816528 -0.007661 0.011856 -0.124488 1500 1500 1500 1888 22 826202 8.936724 -0.227858 0.000000 0.000000 0.000000 1.000000 38.814511 0022 826416 -0.111262 0.610200 0.270415
0022 863342 0.000582 -0.002290 -0.125699 1500 1500 1500 1886 22 876465 9.060297 -0.223824 0.000000 0.000000 0.000000 1.000000 38.720806 0022 876678 0.139707 0.661050 0.287522
0022 916839 0.009957 -0.011541 -0.126224 1500 1500 1500 1889 22 926513 9.060297 -0.223824 0.000000 0.000000 0.000000 1.000000 38.877852 0022 926697 0.641662 0.593250 0.294427
0022 963318 0.013934 -0.010145 -0.127176 1500 1500 1500 1893 22 976532 9.184249 -0.219561 0.000000 0.000000 0.000000 1.000000 39.092518 0022 976715 0.390681 0.576300 0.296562
0023 016693 0.009360 -0.006181 -0.128667 1500 1500 1500 1891 23 26520 9.184249 -0.219561 0.000000 0.000000 0.000000 1.000000 39.019896 0023 026703 0.390681 0.627150 0.308440
0023 063507 0.002455 -0.005371 -0.128684 1500 1500 1500 1886 23 76538 9.308575 -0.215069 0.000000 0.000000 0.000000 1.000000 38.707965 0023 076721 0.390681 0.678000 0.331502
0023 116729 -0.005893 0.000073 -0.130352 1500 1500 1500 1884 23 126587 9.308575 -0.215069 0.000000 0.000000 0.000000 1.000000 38.581770 0023 126770 0.390681 0.661050 0.349951
0023 163391 -0.010749 0.002540 -0.131744 1500 1500 1500 1889 23 176636 9.433268 -0.210346 0.000000 0.000000 0.000000 1.000000 38.875716 0023 177154 0.139707 0.610200 0.351151
0023 216491 -0.010262 -0.000864 -0.132783 1500 1500 1500 1891 23 226715 9.433268 -0.210346 0.000000 0.000000 0.000000 1.000000 39.009133 0023 226928 0.976313 0.644100 0.355501
0023 263275 -0.005976 -0.002831 -0.134301 1500 1500 1500 1889 23 276855 9.558321 -0.205390 0.000000 0.000000 0.000000 1.000000 38.888488 0023 277221 0.390681 0.678000 0.369151
0023 316864 -0.001129 -0.002313 -0.136262 1500 1500 1500 1891 23 326904 9.558321 -0.205390 0.000000 0.000000 0.000000 1.000000 39.012860 0023 327179 0.390681 0.593250 0.373291
0023 363373 0.004533 -0.005849 -0.138586 1500 1500 1500 1894 23 376861 9.683728 -0.200195 0.000000 0.000000 0.000000 1.000000 39.193603 0023 377136 0.976313 0.644100 0.373212
0023 416504 0.011122 -0.012474 -0.140616 1500 1500 1500 1894 23 426758 9.683728 -0.200195 0.000000 0.000000 0.000000 1.000000 39.165532 0023 426971 -0.362225 0.661050 0.379930
0023 463287 0.010627 -0.015543 -0.144166 1500 1500 1500 1893 23 476715 9.809481 -0.194754 0.000000 0.000000 0.000000 1.000000 39.095586 0023 476898 -0.362225 0.627150 0.388694
0023 516784 0.007989 -0.017024 -0.148277 1500 1500 1500 1894 23 526733 9.809481 -0.194754 0.000000 0.000000 0.000000 1.000000 39.158785 0023 527038 -0.613182 0.678000 0.392315
0023 563293 0.007169 -0.016844 -0.152504 1500 1500 1500 1891 23 576813 9.935573 -0.189053 0.000000 0.000000 0.000000 1.000000 38.986076 0023 577118 -0.111262 0.694950 0.405382
0023 616577 0.005186 -0.019285 -0.156403 1500 1500 1500 1890 23 626831 9.935573 -0.189053 0.000000 0.000000 0.000000 1.000000 38.917395 0023 627105 1.227307 0.694950 0.415836
0023 663299 0.002294 -0.019698 -0.161209 1500 1500 1500 1894 23 676819 10.061996 -0.183079 0.000000 0.000000 0.000000 1.000000 39.142509 0023 677124 -0.362225 0.644100 0.414029
0023 715301 0.000879 -0.022212 -0.165757 1500 1500 1500 1896 23 726776 10.061996 -0.183079 0.000000 0.000000 0.000000 1.000000 39.292868 0023 727051 0.641662 0.661050 0.412583
0023 763214 0.003862 -0.022111 -0.168668 1500 1500 1500 1897 23 776855 10.188741 -0.176816 0.000000 0.000000 0.000000 1.000000 39.366024 0023 777221 0.139707 0.525450 0.412583
0023 816589 0.006818 -0.013219 -0.172152 1500 1500 1500 1899 23 826782 10.188741 -0.176816 0.000000 0.000000 0.000000 1.000000 39.443551 0023 827057 0.139707 0.678000 0.411426
0023 864380 0.003998 -0.005488 -0.176686 1500 1500 1500 1901 23 876892 10.315800 -0.170251 0.000000 0.000000 0.000000 1.000000 39.570338 0023 877167 -0.362225 0.661050 0.407111
0023 915222 -0.003123 -0.002654 -0.178705 1500 1500 1500 1904 23 927032 10.315800 -0.170251 0.000000 0.000000 0.000000 1.000000 39.718984 0023 927215 -0.362225 0.593250 0.400269
0023 964935 -0.007523 0.003644 -0.181403 1500 1500 1500 1901 23 977051 10.443167 -0.163376 0.000000 0.000000 0.000000 1.000000 39.564277 0023 977234 0.139707 0.694950 0.404965
0024 017334 -0.007971 0.003396 -0.184260 1500 1500 1500 1902 24 27038 10.443167 -0.163376 0.000000 0.000000 0.000000 1.000000 39.629027 0024 027252 -0.613182 0.610200 0.401942
0024 063263 -0.004190 -0.006095 -0.186772 1500 1500 1500 1901 24 77087 10.570834 -0.156183 0.000000 0.000000 0.000000 1.000000 39.585132 0024 077301 1.729315 0.694950 0.402914
0024 116852 0.002885 -0.011473 -0.190383 1500 1500 1500 1903 24 127014 10.570834 -0.156183 0.000000 0.000000 0.000000 1.000000 39.712568 0024 127228 0.139707 0.644100 0.396911
0024 164886 0.009883 -0.015942 -0.195179 1500 1500 1500 1905 24 177124 10.698793 -0.148661 0.000000 0.000000 0.000000 1.000000 39.777785 0024 177307 -0.362225 0.661050 0.392109
0024 216430 0.014147 -0.018610 -0.198324 1500 1500 1500 1905 24 227203 10.698793 -0.148661 0.000000 0.000000 0.000000 1.000000 39.804248 0024 227386 0.139707 0.678000 0.388267
0024 264648 0.010771 -0.009444 -0.202918 1500 1500 1500 1909 24 277282 10.827036 -0.140797 0.000000 0.000000 0.000000 1.000000 40.038839 0024 277496 -0.362225 0.644100 0.375024
0024 315246 0.005581 -0.006420 -0.205264 1500 1500 1500 1908 24 327362 10.827036 -0.140797 0.000000 0.000000 0.000000 1.000000 39.995853 0024 327545 -0.362225 0.661050 0.371209
0024 364837 -0.000371 -0.011149 -0.207401 1500 1500 1500 1906 24 377441 10.955557 -0.132584 0.000000 0.000000 0.000000 1.000000 39.881076 0024 377624 0.139707 0.694950 0.371209
0024 417084 -0.004513 -0.013404 -0.209814 1500 1500 1500 1913 24 427368 10.955557 -0.132584 0.000000 0.000000 0.000000 1.000000 40.255873 0024 427551 -0.362225 0.593250 0.351207
0024 463257 -0.004860 -0.015034 -0.211220 1500 1500 1500 1917 24 477386 11.084349 -0.124017 0.000000 0.000000 0.000000 1.000000 40.515443 0024 477600 1.227307 0.661050 0.331816
0024 516754 -0.006299 -0.014238 -0.211135 1500 1500 1500 1919 24 527435 11.084349 -0.124017 0.000000 0.000000 0.000000 1.000000 40.619654 0024 527649 1.227307 0.678000 0.316303
0024 563202 0.009633 -0.011777 -0.212513 1500 1500 1500 1921 24 577392 11.213407 -0.115096 0.000000 0.000000 0.000000 1.000000 40.707750 0024 577606 0.139707 0.694950 0.300502
0024 617035 0.005266 0.000863 -0.213696 1500 1500 1500 1923 24 627441 11.213407 -0.115096 0.000000 0.000000 0.000000 1.000000 40.860558 0024 627624 0.641662 0.678000 0.281082
0024 663208 -0.017457 0.012643 -0.213723 1500 1500 1500 1925 24 677490 11.342725 -0.105825 0.000000 0.000000 0.000000 1.000000 40.967059 0024 677765 -0.111262 0.678000 0.262155
0024 715423 -0.037686 0.018756 -0.214067 1500 1500 1500 1923 24 727569 11.342725 -0.105825 0.000000 0.000000 0.000000 1.000000 40.811701 0024 727752 -0.362225 0.694950 0.253794
0024 764740 -0.032967 0.023319 -0.213781 1500 1500 1500 1927 24 777588 11.472301 -0.096208 0.000000 0.000000 0.000000 1.000000 41.055237 0024 777771 0.976313 0.593250 0.230155
0024 816559 -0.015214 0.021084 -0.212904 1500 1500 1500 1924 24 827575 11.472301 -0.096208 0.000000 0.000000 0.000000 1.000000 40.899833 0024 827759 0.139707 0.661050 0.221414
0024 864532 0.005421 0.019612 -0.211508 1500 1500 1500 1922 24 877594 11.602130 -0.086252 0.000000 0.000000 0.000000 1.000000 40.756121 0024 877807 0.390681 0.644100 0.214421
0024 916717 0.021648 0.010235 -0.211443 1500 1500 1500 1917 24 927612 11.602130 -0.086252 0.000000 0.000000 0.000000 1.000000 40.473300 0024 927826 0.976313 0.678000 0.215607
0024 964721 0.030033 0.001376 -0.210372 1500 1500 1500 1914 24 977539 11.732209 -0.075968 0.000000 0.000000 0.000000 1.000000 40.301648 0024 977752 0.390681 0.559350 0.215607
0025 016540 0.026783 0.003886 -0.210670 1500 1500 1500 1913 25 27618 11.732209 -0.075968 0.000000 0.000000 0.000000 1.000000 40.237046 0025 028106 0.976313 0.661050 0.213166
0025 065185 0.017609 0.011271 -0.211981 1500 1500 1500 1913 25 77667 11.862534 -0.065358 0.000000 0.000000 0.000000 1.000000 40.259209 0025 077850 -0.111262 0.694950 0.207823
0025 115265 0.010961 0.015783 -0.213990 1500 1500 1500 1910 25 127716 11.862534 -0.065358 0.000000 0.000000 0.000000 1.000000 40.099092 0025 127929 -0.362225 0.678000 0.210328
0025 164825 0.017907 0.025278 -0.216630 1500 1500 1500 1908 25 177795 11.993100 -0.054420 0.000000 0.000000 0.000000 1.000000 39.997023 0025 178070 0.390681 0.711900 0.212332
0025 216614 0.022294 0.024577 -0.222368 1500 1500 1500 1907 25 227752 11.993100 -0.054420 0.000000 0.000000 0.000000 1.000000 39.933584 0025 228027 -0.111262 0.711900 0.213936
0025 263153 0.013982 0.025321 -0.225585 1500 1500 1500 1913 25 277801 12.123899 -0.043143 0.000000 0.000000 0.000000 1.000000 40.281281 0025 278076 0.139707 0.627150 0.198269
0025 318329 0.003016 0.029223 -0.227921 1500 1500 1500 1914 25 327698 12.123899 -0.043143 0.000000 0.000000 0.000000 1.000000 40.307784 0025 327881 0.139707 0.661050 0.192515
0025 363220 -0.007391 0.028317 -0.230737 1500 1500 1500 1912 25 377807 12.254925 -0.031517 0.000000 0.000000 0.000000 1.000000 40.226205 0025 378082 0.725324 0.711900 0.191302
0025 417084 -0.012542 0.034676 -0.234949 1500 1500 1500 1914 25 427856 12.254925 -0.031517 0.000000 0.000000 0.000000 1.000000 40.318531 0025 428131 -0.362225 0.576300 0.183552
0025 464386 -0.004306 0.032001 -0.238320 1500 1500 1500 1911 25 477875 12.386170 -0.019533 0.000000 0.000000 0.000000 1.000000 40.120771 0025 478149 -0.864132 0.678000 0.187521
0025 515167 0.013364 0.030545 -0.242525 1500 1500 1500 1910 25 527984 12.386170 -0.019533 0.000000 0.000000 0.000000 1.000000 40.075341 0025 528229 0.725324 0.694950 0.187307
0025 563141 0.005533 0.030436 -0.244833 1500 1500 1500 1911 25 578033 12.517627 -0.007180 0.000000 0.000000 0.000000 1.000000 40.119823 0025 578216 0.139707 0.644100 0.183746
0025 617157 -0.003608 0.030887 -0.245660 1500 1500 1500 1908 25 628143 12.517627 -0.007180 0.000000 0.000000 0.000000 1.000000 39.982450 0025 628326 0.139707 0.711900 0.187676
0025 663177 0.000456 0.036955 -0.247602 1500 1500 1500 1904 25 678161 12.649290 0.005545 0.000000 0.000000 0.000000 1.000000 39.747718 0025 678344 -0.362225 0.711900 0.197601
0025 716675 0.008735 0.033492 -0.249749 1500 1500 1500 1909 25 728180 12.649290 0.005545 0.000000 0.000000 0.000000 1.000000 40.008762 0025 728363 0.390681 0.593250 0.188591
0025 763183 0.012823 0.034184 -0.252110 1500 1500 1500 1908 25 778167 12.781155 0.018645 0.000000 0.000000 0.000000 1.000000 40.001209 0025 778351 -0.111262 0.678000 0.188163
0025 817047 0.011145 0.031133 -0.252302 1500 1500 1500 1912 25 843902 12.781155 0.018645 0.000000 0.000000 0.000000 1.000000 40.201009 0025 844452 0.725324 0.644100 0.178732
0025 863373 0.011197 0.031825 -0.252576 1500 1500 1500 1914 25 894073 12.913216 0.032119 0.000000 0.000000 0.000000 1.000000 40.327805 0025 894348 0.139707 0.644100 0.170106
