0005 556671 0.010570 0.146025 -0.061222 1500 1500 1500 950 5 586700 0.000000 0.000000 0.000000 0.000000 0.000000 0.000000 0.000000 0005 587311 0.151418 1.915350 0.033900
0005 609802 0.010587 0.145971 -0.061259 1500 1500 1500 950 5 636749 0.000000 0.000000 0.000000 0.000000 0.000000 0.000000 0.000000 0005 637451 0.486053 1.983150 0.061020
0005 656708 0.010554 0.145828 -0.061356 1500 1500 1500 950 5 686737 0.000000 0.000000 0.000000 0.000000 0.000000 0.000000 0.000000 0005 687256 -0.350513 2.000100 0.089496
0005 710144 0.010602 0.145772 -0.061105 1500 1500 1500 950 5 736725 0.000000 0.000000 0.000000 0.000000 0.000000 0.000000 0.000000 0005 737274 0.151418 2.084850 0.108887
0005 756683 0.010665 0.145713 -0.061100 1500 1500 1500 950 5 786682 0.000000 0.000000 0.000000 0.000000 0.000000 0.000000 0.000000 0005 787201 -0.099550 2.067900 0.121009
0005 810150 0.010614 0.145582 -0.061201 1500 1500 1500 950 5 836792 0.000000 0.000000 0.000000 0.000000 0.000000 0.000000 0.000000 0005 837311 0.151418 2.186550 0.134098
0005 857208 0.010689 0.145549 -0.060839 1500 1500 1500 950 5 886719 0.000000 0.000000 0.000000 0.000000 0.000000 0.000000 0.000000 0005 887237 -0.099550 2.135700 0.144568
0005 908813 0.010730 0.145523 -0.060749 1500 1500 1500 950 5 936767 0.000000 0.000000 0.000000 0.000000 0.000000 0.000000 0.000000 0005 937286 0.737035 0.372900 0.152944
0005 956695 0.010713 0.145352 -0.061038 1500 1500 1500 950 5 986938 0.000000 0.000000 0.000000 0.000000 0.000000 0.000000 0.000000 0005 987427 -0.852420 0.372900 0.159646
0006 009918 0.010676 0.145400 -0.061003 1500 1500 1500 950 6 36926 0.000000 0.000000 0.000000 0.000000 0.000000 0.000000 0.000000 0006 037414 0.151418 0.372900 0.165006
0006 056641 0.010718 0.145749 -0.061090 1500 1500 1500 950 6 87128 0.000000 0.000000 0.000000 0.000000 0.000000 0.000000 0.000000 0006 087768 0.151418 0.372900 0.169295
0006 110260 0.010671 0.145749 -0.061355 1500 1500 1500 950 6 137146 0.000000 0.000000 0.000000 0.000000 0.000000 0.000000 0.000000 0006 137634 -0.601470 0.372900 0.172726
0006 156647 0.010701 0.145449 -0.061154 1500 1500 1500 950 6 187347 0.000000 0.000000 0.000000 0.000000 0.000000 0.000000 0.000000 0006 187958 0.402393 0.372900 0.175471
0006 209717 0.010659 0.145429 -0.061195 1500 1500 1500 950 6 237274 0.000000 0.000000 0.000000 0.000000 0.000000 0.000000 0.000000 0006 237671 -0.601470 0.372900 0.174277
0006 256622 0.010654 0.145582 -0.061269 1500 1500 1500 950 6 287475 0.000000 0.000000 0.000000 0.000000 0.000000 0.000000 0.000000 0006 288238 -0.099550 0.372900 0.176711
0006 310425 0.010596 0.145581 -0.061155 1500 1500 1500 950 6 337524 0.000000 0.000000 0.000000 0.000000 0.000000 0.000000 0.000000 0006 337921 0.737035 2.474700 0.178659
0006 356872 0.010555 0.145488 -0.061444 1500 1500 1500 950 6 387482 0.000000 0.000000 0.000000 0.000000 0.000000 0.000000 0.000000 0006 388397 -0.852420 2.474700 0.176827
0006 409698 0.010589 0.145546 -0.061471 1500 1500 1500 950 6 437469 0.000000 0.000000 0.000000 0.000000 0.000000 0.000000 0.000000 0006 437897 -0.350513 2.423850 0.178752
0006 456665 0.010570 0.145772 -0.061145 1500 1500 1500 950 6 487610 0.000000 0.000000 0.000000 0.000000 0.000000 0.000000 0.000000 0006 488373 0.151418 0.796650 0.180291
0006 509796 0.010515 0.145603 -0.061321 1500 1500 1500 950 6 537506 0.000000 0.000000 0.000000 0.000000 0.000000 0.000000 0.000000 0006 537933 -0.350513 0.389850 0.181523
0006 556641 0.010530 0.145431 -0.061394 1500 1500 1500 950 6 587463 0.000000 0.000000 0.000000 0.000000 0.000000 0.000000 0.000000 0006 588226 -0.350513 0.406800 0.182509
0006 609711 0.010636 0.145484 -0.061157 1500 1500 1500 950 6 637604 0.000000 0.000000 0.000000 0.000000 0.000000 0.000000 0.000000 0006 638153 -0.350513 0.406800 0.183297
0006 656677 0.010555 0.145611 -0.061350 1500 1500 1500 950 6 687652 0.000000 0.000000 0.000000 0.000000 0.000000 0.000000 0.000000 0006 688171 -0.601470 0.406800 0.183927
0006 710144 0.010561 0.145722 -0.061488 1500 1500 1500 950 6 737732 0.000000 0.000000 0.000000 0.000000 0.000000 0.000000 0.000000 0006 738251 0.737035 0.406800 0.184432
0006 756653 0.010600 0.145551 -0.061191 1500 1500 1500 950 6 787933 0.000000 0.000000 0.000000 0.000000 0.000000 0.000000 0.000000 0006 788422 -0.601470 0.355950 0.184836
0006 809814 0.010528 0.145479 -0.061379 1500 1500 1500 950 6 838165 0.000000 0.000000 0.000000 0.000000 0.000000 0.000000 0.000000 0006 838562 0.151418 0.355950 0.185158
0006 857086 0.010554 0.145702 -0.061581 1500 1500 1500 950 6 888245 0.000000 0.000000 0.000000 0.000000 0.000000 0.000000 0.000000 0006 888702 -1.103365 0.339000 0.185417
0006 909820 0.010613 0.145788 -0.061245 1500 1500 1500 950 6 938385 0.000000 0.000000 0.000000 0.000000 0.000000 0.000000 0.000000 0006 938782 -0.350513 0.339000 0.182233
0006 956634 0.010606 0.145663 -0.061407 1500 1500 1500 950 6 988525 0.000000 0.000000 0.000000 0.000000 0.000000 0.000000 0.000000 0006 988922 0.486053 0.339000 0.179687
0007 009827 0.010564 0.145583 -0.061554 1500 1500 1500 950 7 38635 0.000000 0.000000 0.000000 0.000000 0.000000 0.000000 0.000000 0007 039184 -0.099550 0.355950 0.181039
0007 056579 0.010565 0.145703 -0.061455 1500 1500 1500 950 7 88806 0.000000 0.000000 0.000000 0.000000 0.000000 0.000000 0.000000 0007 089325 -0.350513 0.339000 0.182122
0007 109894 0.010577 0.145814 -0.061515 1500 1500 1500 950 7 138946 0.000000 0.000000 0.000000 0.000000 0.000000 0.000000 0.000000 0007 139435 -0.350513 0.355950 0.182987
0007 156616 0.010487 0.145649 -0.061610 1500 1500 1500 950 7 188843 0.000000 0.000000 0.000000 0.000000 0.000000 0.000000 0.000000 0007 189331 0.151418 0.355950 0.183680
0007 209686 0.010479 0.145712 -0.061603 1500 1500 1500 950 7 239197 0.000000 0.000000 0.000000 0.000000 0.000000 0.000000 0.000000 0007 239593 0.151418 0.339000 0.184234
0007 256744 0.010497 0.145858 -0.061498 1500 1500 1500 950 7 289123 0.000000 0.000000 0.000000 0.000000 0.000000 0.000000 0.000000 0007 289520 -0.350513 0.339000 0.184677
0007 310120 0.010455 0.145709 -0.061417 1500 1500 1500 950 7 339203 0.000000 0.000000 0.000000 0.000000 0.000000 0.000000 0.000000 0007 339752 0.151418 0.339000 0.185032
0007 357208 0.010459 0.145642 -0.061457 1500 1500 1500 950 7 389282 0.000000 0.000000 0.000000 0.000000 0.000000 0.000000 0.000000 0007 389679 1.239019 0.339000 0.185315
0007 409546 0.010339 0.146023 -0.061317 1500 1500 1500 950 7 439331 0.000000 0.000000 0.000000 0.000000 0.000000 0.000000 0.000000 0007 440002 0.486053 0.355950 0.185542
0007 456604 0.009851 0.146248 -0.061029 1500 1500 1500 950 7 489502 0.000000 0.000000 0.000000 0.000000 0.000000 0.000000 0.000000 0007 490051 -0.099550 0.339000 0.185724
0007 510010 0.008527 0.146595 -0.060666 1500 1500 1500 950 7 539520 0.000000 0.000000 0.000000 0.000000 0.000000 0.000000 0.000000 0007 540222 -0.601470 0.339000 0.185869
0007 556732 0.008348 0.147483 -0.060165 1500 1500 1500 950 7 589722 0.000000 0.000000 0.000000 0.000000 0.000000 0.000000 0.000000 0007 590240 0.151418 0.339000 0.185985
0007 609772 0.008143 0.147716 -0.059833 1500 1500 1500 950 7 639740 0.000000 0.000000 0.000000 0.000000 0.000000 0.000000 0.000000 0007 641022 0.151418 0.322050 0.186078
0007 656677 0.008466 0.147429 -0.059699 1500 1500 1500 950 7 689941 0.000000 0.000000 0.000000 0.000000 0.000000 0.000000 0.000000 0007 690338 -0.852420 0.339000 0.186153
0007 709961 0.008281 0.146990 -0.059653 1500 1500 1500 950 7 740021 0.000000 0.000000 0.000000 0.000000 0.000000 0.000000 0.000000 0007 740692 -0.852420 0.339000 0.186212
0007 756622 0.008442 0.147295 -0.059705 1500 1500 1500 950 7 790100 0.000000 0.000000 0.000000 0.000000 0.000000 0.000000 0.000000 0007 790497 -0.350513 0.440700 0.182870
0007 809692 0.008226 0.148026 -0.060157 1500 1500 1500 950 7 840088 0.000000 0.000000 0.000000 0.000000 0.000000 0.000000 0.000000 0007 840759 -0.099550 0.457650 0.183586
0007 857208 0.008175 0.148179 -0.060289 1500 1500 1500 950 7 890289 0.000000 0.000000 0.000000 0.000000 0.000000 0.000000 0.000000 0007 890686 -0.350513 0.372900 0.184159
0007 909820 0.008318 0.147779 -0.060099 1500 1500 1500 950 7 940308 0.000000 0.000000 0.000000 0.000000 0.000000 0.000000 0.000000 0007 940796 -0.601470 0.355950 0.181227
0007 956634 0.008207 0.148026 -0.060226 1500 1500 1500 950 7 990417 0.000000 0.000000 0.000000 0.000000 0.000000 0.000000 0.000000 0007 990936 -0.601470 0.372900 0.178881
0008 009552 0.008375 0.148321 -0.060125 1500 1500 1500 950 8 40497 0.000000 0.000000 0.000000 0.000000 0.000000 0.000000 0.000000 0008 041016 -0.601470 0.372900 0.177005
0008 056641 0.008603 0.147874 -0.059754 1500 1500 1500 950 8 90607 0.000000 0.000000 0.000000 0.000000 0.000000 0.000000 0.000000 0008 091339 0.988024 0.440700 0.178894
0008 109924 0.008662 0.147647 -0.059882 1500 1500 1500 950 8 140594 0.000000 0.000000 0.000000 0.000000 0.000000 0.000000 0.000000 0008 141174 0.737035 0.440700 0.180405
0008 156616 0.008717 0.147863 -0.059870 1500 1500 1500 950 8 190674 0.000000 0.000000 0.000000 0.000000 0.000000 0.000000 0.000000 0008 191193 -0.099550 0.288150 0.181614
0008 209534 0.008642 0.147670 -0.059586 1500 1500 1500 950 8 240997 0.000000 0.000000 0.000000 0.000000 0.000000 0.000000 0.000000 0008 241394 1.239019 0.288150 0.182581
0008 256653 0.008663 0.147281 -0.059749 1500 1500 1500 950 8 291107 0.000000 0.000000 0.000000 0.000000 0.000000 0.000000 0.000000 0008 291504 -0.099550 0.355950 0.183355
0008 310058 0.008717 0.147377 -0.059753 1500 1500 1500 950 8 341186 0.000000 0.000000 0.000000 0.000000 0.000000 0.000000 0.000000 0008 341583 -0.350513 0.355950 0.183974
0008 356964 0.008692 0.147802 -0.059779 1500 1500 1500 950 8 391296 0.000000 0.000000 0.000000 0.000000 0.000000 0.000000 0.000000 0008 391693 0.737035 0.355950 0.181079
0008 409546 0.008621 0.148218 -0.060300 1500 1500 1500 950 8 441345 0.000000 0.000000 0.000000 0.000000 0.000000 0.000000 0.000000 0008 441742 -0.099550 0.372900 0.178763
0008 456604 0.008431 0.148323 -0.060480 1500 1500 1500 950 8 491424 0.000000 0.000000 0.000000 0.000000 0.000000 0.000000 0.000000 0008 492157 0.737035 0.355950 0.176911
0008 509918 0.008462 0.148344 -0.060460 1500 1500 1500 950 8 541626 0.000000 0.000000 0.000000 0.000000 0.000000 0.000000 0.000000 0008 542145 0.486053 0.372900 0.178819
0008 556610 0.008522 0.148506 -0.060516 1500 1500 1500 950 8 591736 0.000000 0.000000 0.000000 0.000000 0.000000 0.000000 0.000000 0008 592255 0.151418 0.339000 0.176955
0008 609558 0.008485 0.148305 -0.060427 1500 1500 1500 950 8 641693 0.000000 0.000000 0.000000 0.000000 0.000000 0.000000 0.000000 0008 642212 0.151418 0.339000 0.178854
0008 656464 0.008457 0.148545 -0.060546 1500 1500 1500 950 8 691742 0.000000 0.000000 0.000000 0.000000 0.000000 0.000000 0.000000 0008 692566 0.486053 0.339000 0.180373
0008 709778 0.008275 0.149226 -0.060651 1500 1500 1500 950 8 741791 0.000000 0.000000 0.000000 0.000000 0.000000 0.000000 0.000000 0008 742279 0.737035 0.339000 0.181588
0008 756500 0.008283 0.149211 -0.060434 1500 1500 1500 950 8 791901 0.000000 0.000000 0.000000 0.000000 0.000000 0.000000 0.000000 0008 792541 0.737035 0.355950 0.182561
0008 809723 0.009192 0.147277 -0.060607 1500 1500 1500 950 8 841949 0.000000 0.000000 0.000000 0.000000 0.000000 0.000000 0.000000 0008 842346 -0.099550 0.372900 0.183339
0008 856964 0.008549 0.147337 -0.060922 1500 1500 1500 950 8 892151 0.000000 0.000000 0.000000 0.000000 0.000000 0.000000 0.000000 0008 892548 0.151418 0.355950 0.183961
0008 910034 0.008262 0.149555 -0.060928 1500 1500 1500 950 8 942169 0.000000 0.000000 0.000000 0.000000 0.000000 0.000000 0.000000 0008 942688 -0.099550 0.355950 0.184459
0008 956512 0.007699 0.150689 -0.060321 1500 1500 1500 950 8 992218 0.000000 0.000000 0.000000 0.000000 0.000000 0.000000 0.000000 0008 992615 -0.099550 0.355950 0.184857
0009 009521 0.007016 0.150060 -0.059776 1500 1500 1500 950 9 42145 0.000000 0.000000 0.000000 0.000000 0.000000 0.000000 0.000000 0009 042541 -0.852420 0.355950 0.185176
0009 056518 0.007334 0.149086 -0.059436 1500 1500 1500 950 9 92224 0.000000 0.000000 0.000000 0.000000 0.000000 0.000000 0.000000 0009 092621 -0.350513 0.355950 0.185430
0009 108520 0.006946 0.148542 -0.059870 1500 1500 1500 950 9 142395 0.000000 0.000000 0.000000 0.000000 0.000000 0.000000 0.000000 0009 142914 0.402393 0.372900 0.182244
0009 156525 0.006344 0.148869 -0.059924 1500 1500 1500 950 9 192596 0.000000 0.000000 0.000000 0.000000 0.000000 0.000000 0.000000 0009 193115 -0.350513 0.406800 0.183085
0009 209534 0.004364 0.149365 -0.059474 1500 1500 1500 950 9 242767 0.000000 0.000000 0.000000 0.000000 0.000000 0.000000 0.000000 0009 243256 -0.852420 0.423750 0.183758
0009 256470 0.001373 0.151506 -0.058732 1500 1500 1500 950 9 292999 0.000000 0.000000 0.000000 0.000000 0.000000 0.000000 0.000000 0009 293396 -0.350513 0.423750 0.180907
0009 310028 -0.001768 0.153250 -0.057830 1500 1500 1500 950 9 343109 0.000000 0.000000 0.000000 0.000000 0.000000 0.000000 0.000000 0009 343475 -0.601470 0.406800 0.182015
0009 356689 -0.000718 0.155110 -0.057514 1500 1500 1500 950 9 393158 0.000000 0.000000 0.000000 0.000000 0.000000 0.000000 0.000000 0009 393555 -0.099550 0.389850 0.182902
0009 409546 -0.000341 0.154639 -0.057445 1500 1500 1500 950 9 443176 0.000000 0.000000 0.000000 0.000000 0.000000 0.000000 0.000000 0009 443573 -0.350513 0.372900 0.183612
0009 456451 -0.000768 0.152366 -0.057626 1500 1500 1500 950 9 493164 0.000000 0.000000 0.000000 0.000000 0.000000 0.000000 0.000000 0009 493561 -0.099550 0.372900 0.184179
0009 509796 0.000131 0.151966 -0.058022 1500 1500 1500 950 9 543335 0.000000 0.000000 0.000000 0.000000 0.000000 0.000000 0.000000 0009 543732 -0.350513 0.372900 0.184634
0009 556488 0.000302 0.152089 -0.057761 1500 1500 1500 950 9 593445 0.000000 0.000000 0.000000 0.000000 0.000000 0.000000 0.000000 0009 593964 -0.601470 0.355950 0.181607
0009 609527 -0.000017 0.152375 -0.057424 1500 1500 1500 950 9 643585 0.000000 0.000000 0.000000 0.000000 0.000000 0.000000 0.000000 0009 644104 0.151418 0.355950 0.182575
0009 656464 0.000099 0.153232 -0.057668 1500 1500 1500 950 9 693725 0.000000 0.000000 0.000000 0.000000 0.000000 0.000000 0.000000 0009 694244 0.486053 0.355950 0.183350
0009 708557 0.000644 0.153690 -0.057595 1500 1500 1500 950 9 743957 0.000000 0.000000 0.000000 0.000000 0.000000 0.000000 0.000000 0009 744354 0.402393 0.355950 0.183970
0009 756500 0.000625 0.153319 -0.057362 1500 1500 1500 950 9 794128 0.000000 0.000000 0.000000 0.000000 0.000000 0.000000 0.000000 0009 794525 -0.852420 0.355950 0.181076
0009 809692 0.000999 0.151748 -0.057593 1500 1500 1500 950 9 844360 0.000000 0.000000 0.000000 0.000000 0.000000 0.000000 0.000000 0009 844726 -0.099550 0.440700 0.182151
0009 856964 0.002115 0.150194 -0.058186 1500 1500 1500 950 9 894562 0.000000 0.000000 0.000000 0.000000 0.000000 0.000000 0.000000 0009 895111 -0.601470 0.440700 0.183011
0009 909973 0.001468 0.149769 -0.058209 1500 1500 1500 950 9 944672 0.000000 0.000000 0.000000 0.000000 0.000000 0.000000 0.000000 0009 945190 -1.103365 0.440700 0.183699
0009 956482 0.001367 0.149555 -0.057791 1500 1500 1500 950 9 994903 0.000000 0.000000 0.000000 0.000000 0.000000 0.000000 0.000000 0009 995300 -0.350513 0.440700 0.184249
0010 009521 0.001850 0.150070 -0.058052 1500 1500 1500 950 10 45013 0.000000 0.000000 0.000000 0.000000 0.000000 0.000000 0.000000 0010 045410 -0.099550 0.440700 0.184689
0010 056427 0.001395 0.149569 -0.058037 1500 1500 1500 950 10 95093 0.000000 0.000000 0.000000 0.000000 0.000000 0.000000 0.000000 0010 095489 0.402393 0.440700 0.181651
0010 109772 0.001751 0.148867 -0.057683 1500 1500 1500 950 10 145111 0.000000 0.000000 0.000000 0.000000 0.000000 0.000000 0.000000 0010 145630 1.490020 0.423750 0.182611
0010 156433 0.001687 0.148189 -0.057675 1500 1500 1500 950 10 195068 0.000000 0.000000 0.000000 0.000000 0.000000 0.000000 0.000000 0010 195465 -0.099550 0.423750 0.179989
0010 209534 0.001499 0.147628 -0.057438 1500 1500 1500 950 10 245087 0.000000 0.000000 0.000000 0.000000 0.000000 0.000000 0.000000 0010 245483 0.151418 0.372900 0.177891
0010 256439 0.001534 0.147319 -0.056802 1500 1500 1500 950 10 295074 0.000000 0.000000 0.000000 0.000000 0.000000 0.000000 0.000000 0010 295471 0.486053 0.372900 0.179603
0010 310028 0.001061 0.146931 -0.056634 1500 1500 1500 950 10 345093 0.000000 0.000000 0.000000 0.000000 0.000000 0.000000 0.000000 0010 345489 -0.099550 0.389850 0.184362
0010 356659 0.000569 0.146866 -0.057019 1500 1500 1500 950 10 395111 0.000000 0.000000 0.000000 0.000000 0.000000 0.000000 0.000000 0010 395630 -0.099550 0.389850 0.184780
0010 409515 0.000309 0.146633 -0.056658 1500 1500 1500 950 10 445068 0.000000 0.000000 0.000000 0.000000 0.000000 0.000000 0.000000 0010 445465 0.988024 0.389850 0.185114
0010 456451 0.000332 0.146355 -0.056353 1500 1500 1500 950 10 495087 0.000000 0.000000 0.000000 0.000000 0.000000 0.000000 0.000000 0010 495483 0.151418 0.389850 0.185381
0010 508423 0.000765 0.145747 -0.055989 1500 1500 1500 950 10 545074 0.000000 0.000000 0.000000 0.000000 0.000000 0.000000 0.000000 0010 545471 -0.852420 0.389850 0.185595
0010 556427 0.000465 0.145304 -0.056327 1500 1500 1500 950 10 595062 0.000000 0.000000 0.000000 0.000000 0.000000 0.000000 0.000000 0010 595459 -0.601470 0.372900 0.185766
0010 609527 0.000034 0.146866 -0.057367 1500 1500 1500 950 10 645111 0.000000 0.000000 0.000000 0.000000 0.000000 0.000000 0.000000 0010 645660 -0.099550 0.372900 0.185903
0010 656494 -0.000282 0.148606 -0.056998 1500 1500 1500 950 10 695312 0.000000 0.000000 0.000000 0.000000 0.000000 0.000000 0.000000 0010 695923 -0.350513 0.372900 0.186012
0010 709930 -0.001561 0.149650 -0.056820 1500 1500 1500 950 10 745392 0.000000 0.000000 0.000000 0.000000 0.000000 0.000000 0.000000 0010 746063 -0.601470 0.339000 0.186100
0010 756409 -0.001990 0.150430 -0.057326 1500 1500 1500 950 10 795471 0.000000 0.000000 0.000000 0.000000 0.000000 0.000000 0.000000 0010 796142 -0.099550 0.339000 0.186170
0010 809418 -0.001580 0.150101 -0.056695 1500 1500 1500 950 10 845489 0.000000 0.000000 0.000000 0.000000 0.000000 0.000000 0.000000 0010 846161 0.988024 0.339000 0.186226
0010 856659 -0.002237 0.148833 -0.056237 1500 1500 1500 950 10 895569 0.000000 0.000000 0.000000 0.000000 0.000000 0.000000 0.000000 0010 896240 -0.601470 0.322050 0.182881
0010 909546 -0.003125 0.148409 -0.056577 1500 1500 1500 950 10 945557 0.000000 0.000000 0.000000 0.000000 0.000000 0.000000 0.000000 0010 946228 -0.350513 0.322050 0.180205
0010 956390 -0.003015 0.148572 -0.056351 1500 1500 1500 950 10 995880 0.000000 0.000000 0.000000 0.000000 0.000000 0.000000 0.000000 0010 996277 -0.350513 0.339000 0.178064
0011 009369 -0.003101 0.149051 -0.055541 1500 1500 1500 950 11 46051 0.000000 0.000000 0.000000 0.000000 0.000000 0.000000 0.000000 0011 046448 -0.099550 0.322050 0.179741
0011 056335 -0.003154 0.148654 -0.055361 1500 1500 1500 950 11 96008 0.000000 0.000000 0.000000 0.000000 0.000000 0.000000 0.000000 0011 096405 -0.601470 0.339000 0.181083
0011 109619 -0.002781 0.147686 -0.056077 1500 1500 1500 950 11 146027 0.000000 0.000000 0.000000 0.000000 0.000000 0.000000 0.000000 0011 146423 0.151418 0.355950 0.182156
0011 156372 -0.002855 0.146973 -0.056324 1500 1500 1500 950 11 196014 0.000000 0.000000 0.000000 0.000000 0.000000 0.000000 0.000000 0011 196411 -0.099550 0.355950 0.183015
0011 209473 -0.002635 0.146690 -0.055808 1500 1500 1500 950 11 246033 0.000000 0.000000 0.000000 0.000000 0.000000 0.000000 0.000000 0011 246429 -0.099550 0.423750 0.183702
0011 256378 -0.002647 0.146844 -0.055931 1500 1500 1500 950 11 296020 0.000000 0.000000 0.000000 0.000000 0.000000 0.000000 0.000000 0011 296417 0.737035 0.423750 0.184252
0011 308380 -0.002573 0.146880 -0.056067 1500 1500 1500 950 11 346039 0.000000 0.000000 0.000000 0.000000 0.000000 0.000000 0.000000 0011 346435 -0.099550 3.949350 0.181301
0011 357849 -0.002398 0.146898 -0.055985 1500 1500 1500 950 11 396027 0.000000 0.000000 0.000000 0.000000 0.000000 0.000000 0.000000 0011 396423 -1.103365 5.271450 0.182331
0011 409393 -0.001962 0.146825 -0.056302 1500 1500 1500 950 11 446014 0.000000 0.000000 0.000000 0.000000 0.000000 0.000000 0.000000 0011 446442 -0.350513 0.389850 0.183155
0011 456329 -0.001647 0.146200 -0.056811 1500 1500 1500 950 11 496033 0.000000 0.000000 0.000000 0.000000 0.000000 0.000000 0.000000 0011 496429 0.151418 0.372900 0.183814
0011 508362 -0.001158 0.145239 -0.057201 1500 1500 1500 950 11 546020 0.000000 0.000000 0.000000 0.000000 0.000000 0.000000 0.000000 0011 546417 -0.350513 0.355950 0.180951
0011 556305 -0.000596 0.144760 -0.057410 1500 1500 1500 950 11 596008 0.000000 0.000000 0.000000 0.000000 0.000000 0.000000 0.000000 0011 596405 -0.852420 0.355950 0.182051
0011 609375 0.000743 0.144038 -0.057212 1500 1500 1500 950 11 646027 0.000000 0.000000 0.000000 0.000000 0.000000 0.000000 0.000000 0011 646881 -0.099550 5.661300 0.180923
0011 656311 0.002437 0.142767 -0.056915 1500 1500 1500 950 11 696014 0.000000 0.000000 0.000000 0.000000 0.000000 0.000000 0.000000 0011 696381 -0.601470 0.389850 0.182028
0011 709625 0.003403 0.140261 -0.056896 1500 1500 1500 950 11 746033 0.000000 0.000000 0.000000 0.000000 0.000000 0.000000 0.000000 0011 746429 0.151418 0.389850 0.182912
0011 756317 0.004088 0.139769 -0.057500 1500 1500 1500 950 11 796020 0.000000 0.000000 0.000000 0.000000 0.000000 0.000000 0.000000 0011 796417 0.151418 0.372900 0.183620
0011 809418 0.005040 0.141230 -0.057869 1500 1500 1500 950 11 846039 0.000000 0.000000 0.000000 0.000000 0.000000 0.000000 0.000000 0011 846435 -0.601470 0.372900 0.180796
0011 856323 0.005556 0.140070 -0.058339 1500 1500 1500 950 11 896027 0.000000 0.000000 0.000000 0.000000 0.000000 0.000000 0.000000 0011 896423 0.151418 0.339000 0.178537
0011 909576 0.006385 0.137236 -0.058249 1500 1500 1500 950 11 946167 0.000000 0.000000 0.000000 0.000000 0.000000 0.000000 0.000000 0011 946564 -0.350513 0.355950 0.180119
0011 956329 0.006586 0.135860 -0.057199 1500 1500 1500 950 11 996246 0.000000 0.000000 0.000000 0.000000 0.000000 0.000000 0.000000 0011 996765 0.402393 0.355950 0.181386
0012 009369 0.006432 0.136056 -0.056723 1500 1500 1500 950 12 46356 0.000000 0.000000 0.000000 0.000000 0.000000 0.000000 0.000000 0012 046875 -0.350513 0.339000 0.182398
0012 056335 0.006770 0.136191 -0.056962 1500 1500 1500 950 12 96405 0.000000 0.000000 0.000000 0.000000 0.000000 0.000000 0.000000 0012 096924 0.151418 0.355950 0.183209
0012 109619 0.007062 0.135607 -0.056080 1500 1500 1500 950 12 146484 0.000000 0.000000 0.000000 0.000000 0.000000 0.000000 0.000000 0012 147003 -0.852420 0.355950 0.183857
0012 156341 0.006932 0.135116 -0.053293 1500 1500 1500 950 12 196533 0.000000 0.000000 0.000000 0.000000 0.000000 0.000000 0.000000 0012 197052 -0.852420 0.339000 0.184376
0012 209473 0.007559 0.133239 -0.052766 1500 1500 1500 950 12 246551 0.000000 0.000000 0.000000 0.000000 0.000000 0.000000 0.000000 0012 247192 0.151418 0.355950 0.184790
0012 256348 0.007283 0.133022 -0.054134 1500 1500 1500 950 12 296570 0.000000 0.000000 0.000000 0.000000 0.000000 0.000000 0.000000 0012 297089 -0.350513 0.339000 0.185122
0012 308350 0.007221 0.132885 -0.054406 1500 1500 1500 950 12 346527 0.000000 0.000000 0.000000 0.000000 0.000000 0.000000 0.000000 0012 347046 0.151418 0.389850 0.185388
0012 356537 0.007277 0.132825 -0.053873 1500 1500 1500 950 12 396637 0.000000 0.000000 0.000000 0.000000 0.000000 0.000000 0.000000 0012 397125 -0.350513 0.440700 0.185600
0012 409393 0.006982 0.132569 -0.053818 1500 1500 1500 950 12 446655 0.000000 0.000000 0.000000 0.000000 0.000000 0.000000 0.000000 0012 447113 -0.601470 0.423750 0.182380
0012 456299 0.006848 0.132393 -0.053488 1500 1500 1500 950 12 496765 0.000000 0.000000 0.000000 0.000000 0.000000 0.000000 0.000000 0012 497497 -0.350513 0.423750 0.183194
0012 509582 0.006771 0.132342 -0.053507 1500 1500 1500 950 12 546875 0.000000 0.000000 0.000000 0.000000 0.000000 0.000000 0.000000 0012 547272 -0.350513 0.423750 0.180455
0012 556610 0.006478 0.132296 -0.053807 1500 1500 1500 950 12 596924 0.000000 0.000000 0.000000 0.000000 0.000000 0.000000 0.000000 0012 597534 -0.852420 0.423750 0.178264
0012 609375 0.006388 0.132515 -0.054107 1500 1500 1500 950 12 646942 0.000000 0.000000 0.000000 0.000000 0.000000 0.000000 0.000000 0012 647339 -0.350513 0.355950 0.176511
0012 656250 0.006156 0.132251 -0.054441 1500 1500 1500 950 12 696930 0.000000 0.000000 0.000000 0.000000 0.000000 0.000000 0.000000 0012 697571 -0.852420 0.339000 0.175109
0012 708465 0.005422 0.132365 -0.055379 1500 1500 1500 950 12 746979 0.000000 0.000000 0.000000 0.000000 0.000000 0.000000 0.000000 0012 747467 -1.103365 0.339000 0.177377
0012 756348 0.005164 0.134369 -0.057050 1500 1500 1500 950 12 796936 0.000000 0.000000 0.000000 0.000000 0.000000 0.000000 0.000000 0012 797607 -0.099550 0.339000 0.179192
0012 809357 0.005244 0.135205 -0.056942 1500 1500 1500 950 12 846954 0.000000 0.000000 0.000000 0.000000 0.000000 0.000000 0.000000 0012 847381 -0.852420 0.322050 0.180643
0012 856323 0.005181 0.134431 -0.056409 1500 1500 1500 950 12 896942 0.000000 0.000000 0.000000 0.000000 0.000000 0.000000 0.000000 0012 897522 -0.099550 0.322050 0.178415
0012 909363 0.005240 0.134062 -0.057024 1500 1500 1500 950 12 946930 0.000000 0.000000 0.000000 0.000000 0.000000 0.000000 0.000000 0012 947327 0.151418 0.322050 0.176632
0012 956268 0.005325 0.134027 -0.056407 1500 1500 1500 950 12 996979 0.000000 0.000000 0.000000 0.000000 0.000000 0.000000 0.000000 0012 997772 0.151418 0.339000 0.175205
0013 009369 0.005323 0.132947 -0.055807 1500 1500 1500 950 13 46936 0.000000 0.000000 0.000000 0.000000 0.000000 0.000000 0.000000 0013 047333 -0.350513 0.322050 0.177454
0013 056274 0.005234 0.132485 -0.056247 1500 1500 1500 950 13 96924 0.000000 0.000000 0.000000 0.000000 0.000000 0.000000 0.000000 0013 097412 -0.350513 0.322050 0.175863
0013 109405 0.005161 0.132933 -0.055982 1500 1500 1500 950 13 146942 0.000000 0.000000 0.000000 0.000000 0.000000 0.000000 0.000000 0013 147339 -0.099550 0.322050 0.177981
0013 156280 0.005119 0.133645 -0.056197 1500 1500 1500 950 13 196930 0.000000 0.000000 0.000000 0.000000 0.000000 0.000000 0.000000 0013 197601 -0.601470 0.322050 0.179675
0013 209412 0.005091 0.133699 -0.056647 1500 1500 1500 950 13 246948 0.000000 0.000000 0.000000 0.000000 0.000000 0.000000 0.000000 0013 247436 0.737035 0.322050 0.181030
0013 256225 0.005101 0.133346 -0.056174 1500 1500 1500 950 13 296936 0.000000 0.000000 0.000000 0.000000 0.000000 0.000000 0.000000 0013 297577 -0.601470 0.339000 0.182114
0013 309387 0.005052 0.134005 -0.056638 1500 1500 1500 950 13 346954 0.000000 0.000000 0.000000 0.000000 0.000000 0.000000 0.000000 0013 347381 0.402393 0.339000 0.182981
0013 356293 0.004959 0.133874 -0.056704 1500 1500 1500 950 13 396912 0.000000 0.000000 0.000000 0.000000 0.000000 0.000000 0.000000 0013 397583 -0.099550 0.339000 0.183675
0013 409332 0.005068 0.133674 -0.056542 1500 1500 1500 950 13 446930 0.000000 0.000000 0.000000 0.000000 0.000000 0.000000 0.000000 0013 447327 -0.852420 0.339000 0.184230
0013 456207 0.005006 0.133934 -0.056881 1500 1500 1500 950 13 496948 0.000000 0.000000 0.000000 0.000000 0.000000 0.000000 0.000000 0013 497742 -0.852420 0.339000 0.184674
0013 508148 0.004962 0.133803 -0.056718 1500 1500 1500 950 13 546936 0.000000 0.000000 0.000000 0.000000 0.000000 0.000000 0.000000 0013 547333 -1.103365 0.339000 0.185029
0013 556244 0.004927 0.133815 -0.056750 1500 1500 1500 950 13 596924 0.000000 0.000000 0.000000 0.000000 0.000000 0.000000 0.000000 0013 597565 -0.601470 0.322050 0.181923
0013 609344 0.004754 0.134056 -0.056960 1500 1500 1500 950 13 646942 0.000000 0.000000 0.000000 0.000000 0.000000 0.000000 0.000000 0013 647339 -0.350513 0.339000 0.182829
0013 656219 0.004324 0.134221 -0.056668 1500 1500 1500 950 13 696930 0.000000 0.000000 0.000000 0.000000 0.000000 0.000000 0.000000 0013 697601 -0.852420 0.339000 0.183553
0013 709381 0.004155 0.134328 -0.056771 1500 1500 1500 950 13 746948 0.000000 0.000000 0.000000 0.000000 0.000000 0.000000 0.000000 0013 747467 -0.350513 0.339000 0.180742
0013 756225 0.004163 0.134334 -0.056928 1500 1500 1500 950 13 796936 0.000000 0.000000 0.000000 0.000000 0.000000 0.000000 0.000000 0013 797333 0.151418 0.339000 0.178494
0013 809296 0.004190 0.134287 -0.056673 1500 1500 1500 950 13 846924 0.000000 0.000000 0.000000 0.000000 0.000000 0.000000 0.000000 0013 847320 0.151418 0.339000 0.180085
0013 856232 0.004264 0.134359 -0.057080 1500 1500 1500 950 13 896912 0.000000 0.000000 0.000000 0.000000 0.000000 0.000000 0.000000 0013 897613 -0.852420 0.339000 0.181358
0013 909332 0.004224 0.134425 -0.057033 1500 1500 1500 950 13 946930 0.000000 0.000000 0.000000 0.000000 0.000000 0.000000 0.000000 0013 947327 -0.852420 0.339000 0.182376
0013 956207 0.004320 0.134367 -0.056871 1500 1500 1500 950 13 996948 0.000000 0.000000 0.000000 0.000000 0.000000 0.000000 0.000000 0013 997833 -0.350513 0.339000 0.183191
0014 009369 0.004245 0.134374 -0.057242 1500 1500 1500 950 14 46905 0.000000 0.000000 0.000000 0.000000 0.000000 0.000000 0.000000 0014 047302 -0.350513 0.322050 0.183843
0014 056152 0.004280 0.134496 -0.057177 1500 1500 1500 950 14 96802 0.000000 0.000000 0.000000 0.000000 0.000000 0.000000 0.000000 0014 097198 0.402393 0.322050 0.180974
0014 109344 0.004279 0.134507 -0.057097 1500 1500 1500 950 14 146789 0.000000 0.000000 0.000000 0.000000 0.000000 0.000000 0.000000 0014 147186 -0.099550 0.322050 0.182069
0014 156189 0.004177 0.134614 -0.057395 1500 1500 1500 950 14 196930 0.000000 0.000000 0.000000 0.000000 0.000000 0.000000 0.000000 0014 197632 0.988024 0.322050 0.179556
0014 209228 0.004091 0.134604 -0.057165 1500 1500 1500 950 14 247101 0.000000 0.000000 0.000000 0.000000 0.000000 0.000000 0.000000 0014 247497 -0.099550 0.322050 0.184324
0014 256164 0.004029 0.134343 -0.057038 1500 1500 1500 950 14 297272 0.000000 0.000000 0.000000 0.000000 0.000000 0.000000 0.000000 0014 297882 -0.350513 0.322050 0.184750
0014 309357 0.003953 0.134325 -0.057300 1500 1500 1500 950 14 347259 0.000000 0.000000 0.000000 0.000000 0.000000 0.000000 0.000000 0014 347778 0.737035 0.322050 0.185090
0014 356232 0.003996 0.134470 -0.056971 1500 1500 1500 950 14 397430 0.000000 0.000000 0.000000 0.000000 0.000000 0.000000 0.000000 0014 397949 0.486053 0.322050 0.181972
0014 409241 0.003953 0.134470 -0.057086 1500 1500 1500 950 14 447449 0.000000 0.000000 0.000000 0.000000 0.000000 0.000000 0.000000 0014 447937 0.988024 0.339000 0.182867
0014 456177 0.003906 0.134678 -0.057466 1500 1500 1500 950 14 497620 0.000000 0.000000 0.000000 0.000000 0.000000 0.000000 0.000000 0014 498016 -0.350513 0.339000 0.183584
0014 509338 0.003886 0.134808 -0.057263 1500 1500 1500 950 14 547760 0.000000 0.000000 0.000000 0.000000 0.000000 0.000000 0.000000 0014 548157 0.151418 0.322050 0.184157
0014 556183 0.003748 0.135138 -0.057530 1500 1500 1500 950 14 597778 0.000000 0.000000 0.000000 0.000000 0.000000 0.000000 0.000000 0014 598175 -0.099550 0.322050 0.184616
0014 609253 0.003715 0.135300 -0.058104 1500 1500 1500 950 14 647797 0.000000 0.000000 0.000000 0.000000 0.000000 0.000000 0.000000 0014 648193 -0.350513 0.339000 0.184983
0014 656189 0.003565 0.135197 -0.057932 1500 1500 1500 950 14 697784 0.000000 0.000000 0.000000 0.000000 0.000000 0.000000 0.000000 0014 698181 -0.350513 0.322050 0.181886
0014 708282 0.003341 0.135688 -0.058048 1500 1500 1500 950 14 747803 0.000000 0.000000 0.000000 0.000000 0.000000 0.000000 0.000000 0014 748230 -0.350513 0.322050 0.179409
0014 756134 0.003394 0.135909 -0.058132 1500 1500 1500 950 14 797821 0.000000 0.000000 0.000000 0.000000 0.000000 0.000000 0.000000 0014 798218 -0.350513 0.339000 0.177427
0014 809235 0.003258 0.135363 -0.057601 1500 1500 1500 950 14 847809 0.000000 0.000000 0.000000 0.000000 0.000000 0.000000 0.000000 0014 848236 -0.350513 0.322050 0.175842
0014 856079 0.003193 0.135463 -0.057962 1500 1500 1500 950 14 897827 0.000000 0.000000 0.000000 0.000000 0.000000 0.000000 0.000000 0014 898224 0.151418 0.322050 0.177963
0014 909302 0.003258 0.135639 -0.058449 1500 1500 1500 950 14 947815 0.000000 0.000000 0.000000 0.000000 0.000000 0.000000 0.000000 0014 948212 0.402393 0.322050 0.176271
0014 956116 0.003271 0.135427 -0.058175 1500 1500 1500 950 14 997864 0.000000 0.000000 0.000000 0.000000 0.000000 0.000000 0.000000 0014 998260 0.737035 0.322050 0.178307
0015 009308 0.002935 0.136189 -0.058737 1500 1500 1500 950 15 47790 0.000000 0.000000 0.000000 0.000000 0.000000 0.000000 0.000000 0015 048187 -0.099550 0.322050 0.179935
0015 056091 0.002613 0.137743 -0.059137 1500 1500 1500 950 15 97870 0.000000 0.000000 0.000000 0.000000 0.000000 0.000000 0.000000 0015 098266 0.402393 0.322050 0.177848
0015 109650 0.002860 0.136611 -0.058297 1500 1500 1500 950 15 147797 0.000000 0.000000 0.000000 0.000000 0.000000 0.000000 0.000000 0015 148193 0.486053 0.322050 0.176179
0015 156097 0.002532 0.135804 -0.057873 1500 1500 1500 950 15 198028 0.000000 0.000000 0.000000 0.000000 0.000000 0.000000 0.000000 0015 198425 0.402393 0.339000 0.178233
0015 209350 0.002647 0.136624 -0.058403 1500 1500 1500 950 15 248016 0.000000 0.000000 0.000000 0.000000 0.000000 0.000000 0.000000 0015 248443 0.486053 0.339000 0.179876
0015 256134 0.002789 0.136441 -0.058050 1500 1500 1500 950 15 298096 0.000000 0.000000 0.000000 0.000000 0.000000 0.000000 0.000000 0015 298492 -0.099550 0.339000 0.181191
0015 308075 0.002811 0.135366 -0.058078 1500 1500 1500 950 15 348083 0.000000 0.000000 0.000000 0.000000 0.000000 0.000000 0.000000 0015 348694 -0.350513 0.339000 0.182243
0015 356110 0.002715 0.135815 -0.058535 1500 1500 1500 950 15 398163 0.000000 0.000000 0.000000 0.000000 0.000000 0.000000 0.000000 0015 398712 0.151418 0.339000 0.183084
0015 409393 0.002666 0.136758 -0.058119 1500 1500 1500 950 15 448212 0.000000 0.000000 0.000000 0.000000 0.000000 0.000000 0.000000 0015 448730 0.151418 0.339000 0.183757
0015 456085 0.002764 0.135553 -0.057637 1500 1500 1500 950 15 498291 0.000000 0.000000 0.000000 0.000000 0.000000 0.000000 0.000000 0015 498810 0.151418 0.339000 0.184296
0015 507995 0.002731 0.134246 -0.057779 1500 1500 1500 950 15 548309 0.000000 0.000000 0.000000 0.000000 0.000000 0.000000 0.000000 0015 548859 0.737035 0.339000 0.184727
0015 556030 0.002755 0.135010 -0.057534 1500 1500 1500 950 15 598358 0.000000 0.000000 0.000000 0.000000 0.000000 0.000000 0.000000 0015 598999 -0.099550 0.339000 0.185071
0015 609466 0.002762 0.136138 -0.057650 1500 1500 1500 950 15 648376 0.000000 0.000000 0.000000 0.000000 0.000000 0.000000 0.000000 0015 648895 -0.350513 0.339000 0.185347
0015 656036 0.003308 0.134392 -0.056944 1500 1500 1500 950 15 698425 0.000000 0.000000 0.000000 0.000000 0.000000 0.000000 0.000000 0015 698913 -0.852420 0.339000 0.185568
0015 809143 0.003084 0.134657 -0.055996 1500 1500 1500 950 15 841644 0.000000 0.000000 0.000000 0.000000 0.000000 0.000000 0.000000 0015 842773 -0.601470 0.339000 0.185998
0015 856048 0.002812 0.134611 -0.056384 1500 1500 1500 950 15 891815 0.000000 0.000000 0.000000 0.000000 0.000000 0.000000 0.000000 0015 892212 0.988024 0.339000 0.186089
0015 909210 0.002299 0.135302 -0.058094 1500 1500 1500 950 15 941955 0.000000 0.000000 0.000000 0.000000 0.000000 0.000000 0.000000 0015 942779 0.402393 0.339000 0.186161
0015 956055 0.002742 0.135257 -0.057241 1500 1500 1500 950 15 991974 0.000000 0.000000 0.000000 0.000000 0.000000 0.000000 0.000000 0015 992401 0.151418 0.355950 0.186219
0016 009216 0.002500 0.133787 -0.056758 1500 1500 1500 950 16 42145 0.000000 0.000000 0.000000 0.000000 0.000000 0.000000 0.000000 0016 042663 -0.852420 0.355950 0.186265
0016 056061 0.001998 0.134294 -0.057472 1500 1500 1500 950 16 92193 0.000000 0.000000 0.000000 0.000000 0.000000 0.000000 0.000000 0016 092712 -0.099550 0.355950 0.186302
0016 108002 0.002029 0.135550 -0.056705 1500 1500 1500 950 16 142303 0.000000 0.000000 0.000000 0.000000 0.000000 0.000000 0.000000 0016 142822 -0.350513 0.339000 0.186332
0016 156036 0.002121 0.135426 -0.056493 1500 1500 1500 950 16 192322 0.000000 0.000000 0.000000 0.000000 0.000000 0.000000 0.000000 0016 192840 0.151418 0.339000 0.186355
0016 209228 0.002038 0.134842 -0.057511 1500 1500 1500 950 16 242462 0.000000 0.000000 0.000000 0.000000 0.000000 0.000000 0.000000 0016 242950 0.402393 0.322050 0.182984
0016 256042 0.002144 0.135067 -0.057010 1500 1500 1500 1548 16 292480 0.000000 0.000000 0.000000 0.000000 0.000000 0.050000 -3.041829 0016 292969 0.988024 0.339000 0.183677
0016 309204 0.002156 0.135266 -0.056699 1500 1500 1500 1576 16 342682 0.000000 0.000000 0.000000 0.000000 0.000000 0.100000 -1.078339 0016 343109 -0.350513 0.339000 0.184232
0016 355957 0.002091 0.135025 -0.057555 1500 1500 1500 1595 16 392822 0.001386 0.000080 0.000000 0.000000 0.000000 0.150000 0.326069 0016 393219 0.737035 0.339000 0.184676
0016 409149 0.002105 0.135415 -0.057201 1500 1500 1500 1607 16 442963 0.001386 0.000080 0.000000 0.000000 0.000000 0.200000 1.338678 0016 443359 -0.099550 0.339000 0.185030
0016 455963 0.002266 0.135409 -0.056609 1500 1500 1500 1616 16 492981 0.005055 0.000290 0.000000 0.000000 0.000000 0.250000 2.076672 0016 493378 -0.852420 0.339000 0.185314
0016 509247 0.002385 0.135321 -0.058131 1500 1500 1500 1624 16 543091 0.005055 0.000290 0.000000 0.000000 0.000000 0.300000 2.699292 0016 543487 -0.350513 7.525800 0.182151
0016 555969 0.003456 0.136003 -0.058594 1500 1500 1500 1629 16 593079 0.010971 0.000630 0.000000 0.000000 0.000000 0.350000 3.150237 0016 593475 -1.103365 0.762750 0.179621
0016 609131 0.005514 0.135833 -0.056550 1500 1500 1500 1632 16 643188 0.010971 0.000630 0.000000 0.000000 0.000000 0.400000 3.406398 0016 643707 -0.601470 0.339000 0.180987
0016 655975 0.016892 0.135191 -0.052460 1500 1500 1500 1634 16 693298 0.019102 0.001092 0.000000 0.000000 0.000000 0.450000 3.618919 0016 693848 -0.601470 0.355950 0.182080
0016 709198 0.032078 0.137772 -0.051321 1500 1500 1500 1636 16 743347 0.019102 0.001092 0.000000 0.000000 0.000000 0.500000 3.799799 0016 743866 0.486053 7.474950 0.182954
0016 756073 0.043903 0.144123 -0.057214 1500 1500 1500 1639 16 793671 0.029411 0.001674 0.000000 0.000000 0.000000 0.550000 4.034798 0016 794220 0.151418 0.830550 0.180263
0016 809143 0.052221 0.137812 -0.065819 1500 1500 1500 1640 16 843780 0.029411 0.001674 0.000000 0.000000 0.000000 0.600000 4.139155 0016 844177 0.151418 0.745800 0.181500
0016 856018 0.058158 0.112966 -0.073158 1500 1500 1500 1642 16 893799 0.041864 0.002401 0.000000 0.000000 0.000000 0.650000 4.244900 0016 894195 -0.601470 0.322050 0.182490
0016 907989 0.059091 0.087467 -0.074385 1500 1500 1500 1641 16 943756 0.041864 0.002401 0.000000 0.000000 0.000000 0.700000 4.196348 0016 944153 -0.099550 0.322050 0.190062
0016 955994 0.057151 0.072008 -0.071298 1500 1500 1500 1642 16 993774 0.056428 0.003283 0.000000 0.000000 0.000000 0.750000 4.220369 0016 994171 0.151418 0.322050 0.196120
0017 009094 0.049648 0.063526 -0.069731 1500 1500 1500 1639 17 43793 0.056428 0.003283 0.000000 0.000000 0.000000 0.800000 3.980583 0017 044311 0.988024 0.305100 0.214526
0017 056030 0.040260 0.048540 -0.070955 1500 1500 1500 1639 17 93780 0.073068 0.004316 0.000000 0.000000 0.000000 0.850000 3.914032 0017 094177 0.151418 0.288150 0.229251
0017 109192 0.031324 0.035068 -0.072594 1500 1500 1500 1635 17 143768 0.073068 0.004316 0.000000 0.000000 0.000000 0.900000 3.568340 0017 144165 0.737035 0.288150 0.257981
0017 156036 0.024377 0.029796 -0.074217 1500 1500 1500 1633 17 193756 0.091754 0.005500 0.000000 0.000000 0.000000 0.950000 3.391771 0017 194153 0.988024 0.322050 0.284354
0017 209106 0.017926 0.036971 -0.076705 1500 1500 1500 1631 17 243774 0.091754 0.005500 0.000000 0.000000 0.000000 1.000000 3.169894 0017 244171 1.239019 0.322050 0.315624
0017 256012 0.013568 0.050247 -0.078665 1500 1500 1500 1617 17 293793 0.112453 0.006844 0.000000 0.000000 0.000000 1.000000 1.952392 0017 294311 0.151418 0.305100 0.344029
0017 309204 0.010507 0.065668 -0.077953 1500 1500 1500 1605 17 343780 0.112453 0.006844 0.000000 0.000000 0.000000 1.000000 0.905091 0017 344208 -0.350513 0.305100 0.380313
0017 356018 0.005678 0.078678 -0.076053 1500 1500 1500 1597 17 393799 0.135133 0.008345 0.000000 0.000000 0.000000 1.000000 0.316972 0017 394195 0.151418 0.305100 0.409340
0017 409058 -0.001026 0.089625 -0.074598 1500 1500 1500 1592 17 443848 0.135133 0.008345 0.000000 0.000000 0.000000 1.000000 -0.132997 0017 444244 0.988024 0.322050 0.439342
0017 455933 -0.007324 0.103502 -0.073416 1500 1500 1500 1589 17 493896 0.159764 0.009994 0.000000 0.000000 0.000000 1.000000 -0.328088 0017 494293 0.151418 0.305100 0.463344
0017 509064 -0.006842 0.114870 -0.069632 1500 1500 1500 1586 17 544006 0.159764 0.009994 0.000000 0.000000 0.000000 1.000000 -0.600160 0017 544403 0.988024 0.305100 0.492715
0017 556061 -0.004146 0.120519 -0.066731 1500 1500 1500 1585 17 594025 0.186318 0.011778 0.000000 0.000000 0.000000 1.000000 -0.673242 0017 594543 -0.350513 0.305100 0.516212
0017 609070 -0.000284 0.123331 -0.066254 1500 1500 1500 1584 17 644134 0.186318 0.011778 0.000000 0.000000 0.000000 1.000000 -0.784785 0017 644653 -0.350513 0.322050 0.541790
0017 656097 0.002692 0.128948 -0.069786 1500 1500 1500 1584 17 694122 0.214764 0.013692 0.000000 0.000000 0.000000 1.000000 -0.760657 0017 694672 -0.099550 0.288150 0.562252
0017 709076 0.003415 0.137388 -0.076795 1500 1500 1500 1582 17 744171 0.214764 0.013692 0.000000 0.000000 0.000000 1.000000 -0.893420 0017 744720 0.151418 0.271200 0.588791
0017 756164 0.005152 0.141563 -0.083381 1500 1500 1500 1583 17 794189 0.245072 0.015757 0.000000 0.000000 0.000000 1.000000 -0.880301 0017 794708 0.737035 0.288150 0.610023
0017 809082 0.008561 0.138997 -0.087276 1500 1500 1500 1582 17 844238 0.245072 0.015757 0.000000 0.000000 0.000000 1.000000 -0.940555 0017 844757 0.151418 0.288150 0.633788
0017 856110 0.007618 0.134007 -0.087409 1500 1500 1500 1583 17 894287 0.277211 0.017987 0.000000 0.000000 0.000000 1.000000 -0.887766 0017 894806 1.239019 0.288150 0.652801
0017 909088 0.003036 0.130917 -0.083875 1500 1500 1500 1582 17 944458 0.277211 0.017987 0.000000 0.000000 0.000000 1.000000 -0.929119 0017 944855 0.737035 0.288150 0.674791
0017 956177 -0.000537 0.129288 -0.078405 1500 1500 1500 1583 17 994537 0.311154 0.020372 0.000000 0.000000 0.000000 1.000000 -0.870195 0017 994934 -0.350513 0.288150 0.692383
0018 008972 -0.002443 0.125481 -0.070687 1500 1500 1500 1583 18 44647 0.311154 0.020372 0.000000 0.000000 0.000000 1.000000 -0.912930 0018 045044 0.737035 0.288150 0.713236
0018 056152 -0.003891 0.120339 -0.061135 1500 1500 1500 1585 18 94635 0.346875 0.022877 0.000000 0.000000 0.000000 1.000000 -0.782375 0018 095032 0.737035 0.305100 0.726529
0018 109070 -0.006864 0.118256 -0.053293 1500 1500 1500 1584 18 144653 0.346875 0.022877 0.000000 0.000000 0.000000 1.000000 -0.792147 0018 145050 -0.852420 0.322050 0.743943
0018 156189 -0.004815 0.118111 -0.047361 1500 1500 1500 1585 18 194641 0.384349 0.025466 0.000000 0.000000 0.000000 1.000000 -0.729400 0018 195038 0.151418 0.305100 0.757874
0018 208954 -0.001521 0.118141 -0.041722 1500 1500 1500 1586 18 244629 0.384349 0.025466 0.000000 0.000000 0.000000 1.000000 -0.706947 0018 245026 -0.350513 0.305100 0.772410
0018 256225 -0.001063 0.114782 -0.034991 1500 1500 1500 1587 18 294647 0.423551 0.028106 0.000000 0.000000 0.000000 1.000000 -0.633147 0018 295044 0.988024 0.627150 0.784038
0018 307892 -0.001186 0.108398 -0.025848 1500 1500 1500 1587 18 344635 0.423551 0.028106 0.000000 0.000000 0.000000 1.000000 -0.612161 0018 345032 0.737035 0.644100 0.796730
0018 356262 0.000817 0.100733 -0.015347 1500 1500 1500 1588 18 394653 0.464454 0.030759 0.000000 0.000000 0.000000 1.000000 -0.546752 0018 395050 0.151418 0.322050 0.806884
0018 408996 0.003107 0.094342 -0.006279 1500 1500 1500 1588 18 444641 0.464454 0.030759 0.000000 0.000000 0.000000 1.000000 -0.537529 0018 445038 0.151418 0.322050 0.818397
0018 456146 0.004116 0.089034 0.002012 1500 1500 1500 1589 18 494659 0.507033 0.033383 0.000000 0.000000 0.000000 1.000000 -0.485067 0018 495666 -0.099550 0.339000 0.827608
0018 509094 0.009493 0.092114 0.008929 1500 1500 1500 1590 18 544647 0.507033 0.033383 0.000000 0.000000 0.000000 1.000000 -0.411538 0018 545044 -0.099550 0.355950 0.834976
0018 556122 0.015285 0.100374 0.014580 1500 1500 1500 1592 18 594635 0.551262 0.035943 0.000000 0.000000 0.000000 1.000000 -0.253484 0018 595032 -0.099550 0.372900 0.837481
0018 608978 0.015075 0.103673 0.016093 1500 1500 1500 1593 18 644653 0.551262 0.035943 0.000000 0.000000 0.000000 1.000000 -0.209977 0018 645050 0.151418 0.372900 0.842875
0018 656158 0.009147 0.099958 0.015503 1500 1500 1500 1594 18 694641 0.597116 0.038430 0.000000 0.000000 0.000000 1.000000 -0.157968 0018 695038 -0.350513 0.339000 0.847190
0018 709076 0.004196 0.090411 0.012948 1500 1500 1500 1594 18 744629 0.597116 0.038430 0.000000 0.000000 0.000000 1.000000 -0.104319 0018 745026 -0.099550 0.339000 0.850642
0018 756134 -0.002263 0.081414 0.007095 1500 1500 1500 1595 18 794647 0.644569 0.040853 0.000000 0.000000 0.000000 1.000000 -0.052970 0018 795044 0.737035 0.339000 0.853403
0018 808899 -0.008968 0.086036 -0.001271 1500 1500 1500 1596 18 844665 0.644569 0.040853 0.000000 0.000000 0.000000 1.000000 -0.005991 0018 845062 0.737035 0.339000 0.855613
0018 856232 -0.009198 0.098519 -0.009872 1500 1500 1500 1596 18 894653 0.693597 0.043247 0.000000 0.000000 0.000000 1.000000 0.035723 0018 895050 -0.099550 0.322050 0.857380
0018 909058 -0.007242 0.109695 -0.019742 1500 1500 1500 1596 18 944641 0.693597 0.043247 0.000000 0.000000 0.000000 1.000000 -0.005154 0018 945068 0.737035 0.339000 0.862184
0018 956207 -0.004933 0.114967 -0.029314 1500 1500 1500 1597 18 994629 0.744174 0.045653 0.000000 0.000000 0.000000 1.000000 0.062569 0018 995087 0.988024 0.339000 0.862637
0019 008819 0.002819 0.118308 -0.033599 1500 1500 1500 1598 19 44678 0.744174 0.045653 0.000000 0.000000 0.000000 1.000000 0.188924 0019 045074 0.151418 0.322050 0.859610
0019 056213 0.016438 0.121175 -0.030130 1500 1500 1500 1599 19 94635 0.796277 0.048091 0.000000 0.000000 0.000000 1.000000 0.265276 0019 095032 0.737035 0.322050 0.857188
0019 109039 0.027945 0.128398 -0.026038 1500 1500 1500 1599 19 144653 0.796277 0.048091 0.000000 0.000000 0.000000 1.000000 0.231904 0019 145050 1.239019 0.322050 0.858640
0019 156250 0.031633 0.134340 -0.025857 1500 1500 1500 1599 19 194610 0.849883 0.050555 0.000000 0.000000 0.000000 1.000000 0.214347 0019 195007 0.988024 0.322050 0.859802
0019 208801 0.031558 0.134844 -0.024406 1500 1500 1500 1599 19 244659 0.849883 0.050555 0.000000 0.000000 0.000000 1.000000 0.206701 0019 245087 0.402393 0.322050 0.860732
0019 256988 0.027620 0.130770 -0.021323 1500 1500 1500 1600 19 294617 0.904967 0.053034 0.000000 0.000000 0.000000 1.000000 0.282203 0019 295044 0.402393 0.305100 0.858085
0019 307800 0.023740 0.124331 -0.020951 1500 1500 1500 1599 19 344635 0.904967 0.053034 0.000000 0.000000 0.000000 1.000000 0.247339 0019 345032 0.151418 0.305100 0.859358
0019 355835 0.021104 0.117387 -0.022808 1500 1500 1500 1599 19 394653 0.961508 0.055526 0.000000 0.000000 0.000000 1.000000 0.228022 0019 395050 0.402393 0.305100 0.860377
0019 409058 0.019380 0.107687 -0.024731 1500 1500 1500 1598 19 444794 0.961508 0.055526 0.000000 0.000000 0.000000 1.000000 0.141429 0019 445190 0.151418 0.305100 0.864581
0019 455841 0.014424 0.102308 -0.026388 1500 1500 1500 1597 19 494873 1.019482 0.058037 0.000000 0.000000 0.000000 1.000000 0.097616 0019 495270 1.741026 0.305100 0.867945
0019 507782 0.005407 0.101422 -0.027029 1500 1500 1500 1597 19 545013 1.019482 0.058037 0.000000 0.000000 0.000000 1.000000 0.080388 0019 545532 0.988024 0.305100 0.870636
0019 555817 -0.003785 0.098910 -0.027166 1500 1500 1500 1597 19 595001 1.078868 0.060571 0.000000 0.000000 0.000000 1.000000 0.079082 0019 595550 0.402393 0.305100 0.872789
0019 608856 -0.005992 0.096911 -0.027195 1500 1500 1500 1597 19 645141 1.078868 0.060571 0.000000 0.000000 0.000000 1.000000 0.086770 0019 645782 0.988024 0.322050 0.874511
0019 655823 -0.002345 0.096611 -0.027304 1500 1500 1500 1598 19 695129 1.139643 0.063129 0.000000 0.000000 0.000000 1.000000 0.099034 0019 695648 1.239019 0.322050 0.875889
0019 709076 0.003729 0.094488 -0.028511 1500 1500 1500 1597 19 745239 1.139643 0.063129 0.000000 0.000000 0.000000 1.000000 0.035985 0019 745727 0.402393 0.305100 0.880381
0019 755859 0.006992 0.090867 -0.032506 1500 1500 1500 1597 19 795257 1.201786 0.065717 0.000000 0.000000 0.000000 1.000000 0.009801 0019 795776 0.737035 0.305100 0.883975
0019 808868 0.007823 0.090903 -0.038248 1500 1500 1500 1596 19 845428 1.201786 0.065717 0.000000 0.000000 0.000000 1.000000 0.005834 0019 845825 1.239019 0.305100 0.886850
0019 855804 0.011698 0.091331 -0.042415 1500 1500 1500 1597 19 895508 1.265276 0.068355 0.000000 0.000000 0.000000 1.000000 0.014545 0019 895904 0.737035 0.305100 0.889150
0019 909058 0.009411 0.091456 -0.043788 1500 1500 1500 1597 19 945618 1.265276 0.068355 0.000000 0.000000 0.000000 1.000000 0.029834 0019 946014 0.151418 0.288150 0.890990
0019 955841 0.001459 0.090770 -0.042031 1500 1500 1500 1597 19 995666 1.330090 0.071049 0.000000 0.000000 0.000000 1.000000 0.047889 0019 996063 0.737035 0.288150 0.892462
0020 009033 -0.006464 0.087893 -0.038759 1500 1500 1500 1597 20 45868 1.330090 0.071049 0.000000 0.000000 0.000000 1.000000 0.066409 0020 046295 0.988024 0.271200 0.893640
0020 055786 -0.012609 0.087385 -0.036853 1500 1500 1500 1597 20 95886 1.396208 0.073791 0.000000 0.000000 0.000000 1.000000 0.006940 0020 096283 0.151418 0.288150 0.897972
0020 107818 -0.014887 0.088075 -0.035952 1500 1500 1500 1596 20 145965 1.396208 0.073791 0.000000 0.000000 0.000000 1.000000 -0.017378 0020 146515 0.988024 0.288150 0.901437
0020 155792 -0.016320 0.091085 -0.034834 1500 1500 1500 1597 20 195953 1.463612 0.076573 0.000000 0.000000 0.000000 1.000000 0.056588 0020 196472 0.151418 0.271200 0.900820
0020 209564 -0.016521 0.092447 -0.032708 1500 1500 1500 1597 20 246033 1.463612 0.076573 0.000000 0.000000 0.000000 1.000000 0.028758 0020 246582 0.988024 0.288150 0.903716
0020 257110 -0.015712 0.091905 -0.030435 1500 1500 1500 1598 20 296020 1.532281 0.079386 0.000000 0.000000 0.000000 1.000000 0.097988 0020 296539 1.741026 0.288150 0.902643
0020 309051 -0.016891 0.089859 -0.031197 1500 1500 1500 1598 20 346100 1.532281 0.079386 0.000000 0.000000 0.000000 1.000000 0.065022 0020 346619 0.402393 0.271200 0.905174
0020 355743 -0.015812 0.087137 -0.033607 1500 1500 1500 1597 20 396088 1.602195 0.082231 0.000000 0.000000 0.000000 1.000000 0.052061 0020 396637 -0.099550 0.271200 0.907199
0020 408844 -0.008312 0.085492 -0.031474 1500 1500 1500 1597 20 446167 1.602195 0.082231 0.000000 0.000000 0.000000 1.000000 0.051081 0020 446716 0.151418 0.271200 0.908819
0020 455749 0.000980 0.084884 -0.024237 1500 1500 1500 1597 20 496155 1.673336 0.085096 0.000000 0.000000 0.000000 1.000000 0.056869 0020 496704 0.402393 0.271200 0.910116
0020 509064 0.004452 0.085202 -0.017505 1500 1500 1500 1598 20 546265 1.673336 0.085096 0.000000 0.000000 0.000000 1.000000 0.066100 0020 546783 0.737035 0.271200 0.911152
0020 555756 0.002653 0.084178 -0.013971 1500 1500 1500 1598 20 596252 1.745686 0.087958 0.000000 0.000000 0.000000 1.000000 0.076705 0020 596771 0.402393 0.271200 0.911982
0020 608917 0.000825 0.083289 -0.011863 1500 1500 1500 1598 20 646454 1.745686 0.087958 0.000000 0.000000 0.000000 1.000000 0.087443 0020 646850 -0.099550 0.288150 0.912646
0020 655792 -0.002651 0.084072 -0.011483 1500 1500 1500 1598 20 696533 1.819225 0.090805 0.000000 0.000000 0.000000 1.000000 0.097611 0020 696930 -0.852420 0.271200 0.913176
0020 709076 -0.009422 0.085674 -0.014584 1500 1500 1500 1599 20 746643 1.819225 0.090805 0.000000 0.000000 0.000000 1.000000 0.183990 0020 747162 1.239019 0.271200 0.910211
0020 808929 -0.019347 0.086202 -0.023421 1500 1500 1500 1599 20 835602 1.893936 0.093651 0.000000 0.000000 0.000000 1.000000 0.136939 0020 836548 -0.099550 0.288150 0.912043
0020 855743 -0.020775 0.084488 -0.025614 1500 1500 1500 1599 20 885773 1.893936 0.093651 0.000000 0.000000 0.000000 1.000000 0.129852 0020 886169 0.988024 0.288150 0.912695
0020 907776 -0.022674 0.083992 -0.024321 1500 1500 1500 1599 20 935821 1.969799 0.096509 0.000000 0.000000 0.000000 1.000000 0.127493 0020 936310 -0.601470 0.271200 0.913216
0020 955749 -0.024339 0.083450 -0.020023 1500 1500 1500 1599 20 985870 1.969799 0.096509 0.000000 0.000000 0.000000 1.000000 0.127924 0020 986389 0.402393 0.288150 0.913632
0021 008850 -0.024274 0.083509 -0.014715 1500 1500 1500 1599 21 36072 2.046797 0.099365 0.000000 0.000000 0.000000 1.000000 0.129892 0021 036590 -0.350513 0.271200 0.913966
0021 055664 -0.022624 0.084525 -0.010830 1500 1500 1500 1599 21 86304 2.046797 0.099365 0.000000 0.000000 0.000000 1.000000 0.132602 0021 086792 0.151418 0.288150 0.914233
0021 108917 -0.020341 0.087274 -0.010036 1500 1500 1500 1600 21 136383 2.124914 0.102204 0.000000 0.000000 0.000000 1.000000 0.212705 0021 136780 0.737035 0.271200 0.911056
0021 155548 -0.017729 0.091753 -0.011728 1500 1500 1500 1599 21 186706 2.124914 0.102204 0.000000 0.000000 0.000000 1.000000 0.178944 0021 187469 -0.350513 0.271200 0.911905
0021 208801 -0.015641 0.095047 -0.015242 1500 1500 1500 1599 21 236755 2.204131 0.105030 0.000000 0.000000 0.000000 1.000000 0.158703 0021 237152 -0.601470 0.288150 0.912584
0021 255676 -0.013114 0.096628 -0.018871 1500 1500 1500 1599 21 286804 2.204131 0.105030 0.000000 0.000000 0.000000 1.000000 0.147247 0021 287567 -0.099550 0.288150 0.913127
0021 308929 -0.010617 0.097657 -0.021385 1500 1500 1500 1599 21 336731 2.284431 0.107856 0.000000 0.000000 0.000000 1.000000 0.141399 0021 337128 0.151418 0.288150 0.913562
0021 355652 -0.008802 0.098601 -0.023233 1500 1500 1500 1599 21 386780 2.284431 0.107856 0.000000 0.000000 0.000000 1.000000 0.139042 0021 387482 0.151418 0.288150 0.913909
0021 408783 -0.007764 0.098885 -0.025771 1500 1500 1500 1599 21 437073 2.365798 0.110693 0.000000 0.000000 0.000000 1.000000 0.138781 0021 437591 -0.601470 0.322050 0.914188
0021 455658 -0.006235 0.096702 -0.028394 1500 1500 1500 1599 21 487488 2.365798 0.110693 0.000000 0.000000 0.000000 1.000000 0.139710 0021 487884 0.402393 0.339000 0.914410
0021 508911 -0.006230 0.094267 -0.030451 1500 1500 1500 1599 21 537628 2.448214 0.113553 0.000000 0.000000 0.000000 1.000000 0.141249 0021 538025 0.737035 0.322050 0.914588
0021 555664 -0.007730 0.092868 -0.032150 1500 1500 1500 1599 21 587707 2.448214 0.113553 0.000000 0.000000 0.000000 1.000000 0.143038 0021 588135 0.151418 0.322050 0.914730
0021 608917 -0.009256 0.093135 -0.032458 1500 1500 1500 1599 21 637848 2.531664 0.116442 0.000000 0.000000 0.000000 1.000000 0.144859 0021 638367 0.151418 0.322050 0.914844
0021 655640 -0.009491 0.094240 -0.031138 1500 1500 1500 1599 21 688019 2.531664 0.116442 0.000000 0.000000 0.000000 1.000000 0.146589 0021 688537 0.988024 0.322050 0.914935
0021 708923 -0.009366 0.094893 -0.029116 1500 1500 1500 1599 21 738129 2.616131 0.119356 0.000000 0.000000 0.000000 1.000000 0.148164 0021 738647 0.151418 0.305100 0.915008
0021 755676 -0.009153 0.095500 -0.027168 1500 1500 1500 1599 21 788147 2.616131 0.119356 0.000000 0.000000 0.000000 1.000000 0.149558 0021 788666 0.151418 0.322050 0.915067
0021 808899 -0.008376 0.095535 -0.026279 1500 1500 1500 1599 21 838287 2.701600 0.122288 0.000000 0.000000 0.000000 1.000000 0.150767 0021 838684 0.988024 0.322050 0.915113
0021 855652 -0.007497 0.095123 -0.026763 1500 1500 1500 1599 21 888428 2.701600 0.122288 0.000000 0.000000 0.000000 1.000000 0.151799 0021 888824 0.402393 0.322050 0.915151
0021 908905 -0.006609 0.095131 -0.027588 1500 1500 1500 1599 21 938476 2.788055 0.125238 0.000000 0.000000 0.000000 1.000000 0.152671 0021 938873 0.402393 0.305100 0.915181
0021 955627 -0.005257 0.095641 -0.028685 1500 1500 1500 1599 21 988556 2.788055 0.125238 0.000000 0.000000 0.000000 1.000000 0.153401 0021 988953 0.737035 0.305100 0.915204
0022 008728 -0.004366 0.096562 -0.028441 1500 1500 1500 1599 22 38666 2.875481 0.128207 0.000000 0.000000 0.000000 1.000000 0.154007 0022 039093 0.151418 0.305100 0.915224
0022 055664 -0.004976 0.095834 -0.025045 1500 1500 1500 1599 22 88837 2.875481 0.128207 0.000000 0.000000 0.000000 1.000000 0.154508 0022 089355 0.737035 0.305100 0.915239
0022 108917 -0.003434 0.095767 -0.018957 1500 1500 1500 1599 22 138946 2.963863 0.131182 0.000000 0.000000 0.000000 1.000000 0.154920 0022 139465 0.737035 0.288150 0.915251
0022 155640 -0.002284 0.096172 -0.012728 1500 1500 1500 1599 22 189087 2.963863 0.131182 0.000000 0.000000 0.000000 1.000000 0.155257 0022 189606 0.151418 0.288150 0.915261
0022 208740 -0.003339 0.095415 -0.008106 1500 1500 1500 1599 22 239380 3.053187 0.134140 0.000000 0.000000 0.000000 1.000000 0.155532 0022 239868 0.151418 0.305100 0.915269
0022 255676 -0.004855 0.093642 -0.006647 1500 1500 1500 1598 22 289459 3.053187 0.134140 0.000000 0.000000 0.000000 1.000000 0.078616 0022 289856 0.402393 0.288150 0.918665
0022 308929 -0.004492 0.092434 -0.008955 1500 1500 1500 1599 22 339477 3.143439 0.137072 0.000000 0.000000 0.000000 1.000000 0.115486 0022 339996 0.402393 0.288150 0.917992
0022 355652 -0.002227 0.093256 -0.012893 1500 1500 1500 1599 22 389648 3.143439 0.137072 0.000000 0.000000 0.000000 1.000000 0.138606 0022 390594 1.239019 0.288150 0.917454
0022 408722 -0.000187 0.095958 -0.016516 1500 1500 1500 1599 22 439697 3.234604 0.139990 0.000000 0.000000 0.000000 1.000000 0.152638 0022 440124 -0.099550 0.288150 0.917023
0022 455658 0.000153 0.099640 -0.018861 1500 1500 1500 1600 22 489777 3.234604 0.139990 0.000000 0.000000 0.000000 1.000000 0.160740 0022 490295 0.737035 0.288150 0.916678
0022 508911 -0.000514 0.102120 -0.019593 1500 1500 1500 1600 22 539764 3.326667 0.142906 0.000000 0.000000 0.000000 1.000000 0.165034 0022 540192 -0.350513 0.271200 0.916403
0022 555603 0.000010 0.103068 -0.017967 1500 1500 1500 1600 22 589935 3.326667 0.142906 0.000000 0.000000 0.000000 1.000000 0.166938 0022 590454 0.737035 0.271200 0.916182
0022 608734 -0.000255 0.102836 -0.015757 1500 1500 1500 1600 22 639954 3.419616 0.145816 0.000000 0.000000 0.000000 1.000000 0.167390 0022 640472 1.239019 0.288150 0.916006
0022 655609 -0.001056 0.101403 -0.014365 1500 1500 1500 1600 22 690124 3.419616 0.145816 0.000000 0.000000 0.000000 1.000000 0.167002 0022 690613 0.988024 0.271200 0.915865
0022 708893 -0.001651 0.100832 -0.013302 1500 1500 1500 1600 22 740356 3.513435 0.148714 0.000000 0.000000 0.000000 1.000000 0.166166 0022 740753 0.151418 0.288150 0.915752
0022 755707 -0.002847 0.102155 -0.013151 1500 1500 1500 1600 22 790466 3.513435 0.148714 0.000000 0.000000 0.000000 1.000000 0.165129 0022 790863 0.151418 0.271200 0.915661
0022 808716 -0.004110 0.103493 -0.013560 1500 1500 1500 1600 22 840546 3.608113 0.151599 0.000000 0.000000 0.000000 1.000000 0.164043 0022 841064 0.151418 0.288150 0.915589
0022 855591 -0.005131 0.105103 -0.013152 1500 1500 1500 1600 22 890686 3.608113 0.151599 0.000000 0.000000 0.000000 1.000000 0.162993 0022 891083 0.737035 0.288150 0.915531
0022 908874 -0.007014 0.106649 -0.014239 1500 1500 1500 1600 22 940796 3.703635 0.154471 0.000000 0.000000 0.000000 1.000000 0.162028 0022 941315 0.402393 0.288150 0.915485
0022 955597 -0.007809 0.108529 -0.016602 1500 1500 1500 1600 22 990875 3.703635 0.154471 0.000000 0.000000 0.000000 1.000000 0.161167 0022 991394 0.402393 0.288150 0.915448
0023 008667 -0.006565 0.109676 -0.018995 1500 1500 1500 1600 23 40863 3.799988 0.157338 0.000000 0.000000 0.000000 1.000000 0.160417 0023 041382 -0.350513 0.271200 0.915418
0023 055633 -0.005054 0.110379 -0.020266 1500 1500 1500 1600 23 91003 3.799988 0.157338 0.000000 0.000000 0.000000 1.000000 0.159773 0023 091522 0.737035 0.271200 0.915395
0023 107757 -0.004446 0.111386 -0.021025 1500 1500 1500 1600 23 141113 3.897160 0.160208 0.000000 0.000000 0.000000 1.000000 0.159228 0023 141601 -0.099550 0.288150 0.915376
0023 155609 -0.004731 0.112728 -0.021897 1500 1500 1500 1600 23 191254 3.897160 0.160208 0.000000 0.000000 0.000000 1.000000 0.158771 0023 191650 0.988024 0.288150 0.915361
0023 208710 -0.005420 0.114077 -0.024373 1500 1500 1500 1600 23 241455 3.995138 0.163086 0.000000 0.000000 0.000000 1.000000 0.158391 0023 241852 0.988024 0.288150 0.915348
0023 255737 -0.006483 0.114954 -0.028706 1500 1500 1500 1600 23 291443 3.995138 0.163086 0.000000 0.000000 0.000000 1.000000 0.158076 0023 291870 0.402393 0.288150 0.915339
0023 307770 -0.006500 0.114196 -0.033593 1500 1500 1500 1600 23 341461 4.093908 0.165989 0.000000 0.000000 0.000000 1.000000 0.157816 0023 341858 -0.601470 0.288150 0.915331
0023 355621 -0.005042 0.112211 -0.037548 1500 1500 1500 1600 23 391449 4.093908 0.165989 0.000000 0.000000 0.000000 1.000000 0.157604 0023 391846 0.737035 0.271200 0.915325
0023 408691 -0.003028 0.111020 -0.038997 1500 1500 1500 1600 23 441650 4.193458 0.168932 0.000000 0.000000 0.000000 1.000000 0.157431 0023 442078 0.402393 0.288150 0.915320
0023 455536 -0.002046 0.111645 -0.038484 1500 1500 1500 1600 23 491699 4.193458 0.168932 0.000000 0.000000 0.000000 1.000000 0.157289 0023 492126 0.402393 0.271200 0.915316
0023 508911 -0.002551 0.112036 -0.037509 1500 1500 1500 1600 23 541870 4.293776 0.171917 0.000000 0.000000 0.000000 1.000000 0.157174 0023 542389 0.151418 0.288150 0.915313
0023 555572 -0.002493 0.111736 -0.035857 1500 1500 1500 1600 23 591919 4.293776 0.171917 0.000000 0.000000 0.000000 1.000000 0.157081 0023 592621 0.151418 0.288150 0.915310
0023 608642 -0.001310 0.109734 -0.034439 1500 1500 1500 1600 23 642029 4.394851 0.174939 0.000000 0.000000 0.000000 1.000000 0.157006 0023 642548 -0.601470 0.288150 0.915308
0023 655426 -0.000444 0.106881 -0.034198 1500 1500 1500 1600 23 692261 4.394851 0.174939 0.000000 0.000000 0.000000 1.000000 0.156945 0023 692902 -0.099550 0.271200 0.915307
0023 707611 0.001648 0.104361 -0.035047 1500 1500 1500 1600 23 742370 4.496669 0.177994 0.000000 0.000000 0.000000 1.000000 0.156896 0023 742767 1.741026 0.271200 0.915305
0023 755737 0.005855 0.103501 -0.037932 1500 1500 1500 1600 23 792572 4.496669 0.177994 0.000000 0.000000 0.000000 1.000000 0.156857 0023 792999 -0.350513 0.271200 0.915304
0023 808746 0.009835 0.106112 -0.043057 1500 1500 1500 1600 23 842712 4.599221 0.181094 0.000000 0.000000 0.000000 1.000000 0.156825 0023 843109 1.490020 0.271200 0.915303
0023 855408 0.012482 0.109719 -0.050549 1500 1500 1500 1600 23 892761 4.599221 0.181094 0.000000 0.000000 0.000000 1.000000 0.156799 0023 893280 0.151418 0.288150 0.915303
0023 907715 0.015554 0.110628 -0.058720 1500 1500 1500 1600 23 942840 4.702492 0.184267 0.000000 0.000000 0.000000 1.000000 0.156779 0023 943359 0.402393 0.288150 0.915302
0023 957611 0.020084 0.109387 -0.063926 1500 1500 1500 1600 23 992859 4.702492 0.184267 0.000000 0.000000 0.000000 1.000000 0.156762 0023 993378 0.737035 0.288150 0.915302
0024 008728 0.026727 0.110346 -0.063384 1500 1500 1500 1597 24 42969 4.806470 0.187533 0.000000 0.000000 0.000000 0.990000 -0.070801 0024 043732 0.988024 0.288150 0.915301
0024 056671 0.032255 0.114723 -0.060420 1500 1500 1500 1595 24 92956 4.806470 0.187533 0.000000 0.000000 0.000000 0.980000 -0.235647 0024 093475 0.737035 0.305100 0.915301
0024 108826 0.032975 0.116653 -0.060633 1500 1500 1500 1594 24 143036 4.911146 0.190891 0.000000 0.000000 0.000000 0.970000 -0.356590 0024 143555 0.737035 0.305100 0.915301
0024 155395 0.030035 0.120578 -0.065822 1500 1500 1500 1592 24 192963 4.911146 0.190891 0.000000 0.000000 0.000000 0.960000 -0.446801 0024 193481 0.988024 0.322050 0.915301
0024 208710 0.026257 0.127582 -0.070254 1500 1500 1500 1591 24 243072 5.016506 0.194351 0.000000 0.000000 0.000000 0.950000 -0.515499 0024 243561 1.741026 0.322050 0.915301
0024 255768 0.023846 0.131791 -0.072968 1500 1500 1500 1591 24 293243 5.016506 0.194351 0.000000 0.000000 0.000000 0.940000 -0.569139 0024 293610 0.402393 0.305100 0.915300
0024 307739 0.022158 0.132701 -0.073751 1500 1500 1500 1591 24 343323 5.122540 0.197923 0.000000 0.000000 0.000000 0.930000 -0.535097 0024 343719 0.151418 0.322050 0.911910
0024 355591 0.017852 0.134393 -0.071349 1500 1500 1500 1591 24 393371 5.122540 0.197923 0.000000 0.000000 0.000000 0.920000 -0.530365 0024 393768 -0.350513 0.322050 0.909198
0024 408630 0.013037 0.135423 -0.065917 1500 1500 1500 1591 24 443573 5.229238 0.201600 0.000000 0.000000 0.000000 0.910000 -0.543440 0024 443970 0.486053 0.322050 0.907029
0024 455627 0.008519 0.132005 -0.061010 1500 1500 1500 1591 24 493622 5.229238 0.201600 0.000000 0.000000 0.000000 0.900000 -0.566813 0024 494018 0.737035 0.339000 0.905293
0024 508881 0.005708 0.127742 -0.057535 1500 1500 1500 1592 24 543701 5.336591 0.205360 0.000000 0.000000 0.000000 0.890000 -0.441380 0024 544342 0.402393 0.339000 0.897124
0024 555603 -0.001085 0.124951 -0.057505 1500 1500 1500 1592 24 593689 5.336591 0.205360 0.000000 0.000000 0.000000 0.880000 -0.468909 0024 594177 0.988024 0.322050 0.893979
0024 608642 -0.007818 0.123021 -0.062265 1500 1500 1500 1594 24 643738 5.444588 0.209202 0.000000 0.000000 0.000000 0.870000 -0.352017 0024 644470 1.239019 0.322050 0.884684
0024 655609 -0.012340 0.120251 -0.065537 1500 1500 1500 1594 24 693909 5.444588 0.209202 0.000000 0.000000 0.000000 0.860000 -0.312889 0024 694427 0.151418 0.305100 0.877247
0024 707733 -0.013625 0.122220 -0.068126 1500 1500 1500 1597 24 743896 5.553219 0.213136 0.000000 0.000000 0.000000 0.850000 -0.089348 0024 744659 0.402393 0.305100 0.861127
0024 755707 -0.012488 0.128113 -0.071150 1500 1500 1500 1597 24 793884 5.553219 0.213136 0.000000 0.000000 0.000000 0.840000 -0.079972 0024 794433 0.402393 0.288150 0.851622
0024 808563 -0.013837 0.139332 -0.072826 1500 1500 1500 1600 24 843902 5.662473 0.217172 0.000000 0.000000 0.000000 0.830000 0.114476 0024 844635 0.737035 0.288150 0.833848
0024 855591 -0.014558 0.145157 -0.069963 1500 1500 1500 1600 24 894165 5.662473 0.217172 0.000000 0.000000 0.000000 0.820000 0.174013 0024 894562 1.239019 0.288150 0.819628
0024 908752 -0.014348 0.146571 -0.062309 1500 1500 1500 1603 24 944244 5.772342 0.221300 0.000000 0.000000 0.000000 0.810000 0.384736 0024 944672 0.402393 0.322050 0.798082
0024 955566 -0.013309 0.151289 -0.052436 1500 1500 1500 1604 24 994354 5.772342 0.221300 0.000000 0.000000 0.000000 0.800000 0.440596 0024 994751 -0.350513 0.322050 0.780846
0025 008514 -0.008882 0.153465 -0.045007 1500 1500 1500 1606 25 44342 5.882818 0.225484 0.000000 0.000000 0.000000 0.790000 0.636689 0025 044739 0.737035 0.305100 0.756887
0025 055572 -0.001503 0.158557 -0.040543 1500 1500 1500 1606 25 94574 5.882818 0.225484 0.000000 0.000000 0.000000 0.780000 0.595524 0025 094971 0.151418 0.288150 0.741109
0025 108795 0.006123 0.160924 -0.038564 1500 1500 1500 1607 25 144653 5.993892 0.229698 0.000000 0.000000 0.000000 0.770000 0.729530 0025 145172 0.988024 0.305100 0.718318
0025 155548 0.010026 0.156266 -0.042837 1500 1500 1500 1608 25 194702 5.993892 0.229698 0.000000 0.000000 0.000000 0.760000 0.803848 0025 195221 0.402393 0.288150 0.696694
0025 208740 0.007915 0.151301 -0.051037 1500 1500 1500 1612 25 244720 6.105555 0.233953 0.000000 0.000000 0.000000 0.750000 1.072470 0025 245239 0.402393 0.305100 0.665835
0025 255615 0.005700 0.147319 -0.056300 1500 1500 1500 1612 25 294800 6.105555 0.233953 0.000000 0.000000 0.000000 0.740000 1.131644 0025 295349 -0.350513 0.305100 0.641148
0025 308807 0.007008 0.143482 -0.054284 1500 1500 1500 1614 25 344818 6.217796 0.238264 0.000000 0.000000 0.000000 0.730000 1.300285 0025 345337 0.988024 0.288150 0.611229
0025 355591 0.009005 0.141095 -0.049101 1500 1500 1500 1614 25 394897 6.217796 0.238264 0.000000 0.000000 0.000000 0.720000 1.293225 0025 395477 -0.350513 0.305100 0.587293
0025 408722 0.009731 0.136717 -0.045346 1500 1500 1500 1617 25 444885 6.330609 0.242622 0.000000 0.000000 0.000000 0.710000 1.495643 0025 445404 -0.601470 0.288150 0.554584
0025 455566 0.011400 0.128446 -0.041605 1500 1500 1500 1616 25 494964 6.330609 0.242622 0.000000 0.000000 0.000000 0.700000 1.423943 0025 495483 -1.354304 0.305100 0.531807
0025 508789 0.012456 0.122714 -0.034761 1500 1500 1500 1617 25 544952 6.443984 0.247002 0.000000 0.000000 0.000000 0.690000 1.508605 0025 545471 -0.350513 0.288150 0.503416
0025 555450 0.013335 0.121652 -0.026837 1500 1500 1500 1616 25 594910 6.443984 0.247002 0.000000 0.000000 0.000000 0.680000 1.448866 0025 595428 -0.099550 0.271200 0.480703
0025 608551 0.015879 0.118389 -0.022508 1500 1500 1500 1617 25 644958 6.557914 0.251378 0.000000 0.000000 0.000000 0.670000 1.542156 0025 645569 -0.852420 0.288150 0.452362
0025 655487 0.015722 0.114872 -0.024315 1500 1500 1500 1616 25 694977 6.557914 0.251378 0.000000 0.000000 0.000000 0.660000 1.411520 0025 695648 0.151418 0.305100 0.433080
0025 708740 0.015274 0.111949 -0.028799 1500 1500 1500 1617 25 744964 6.672390 0.255747 0.000000 0.000000 0.000000 0.650000 1.468891 0025 745483 -0.601470 0.305100 0.407484
0025 755554 0.011536 0.112870 -0.032173 1500 1500 1500 1615 25 795013 6.672390 0.255747 0.000000 0.000000 0.000000 0.640000 1.324079 0025 795654 -0.601470 0.305100 0.390397
0025 808502 0.010797 0.111187 -0.036411 1500 1500 1500 1615 25 845123 6.787404 0.260125 0.000000 0.000000 0.000000 0.630000 1.303161 0025 845550 -0.350513 0.288150 0.369948
0025 855316 0.013490 0.108345 -0.040602 1500 1500 1500 1614 25 895264 6.787404 0.260125 0.000000 0.000000 0.000000 0.620000 1.201253 0025 895782 0.151418 0.288150 0.353588
0025 907287 0.016448 0.107711 -0.043757 1500 1500 1500 1613 25 945312 6.902946 0.264530 0.000000 0.000000 0.000000 0.610000 1.136134 0025 945709 0.151418 0.288150 0.337110
0025 955292 0.016974 0.108168 -0.045779 1500 1500 1500 1612 25 995300 6.902946 0.264530 0.000000 0.000000 0.000000 0.600000 1.019156 0025 995697 -0.852420 0.305100 0.323928
0026 008453 0.014458 0.107992 -0.045869 1500 1500 1500 1612 26 45318 7.019008 0.268971 0.000000 0.000000 0.000000 0.590000 1.033325 0026 045715 -0.852420 0.322050 0.306603
0026 055267 0.012435 0.106594 -0.045440 1500 1500 1500 1611 26 95306 7.019008 0.268971 0.000000 0.000000 0.000000 0.580000 0.968460 0026 095703 -0.350513 0.322050 0.292742
0026 108642 0.009188 0.104619 -0.046156 1500 1500 1500 1611 26 145325 7.135582 0.273449 0.000000 0.000000 0.000000 0.570000 0.939257 0026 145965 -0.350513 0.372900 0.278264
0026 155273 0.006502 0.105189 -0.046440 1500 1500 1500 1611 26 195312 7.135582 0.273449 0.000000 0.000000 0.000000 0.560000 0.932548 0026 195709 -1.103365 0.372900 0.263291
0026 208618 0.006937 0.108403 -0.045919 1500 1500 1500 1610 26 245361 7.252660 0.277964 0.000000 0.000000 0.000000 0.550000 0.862471 0026 245758 -1.354304 0.355950 0.251313
0026 255463 0.008318 0.112611 -0.045953 1500 1500 1500 1610 26 295318 7.252660 0.277964 0.000000 0.000000 0.000000 0.540000 0.837142 0026 295746 -0.852420 0.339000 0.238340
0026 307281 0.008351 0.117576 -0.045372 1500 1500 1500 1609 26 345306 7.370234 0.282515 0.000000 0.000000 0.000000 0.530000 0.762023 0026 345703 0.151418 0.339000 0.227962
0026 355286 0.005545 0.119909 -0.044826 1500 1500 1500 1608 26 395355 7.370234 0.282515 0.000000 0.000000 0.000000 0.520000 0.662419 0026 395843 -0.852420 0.339000 0.219660
0026 408478 0.000858 0.120074 -0.046091 1500 1500 1500 1607 26 445312 7.488297 0.287101 0.000000 0.000000 0.000000 0.510000 0.553970 0026 445709 -0.852420 0.355950 0.213018
0026 455292 -0.001808 0.118561 -0.049642 1500 1500 1500 1605 26 495300 7.488297 0.287101 0.000000 0.000000 0.000000 0.500000 0.445964 0026 495697 0.151418 0.355950 0.207704
0026 507294 0.002270 0.111639 -0.055236 1500 1500 1500 1604 26 545318 7.606839 0.291735 0.000000 0.000000 0.000000 0.490000 0.343577 0026 545715 0.151418 0.389850 0.203453
0026 555328 0.005615 0.103226 -0.061990 1500 1500 1500 1604 26 595306 7.606839 0.291735 0.000000 0.000000 0.000000 0.480000 0.326509 0026 595703 -0.099550 0.372900 0.196663
0026 608459 0.006457 0.100450 -0.066425 1500 1500 1500 1603 26 645325 7.725853 0.296441 0.000000 0.000000 0.000000 0.470000 0.204737 0026 645965 -0.350513 0.339000 0.194620
0026 655243 0.006458 0.104175 -0.068027 1500 1500 1500 1601 26 695312 7.725853 0.296441 0.000000 0.000000 0.000000 0.460000 0.105784 0026 695709 -1.103365 0.355950 0.192986
0026 708679 0.008411 0.103249 -0.067729 1500 1500 1500 1600 26 745331 7.845330 0.301228 0.000000 0.000000 0.000000 0.450000 0.024437 0026 745727 -0.852420 0.372900 0.191679
0026 755432 0.010033 0.100654 -0.068266 1500 1500 1500 1600 26 795318 7.845330 0.301228 0.000000 0.000000 0.000000 0.440000 -0.043279 0026 795715 -0.852420 0.355950 0.190633
0026 808472 0.009232 0.099010 -0.069204 1500 1500 1500 1599 26 845306 7.965264 0.306100 0.000000 0.000000 0.000000 0.430000 -0.100409 0026 845703 0.151418 0.355950 0.189797
0026 855286 0.008030 0.101190 -0.070404 1500 1500 1500 1598 26 895355 7.965264 0.306100 0.000000 0.000000 0.000000 0.420000 -0.149294 0026 895843 0.151418 0.355950 0.189127
0026 908569 0.007974 0.107986 -0.071612 1500 1500 1500 1599 26 945312 8.085646 0.311060 0.000000 0.000000 0.000000 0.410000 -0.114598 0026 945709 -0.099550 0.372900 0.185202
0026 955261 0.007480 0.115294 -0.072625 1500 1500 1500 1598 26 995361 8.085646 0.311060 0.000000 0.000000 0.000000 0.400000 -0.188686 0026 995727 0.151418 0.372900 0.185451
0027 008392 0.006248 0.119176 -0.075561 1500 1500 1500 1597 27 45288 8.206469 0.316114 0.000000 0.000000 0.000000 0.390000 -0.245100 0027 045685 -0.350513 0.355950 0.185651
0027 055267 0.006071 0.116641 -0.079130 1500 1500 1500 1597 27 95306 8.206469 0.316114 0.000000 0.000000 0.000000 0.380000 -0.289342 0027 095703 -0.350513 0.355950 0.185811
0027 107269 0.005535 0.112530 -0.079491 1500 1500 1500 1596 27 145355 8.327726 0.321269 0.000000 0.000000 0.000000 0.370000 -0.325223 0027 145843 -0.350513 0.355950 0.185939
0027 155273 0.005326 0.111306 -0.076481 1500 1500 1500 1597 27 195312 8.327726 0.321269 0.000000 0.000000 0.000000 0.360000 -0.278240 0027 195709 -0.601470 0.355950 0.182651
0027 208435 0.005599 0.111899 -0.074636 1500 1500 1500 1597 27 245331 8.449410 0.326521 0.000000 0.000000 0.000000 0.350000 -0.264039 0027 245727 -0.350513 0.339000 0.180021
0027 255554 0.005440 0.113780 -0.075714 1500 1500 1500 1597 27 295288 8.449410 0.326521 0.000000 0.000000 0.000000 0.340000 -0.270159 0027 295685 0.988024 0.339000 0.177917
0027 307281 0.005713 0.115196 -0.076772 1500 1500 1500 1596 27 345306 8.571514 0.331867 0.000000 0.000000 0.000000 0.330000 -0.365540 0027 345703 -0.099550 0.355950 0.179623
0027 355316 0.006074 0.115118 -0.076422 1500 1500 1500 1595 27 395325 8.571514 0.331867 0.000000 0.000000 0.000000 0.320000 -0.431037 0027 395843 -0.350513 0.389850 0.180989
0027 408356 0.006260 0.113916 -0.075716 1500 1500 1500 1595 27 445312 8.694033 0.337306 0.000000 0.000000 0.000000 0.310000 -0.476980 0027 445709 0.151418 0.355950 0.182081
0027 455292 0.006486 0.113804 -0.076216 1500 1500 1500 1594 27 495300 8.694033 0.337306 0.000000 0.000000 0.000000 0.300000 -0.510324 0027 495697 -0.852420 0.355950 0.182955
0027 508575 0.006409 0.115034 -0.076668 1500 1500 1500 1594 27 545380 8.816959 0.342837 0.000000 0.000000 0.000000 0.290000 -0.535724 0027 545776 -0.350513 0.355950 0.183654
0027 555267 0.006368 0.116031 -0.076302 1500 1500 1500 1594 27 595398 8.816959 0.342837 0.000000 0.000000 0.000000 0.280000 -0.556260 0027 595795 -0.099550 0.355950 0.184213
0027 608337 0.006466 0.115508 -0.076315 1500 1500 1500 1595 27 645691 8.940287 0.348458 0.000000 0.000000 0.000000 0.270000 -0.496811 0027 646332 -0.350513 0.355950 0.181270
0027 655304 0.006492 0.114792 -0.076638 1500 1500 1500 1594 27 695740 8.940287 0.348458 0.000000 0.000000 0.000000 0.260000 -0.549645 0027 696625 0.988024 0.355950 0.182306
0027 708527 0.006543 0.115202 -0.076416 1500 1500 1500 1593 27 745727 9.064010 0.354169 0.000000 0.000000 0.000000 0.250000 -0.588040 0027 746368 -0.350513 0.339000 0.183135
0027 755432 0.006454 0.115905 -0.076347 1500 1500 1500 1593 27 795715 9.064010 0.354169 0.000000 0.000000 0.000000 0.240000 -0.617154 0027 796570 0.486053 0.389850 0.183798
0027 808350 0.006510 0.115631 -0.076589 1500 1500 1500 1593 27 845703 9.188122 0.359968 0.000000 0.000000 0.000000 0.230000 -0.640435 0027 846374 0.402393 0.678000 0.184328
0027 855255 0.006520 0.114999 -0.076527 1500 1500 1500 1592 27 895874 9.188122 0.359968 0.000000 0.000000 0.000000 0.220000 -0.660162 0027 896576 -0.350513 0.372900 0.184753
0027 907349 0.006498 0.115220 -0.076413 1500 1500 1500 1592 27 945862 9.312617 0.365854 0.000000 0.000000 0.000000 0.210000 -0.677825 0027 946472 0.151418 0.203400 0.185092
0027 955353 0.006559 0.115779 -0.076607 1500 1500 1500 1592 27 996063 9.312617 0.365854 0.000000 0.000000 0.000000 0.200000 -0.694383 0027 996643 -0.099550 0.186450 0.185364
0028 008331 0.006506 0.115562 -0.076605 1500 1500 1500 1592 28 46234 9.312617 0.365854 0.000000 0.000000 0.000000 0.200000 -0.694383 0028 046631 0.151418 0.203400 0.185581
0028 055267 0.006543 0.115158 -0.076489 1500 1500 1500 1592 28 96252 9.312617 0.365854 0.000000 0.000000 0.000000 0.200000 -0.694383 0028 096802 -0.350513 0.305100 0.185755
0028 107239 0.006540 0.115396 -0.076649 1500 1500 1500 1592 28 146271 9.312617 0.365854 0.000000 0.000000 0.000000 0.200000 -0.694383 0028 146667 0.486053 0.305100 0.185894
0028 155304 0.006563 0.115749 -0.076676 1500 1500 1500 1592 28 196228 9.312617 0.365854 0.000000 0.000000 0.000000 0.200000 -0.694383 0028 196838 -0.099550 0.305100 0.186005
0028 208374 0.006592 0.115526 -0.076573 1500 1500 1500 1592 28 246246 9.312617 0.365854 0.000000 0.000000 0.000000 0.200000 -0.694383 0028 246643 0.151418 6.085050 0.186094
0028 255371 0.006577 0.115241 -0.076716 1500 1500 1500 1592 28 296234 9.312617 0.365854 0.000000 0.000000 0.000000 0.200000 -0.694383 0028 297333 -0.350513 0.339000 0.186222
0028 308563 0.006635 0.115474 -0.076780 1500 1500 1500 1592 28 346527 9.312617 0.365854 0.000000 0.000000 0.000000 0.200000 -0.694383 0028 347046 0.151418 0.389850 0.186268
0028 355286 0.006615 0.115724 -0.076697 1500 1500 1500 1592 28 396789 9.312617 0.365854 0.000000 0.000000 0.000000 0.200000 -0.694383 0028 397308 -0.099550 0.372900 0.182914
0028 408234 0.006698 0.115494 -0.076800 1500 1500 1500 1592 28 446777 9.312617 0.365854 0.000000 0.000000 0.000000 0.200000 -0.694383 0028 447296 -0.099550 0.406800 0.183621
0028 455200 0.006679 0.115305 -0.076866 1500 1500 1500 1592 28 497284 9.312617 0.365854 0.000000 0.000000 0.000000 0.200000 -0.694383 0028 497681 -0.350513 0.406800 0.184187
0028 508453 0.006685 0.115533 -0.076751 1500 1500 1500 1592 28 547394 9.312617 0.365854 0.000000 0.000000 0.000000 0.200000 -0.694383 0028 547790 -0.852420 0.389850 0.184640
0028 555237 0.006683 0.115689 -0.076823 1500 1500 1500 1592 28 597412 9.312617 0.365854 0.000000 0.000000 0.000000 0.200000 -0.694383 0028 597839 -0.852420 0.389850 0.185002
0028 608398 0.006669 0.115448 -0.076914 1500 1500 1500 1592 28 647552 9.312617 0.365854 0.000000 0.000000 0.000000 0.200000 -0.694383 0028 648071 -0.099550 0.457650 0.185291
0028 656402 0.006682 0.115341 -0.076824 1500 1500 1500 1592 28 697784 9.312617 0.365854 0.000000 0.000000 0.000000 0.200000 -0.694383 0028 698303 0.151418 0.457650 0.185523
0028 708496 0.006668 0.115608 -0.076848 1500 1500 1500 1592 28 748108 9.312617 0.365854 0.000000 0.000000 0.000000 0.200000 -0.694383 0028 748505 -0.099550 0.322050 0.185708
0028 755646 0.006685 0.115673 -0.076902 1500 1500 1500 1592 28 798248 9.312617 0.365854 0.000000 0.000000 0.000000 0.200000 -0.694383 0028 798614 -1.103365 0.305100 0.185857
0028 808380 0.006667 0.115443 -0.076856 1500 1500 1500 1592 28 848450 9.312617 0.365854 0.000000 0.000000 0.000000 0.200000 -0.694383 0028 849213 0.151418 0.339000 0.185975
0028 855133 0.006684 0.115433 -0.076889 1500 1500 1500 1592 28 898620 9.312617 0.365854 0.000000 0.000000 0.000000 0.200000 -0.694383 0028 899139 0.151418 0.339000 0.186070
0028 907104 0.006639 0.115637 -0.076961 1500 1500 1500 1592 28 948852 9.312617 0.365854 0.000000 0.000000 0.000000 0.200000 -0.694383 0028 949341 0.486053 0.339000 0.186146
0028 955109 0.006634 0.115608 -0.076924 1500 1500 1500 1592 28 999084 9.312617 0.365854 0.000000 0.000000 0.000000 0.200000 -0.694383 0028 999481 -0.601470 0.339000 0.186207
