0005 552552 0.016808 0.023275 -0.005190 1500 1500 1500 950 5 573761 0.000000 0.000000 0.000000 0.000000 0.000000 0.000000 0.000000 0005 574005 0.698513 0.661050 0.037290
0005 605896 0.016830 0.023269 -0.005184 1500 1500 1500 950 5 623627 0.000000 0.000000 0.000000 0.000000 0.000000 0.000000 0.000000 0005 623810 -0.890850 0.661050 0.067122
0005 652649 0.016828 0.023273 -0.005176 1500 1500 1500 950 5 673584 0.000000 0.000000 0.000000 0.000000 0.000000 0.000000 0.000000 0005 673767 -0.138024 0.661050 0.090988
0005 706055 0.016831 0.023300 -0.005168 1500 1500 1500 950 5 723480 0.000000 0.000000 0.000000 0.000000 0.000000 0.000000 0.000000 0005 723664 0.949487 0.661050 0.110080
0005 752564 0.016795 0.023283 -0.005170 1500 1500 1500 950 5 773407 0.000000 0.000000 0.000000 0.000000 0.000000 0.000000 0.000000 0005 773621 -0.639914 0.661050 0.121964
0005 805725 0.016798 0.023307 -0.005183 1500 1500 1500 950 5 823365 0.000000 0.000000 0.000000 0.000000 0.000000 0.000000 0.000000 0005 823578 -0.388972 0.661050 0.131471
0005 852600 0.016812 0.023326 -0.005171 1500 1500 1500 950 5 873535 0.000000 0.000000 0.000000 0.000000 0.000000 0.000000 0.000000 0005 873719 0.949487 0.661050 0.139077
0005 906128 0.016834 0.023323 -0.005174 1500 1500 1500 950 5 923645 0.000000 0.000000 0.000000 0.000000 0.000000 0.000000 0.000000 0005 923859 0.698513 0.661050 0.145162
0005 952606 0.016809 0.023305 -0.005179 1500 1500 1500 950 5 973725 0.000000 0.000000 0.000000 0.000000 0.000000 0.000000 0.000000 0005 973908 0.447545 0.661050 0.150029
0006 005890 0.016817 0.023362 -0.005185 1500 1500 1500 950 6 23621 0.000000 0.000000 0.000000 0.000000 0.000000 0.000000 0.000000 0006 023804 0.112930 0.661050 0.157313
0006 052582 0.016824 0.023346 -0.005188 1500 1500 1500 950 6 73700 0.000000 0.000000 0.000000 0.000000 0.000000 0.000000 0.000000 0006 073914 -0.388972 0.661050 0.159751
0006 104553 0.016833 0.023309 -0.005190 1500 1500 1500 950 6 123749 0.000000 0.000000 0.000000 0.000000 0.000000 0.000000 0.000000 0006 123963 0.949487 0.661050 0.165091
0006 152588 0.016800 0.023298 -0.005186 1500 1500 1500 950 6 173767 0.000000 0.000000 0.000000 0.000000 0.000000 0.000000 0.000000 0006 173981 -0.138024 0.661050 0.165972
0006 205902 0.016767 0.023291 -0.005198 1500 1500 1500 950 6 223755 0.000000 0.000000 0.000000 0.000000 0.000000 0.000000 0.000000 0006 223969 0.698513 0.661050 0.170068
0006 252564 0.016779 0.023294 -0.005210 1500 1500 1500 950 6 273743 0.000000 0.000000 0.000000 0.000000 0.000000 0.000000 0.000000 0006 273957 0.112930 0.661050 0.173344
0006 304535 0.016760 0.023331 -0.005212 1500 1500 1500 950 6 323792 0.000000 0.000000 0.000000 0.000000 0.000000 0.000000 0.000000 0006 324158 0.949487 0.661050 0.175966
0006 352753 0.016751 0.023309 -0.005193 1500 1500 1500 950 6 373810 0.000000 0.000000 0.000000 0.000000 0.000000 0.000000 0.000000 0006 373993 -0.639914 0.661050 0.178062
0006 405823 0.016738 0.023268 -0.005196 1500 1500 1500 950 6 423889 0.000000 0.000000 0.000000 0.000000 0.000000 0.000000 0.000000 0006 424073 0.112930 0.661050 0.179740
0006 452606 0.016760 0.023291 -0.005222 1500 1500 1500 950 6 473816 0.000000 0.000000 0.000000 0.000000 0.000000 0.000000 0.000000 0006 474396 1.200467 0.661050 0.177692
0006 506012 0.016766 0.023296 -0.005226 1500 1500 1500 950 6 523743 0.000000 0.000000 0.000000 0.000000 0.000000 0.000000 0.000000 0006 523957 0.949487 0.661050 0.176054
0006 552552 0.016750 0.023295 -0.005218 1500 1500 1500 950 6 573731 0.000000 0.000000 0.000000 0.000000 0.000000 0.000000 0.000000 0006 573914 1.200467 0.661050 0.178133
0006 605866 0.016735 0.023307 -0.005219 1500 1500 1500 950 6 623810 0.000000 0.000000 0.000000 0.000000 0.000000 0.000000 0.000000 0006 624024 0.447545 0.661050 0.179796
0006 652558 0.016722 0.023314 -0.005210 1500 1500 1500 950 6 673798 0.000000 0.000000 0.000000 0.000000 0.000000 0.000000 0.000000 0006 674011 -0.138024 0.661050 0.181127
0006 706208 0.016715 0.023333 -0.005211 1500 1500 1500 950 6 723847 0.000000 0.000000 0.000000 0.000000 0.000000 0.000000 0.000000 0006 724060 -0.388972 0.661050 0.182192
0006 752503 0.016718 0.023344 -0.005198 1500 1500 1500 950 6 773834 0.000000 0.000000 0.000000 0.000000 0.000000 0.000000 0.000000 0006 774048 0.698513 0.661050 0.183043
0006 805786 0.016707 0.023342 -0.005194 1500 1500 1500 950 6 823914 0.000000 0.000000 0.000000 0.000000 0.000000 0.000000 0.000000 0006 824127 0.447545 0.661050 0.183725
0006 852692 0.016688 0.023350 -0.005178 1500 1500 1500 950 6 873932 0.000000 0.000000 0.000000 0.000000 0.000000 0.000000 0.000000 0006 874115 -0.388972 0.678000 0.184270
0006 905884 0.016676 0.023376 -0.005165 1500 1500 1500 950 6 924011 0.000000 0.000000 0.000000 0.000000 0.000000 0.000000 0.000000 0006 924530 0.112930 0.678000 0.185055
0006 952515 0.016675 0.023374 -0.005174 1500 1500 1500 950 6 973938 0.000000 0.000000 0.000000 0.000000 0.000000 0.000000 0.000000 0006 979462 0.698513 0.678000 0.185334
0007 005829 0.016659 0.023368 -0.005168 1500 1500 1500 950 7 23926 0.000000 0.000000 0.000000 0.000000 0.000000 0.000000 0.000000 0007 029389 -0.138024 0.678000 0.185557
0007 052521 0.016643 0.023360 -0.005177 1500 1500 1500 950 7 73914 0.000000 0.000000 0.000000 0.000000 0.000000 0.000000 0.000000 0007 079438 0.447545 0.661050 0.185736
0007 106354 0.016641 0.023364 -0.005196 1500 1500 1500 950 7 123932 0.000000 0.000000 0.000000 0.000000 0.000000 0.000000 0.000000 0007 124207 0.112930 0.661050 0.185878
0007 152558 0.016628 0.023317 -0.005211 1500 1500 1500 950 7 173889 0.000000 0.000000 0.000000 0.000000 0.000000 0.000000 0.000000 0007 174103 0.698513 0.661050 0.185993
0007 205933 0.016638 0.023318 -0.005187 1500 1500 1500 950 7 223969 0.000000 0.000000 0.000000 0.000000 0.000000 0.000000 0.000000 0007 224243 0.447545 0.678000 0.186084
0007 252503 0.016641 0.023338 -0.005202 1500 1500 1500 950 7 273896 0.000000 0.000000 0.000000 0.000000 0.000000 0.000000 0.000000 0007 274079 0.698513 0.678000 0.186157
0007 306244 0.016634 0.023325 -0.005208 1500 1500 1500 950 7 323914 0.000000 0.000000 0.000000 0.000000 0.000000 0.000000 0.000000 0007 324127 0.447545 0.661050 0.182826
0007 352509 0.016634 0.023336 -0.005224 1500 1500 1500 950 7 373871 0.000000 0.000000 0.000000 0.000000 0.000000 0.000000 0.000000 0007 374054 0.112930 0.661050 0.183551
0007 405731 0.016656 0.023357 -0.005219 1500 1500 1500 950 7 423859 0.000000 0.000000 0.000000 0.000000 0.000000 0.000000 0.000000 0007 424073 1.200467 0.661050 0.184131
0007 452484 0.016658 0.023351 -0.005226 1500 1500 1500 950 7 473816 0.000000 0.000000 0.000000 0.000000 0.000000 0.000000 0.000000 0007 473999 0.112930 0.661050 0.184594
0007 506104 0.016659 0.023347 -0.005227 1500 1500 1500 950 7 523804 0.000000 0.000000 0.000000 0.000000 0.000000 0.000000 0.000000 0007 523987 0.112930 0.661050 0.184966
0007 552521 0.016649 0.023366 -0.005232 1500 1500 1500 950 7 573822 0.000000 0.000000 0.000000 0.000000 0.000000 0.000000 0.000000 0007 574005 -0.138024 0.661050 0.181872
0007 605988 0.016641 0.023358 -0.005231 1500 1500 1500 950 7 623841 0.000000 0.000000 0.000000 0.000000 0.000000 0.000000 0.000000 0007 624024 0.112930 0.661050 0.182788
0007 652497 0.016664 0.023330 -0.005222 1500 1500 1500 950 7 673828 0.000000 0.000000 0.000000 0.000000 0.000000 0.000000 0.000000 0007 674042 -0.138024 0.661050 0.180130
0007 705902 0.016657 0.023340 -0.005247 1500 1500 1500 950 7 723908 0.000000 0.000000 0.000000 0.000000 0.000000 0.000000 0.000000 0007 724121 0.447545 0.661050 0.181394
0007 752533 0.016699 0.023342 -0.005245 1500 1500 1500 950 7 773804 0.000000 0.000000 0.000000 0.000000 0.000000 0.000000 0.000000 0007 774018 0.112930 0.661050 0.182405
0007 805908 0.016724 0.023349 -0.005236 1500 1500 1500 950 7 823792 0.000000 0.000000 0.000000 0.000000 0.000000 0.000000 0.000000 0007 823975 -0.639914 0.661050 0.179824
0007 852661 0.016764 0.023381 -0.005254 1500 1500 1500 950 7 873780 0.000000 0.000000 0.000000 0.000000 0.000000 0.000000 0.000000 0007 873993 0.112930 0.661050 0.177759
0007 905976 0.016768 0.023379 -0.005290 1500 1500 1500 950 7 923737 0.000000 0.000000 0.000000 0.000000 0.000000 0.000000 0.000000 0007 923950 0.363890 0.661050 0.179498
0007 952667 0.016779 0.023344 -0.005285 1500 1500 1500 950 7 973725 0.000000 0.000000 0.000000 0.000000 0.000000 0.000000 0.000000 0007 973938 0.447545 0.661050 0.180888
0008 005768 0.016814 0.023342 -0.005300 1500 1500 1500 950 8 23590 0.000000 0.000000 0.000000 0.000000 0.000000 0.000000 0.000000 0008 023773 0.949487 0.661050 0.178610
0008 052674 0.016846 0.023335 -0.005287 1500 1500 1500 950 8 73670 0.000000 0.000000 0.000000 0.000000 0.000000 0.000000 0.000000 0008 073853 -0.388972 0.661050 0.176788
0008 106232 0.016852 0.023369 -0.005281 1500 1500 1500 950 8 123749 0.000000 0.000000 0.000000 0.000000 0.000000 0.000000 0.000000 0008 123932 -0.388972 0.661050 0.178721
0008 152649 0.016825 0.023394 -0.005279 1500 1500 1500 950 8 173767 0.000000 0.000000 0.000000 0.000000 0.000000 0.000000 0.000000 0008 173950 0.698513 0.661050 0.180267
0008 205811 0.016826 0.023382 -0.005307 1500 1500 1500 950 8 223816 0.000000 0.000000 0.000000 0.000000 0.000000 0.000000 0.000000 0008 224030 -0.639914 0.661050 0.181503
0008 252503 0.016834 0.023384 -0.005315 1500 1500 1500 950 8 273804 0.000000 0.000000 0.000000 0.000000 0.000000 0.000000 0.000000 0008 273987 0.363890 0.661050 0.179103
0008 306000 0.016865 0.023363 -0.005301 1500 1500 1500 950 8 323761 0.000000 0.000000 0.000000 0.000000 0.000000 0.000000 0.000000 0008 323975 -0.388972 0.661050 0.180572
0008 352478 0.016891 0.023379 -0.005287 1500 1500 1500 950 8 373719 0.000000 0.000000 0.000000 0.000000 0.000000 0.000000 0.000000 0008 373932 -0.388972 0.661050 0.181748
0008 405854 0.016870 0.023422 -0.005284 1500 1500 1500 950 8 423645 0.000000 0.000000 0.000000 0.000000 0.000000 0.000000 0.000000 0008 423859 -0.388972 0.661050 0.182688
0008 452484 0.016856 0.023430 -0.005293 1500 1500 1500 950 8 473633 0.000000 0.000000 0.000000 0.000000 0.000000 0.000000 0.000000 0008 473847 -0.138024 0.661050 0.183441
0008 505951 0.016846 0.023445 -0.005310 1500 1500 1500 950 8 523499 0.000000 0.000000 0.000000 0.000000 0.000000 0.000000 0.000000 0008 523712 1.200467 0.661050 0.184042
0008 552490 0.016838 0.023433 -0.005337 1500 1500 1500 950 8 573578 0.000000 0.000000 0.000000 0.000000 0.000000 0.000000 0.000000 0008 573792 -0.388972 0.661050 0.184524
0008 605866 0.016795 0.023444 -0.005326 1500 1500 1500 950 8 623657 0.000000 0.000000 0.000000 0.000000 0.000000 0.000000 0.000000 0008 623841 -0.388972 0.661050 0.184909
0008 652527 0.016834 0.023428 -0.005332 1500 1500 1500 950 8 673615 0.000000 0.000000 0.000000 0.000000 0.000000 0.000000 0.000000 0008 673920 0.112930 0.661050 0.185217
0008 705994 0.016814 0.023407 -0.005337 1500 1500 1500 950 8 723694 0.000000 0.000000 0.000000 0.000000 0.000000 0.000000 0.000000 0008 723908 0.112930 0.661050 0.185464
0008 752503 0.016859 0.023399 -0.005348 1500 1500 1500 950 8 773804 0.000000 0.000000 0.000000 0.000000 0.000000 0.000000 0.000000 0008 774018 -1.141780 0.661050 0.185661
0008 805756 0.016846 0.023404 -0.005347 1500 1500 1500 950 8 823822 0.000000 0.000000 0.000000 0.000000 0.000000 0.000000 0.000000 0008 824036 0.112930 0.661050 0.185819
0008 852692 0.016830 0.023387 -0.005373 1500 1500 1500 950 8 873841 0.000000 0.000000 0.000000 0.000000 0.000000 0.000000 0.000000 0008 874054 -0.890850 0.661050 0.185945
0008 905945 0.016798 0.023382 -0.005360 1500 1500 1500 950 8 923859 0.000000 0.000000 0.000000 0.000000 0.000000 0.000000 0.000000 0008 924073 0.112930 0.661050 0.182656
0008 952484 0.016826 0.023385 -0.005373 1500 1500 1500 950 8 973755 0.000000 0.000000 0.000000 0.000000 0.000000 0.000000 0.000000 0008 973969 -0.388972 0.661050 0.183415
0009 006043 0.016832 0.023370 -0.005372 1500 1500 1500 950 9 23743 0.000000 0.000000 0.000000 0.000000 0.000000 0.000000 0.000000 0009 023926 -0.388972 0.678000 0.184022
0009 052490 0.016847 0.023394 -0.005388 1500 1500 1500 950 9 73761 0.000000 0.000000 0.000000 0.000000 0.000000 0.000000 0.000000 0009 073944 0.112930 0.678000 0.184508
0009 104431 0.016860 0.023380 -0.005398 1500 1500 1500 950 9 123749 0.000000 0.000000 0.000000 0.000000 0.000000 0.000000 0.000000 0009 123963 -0.138024 0.661050 0.184896
0009 152527 0.016850 0.023342 -0.005394 1500 1500 1500 950 9 173767 0.000000 0.000000 0.000000 0.000000 0.000000 0.000000 0.000000 0009 173950 0.363890 0.661050 0.185207
0009 205750 0.016863 0.023337 -0.005390 1500 1500 1500 950 9 223725 0.000000 0.000000 0.000000 0.000000 0.000000 0.000000 0.000000 0009 223908 0.949487 0.678000 0.185455
0009 252442 0.016888 0.023363 -0.005381 1500 1500 1500 950 9 273682 0.000000 0.000000 0.000000 0.000000 0.000000 0.000000 0.000000 0009 273865 0.698513 0.661050 0.185654
0009 305939 0.016888 0.023358 -0.005394 1500 1500 1500 950 9 323700 0.000000 0.000000 0.000000 0.000000 0.000000 0.000000 0.000000 0009 323914 -0.138024 0.661050 0.185813
0009 352448 0.016866 0.023377 -0.005412 1500 1500 1500 950 9 373688 0.000000 0.000000 0.000000 0.000000 0.000000 0.000000 0.000000 0009 373871 -0.388972 0.661050 0.185941
0009 405762 0.016835 0.023395 -0.005420 1500 1500 1500 950 9 423676 0.000000 0.000000 0.000000 0.000000 0.000000 0.000000 0.000000 0009 423859 0.112930 0.661050 0.186043
0009 452423 0.016839 0.023390 -0.005409 1500 1500 1500 950 9 473694 0.000000 0.000000 0.000000 0.000000 0.000000 0.000000 0.000000 0009 473877 0.112930 0.661050 0.186124
0009 505982 0.016841 0.023384 -0.005414 1500 1500 1500 950 9 523682 0.000000 0.000000 0.000000 0.000000 0.000000 0.000000 0.000000 0009 523865 -0.639914 0.661050 0.186189
0009 552460 0.016865 0.023396 -0.005402 1500 1500 1500 950 9 573700 0.000000 0.000000 0.000000 0.000000 0.000000 0.000000 0.000000 0009 573914 0.112930 0.661050 0.182851
0009 605866 0.016855 0.023380 -0.005376 1500 1500 1500 950 9 623596 0.000000 0.000000 0.000000 0.000000 0.000000 0.000000 0.000000 0009 623780 -1.141780 0.661050 0.180181
0009 652497 0.016876 0.023364 -0.005364 1500 1500 1500 950 9 673645 0.000000 0.000000 0.000000 0.000000 0.000000 0.000000 0.000000 0009 673828 0.112930 0.678000 0.181435
0009 705933 0.016856 0.023364 -0.005363 1500 1500 1500 950 9 723542 0.000000 0.000000 0.000000 0.000000 0.000000 0.000000 0.000000 0009 723755 0.363890 0.661050 0.182438
0009 754212 0.016871 0.023387 -0.005363 1500 1500 1500 950 9 773529 0.000000 0.000000 0.000000 0.000000 0.000000 0.000000 0.000000 0009 773712 0.363890 0.661050 0.179850
0009 805756 0.016868 0.023407 -0.005357 1500 1500 1500 950 9 823426 0.000000 0.000000 0.000000 0.000000 0.000000 0.000000 0.000000 0009 823639 0.112930 0.661050 0.181170
0009 852631 0.016884 0.023395 -0.005375 1500 1500 1500 950 9 873505 0.000000 0.000000 0.000000 0.000000 0.000000 0.000000 0.000000 0009 873688 -1.141780 0.661050 0.178836
0009 906159 0.016899 0.023363 -0.005399 1500 1500 1500 950 9 923584 0.000000 0.000000 0.000000 0.000000 0.000000 0.000000 0.000000 0009 923767 -0.138024 0.661050 0.180359
0009 952362 0.016901 0.023340 -0.005401 1500 1500 1500 950 9 973725 0.000000 0.000000 0.000000 0.000000 0.000000 0.000000 0.000000 0009 973938 0.363890 0.661050 0.178187
0010 005707 0.016916 0.023345 -0.005398 1500 1500 1500 950 10 23804 0.000000 0.000000 0.000000 0.000000 0.000000 0.000000 0.000000 0010 024079 0.112930 0.661050 0.176450
0010 052399 0.016945 0.023356 -0.005404 1500 1500 1500 950 10 73853 0.000000 0.000000 0.000000 0.000000 0.000000 0.000000 0.000000 0010 074127 0.112930 0.661050 0.178450
0010 105988 0.016948 0.023355 -0.005400 1500 1500 1500 950 10 123902 0.000000 0.000000 0.000000 0.000000 0.000000 0.000000 0.000000 0010 124176 -0.388972 0.661050 0.176660
0010 152375 0.016975 0.023331 -0.005393 1500 1500 1500 950 10 173828 0.000000 0.000000 0.000000 0.000000 0.000000 0.000000 0.000000 0010 174103 0.949487 0.661050 0.175228
0010 205780 0.017013 0.023289 -0.005421 1500 1500 1500 950 10 223908 0.000000 0.000000 0.000000 0.000000 0.000000 0.000000 0.000000 0010 224304 0.363890 0.661050 0.174082
0010 252381 0.017055 0.023257 -0.005440 1500 1500 1500 950 10 273896 0.000000 0.000000 0.000000 0.000000 0.000000 0.000000 0.000000 0010 274170 1.200467 0.661050 0.176556
0010 305908 0.017090 0.023243 -0.005437 1500 1500 1500 950 10 324097 0.000000 0.000000 0.000000 0.000000 0.000000 0.000000 0.000000 0010 324280 0.698513 0.661050 0.178535
0010 352417 0.017075 0.023239 -0.005435 1500 1500 1500 950 10 374054 0.000000 0.000000 0.000000 0.000000 0.000000 0.000000 0.000000 0010 374268 0.112930 0.678000 0.180118
0010 405823 0.017086 0.023229 -0.005450 1500 1500 1500 950 10 424195 0.000000 0.000000 0.000000 0.000000 0.000000 0.000000 0.000000 0010 424378 0.698513 0.661050 0.181384
0010 452606 0.017096 0.023243 -0.005477 1500 1500 1500 950 10 474152 0.000000 0.000000 0.000000 0.000000 0.000000 0.000000 0.000000 0010 474365 -0.388972 0.661050 0.182397
0010 504547 0.017105 0.023229 -0.005502 1500 1500 1500 950 10 524201 0.000000 0.000000 0.000000 0.000000 0.000000 0.000000 0.000000 0010 524384 -0.138024 0.661050 0.183208
0010 552460 0.017092 0.023216 -0.005506 1500 1500 1500 950 10 574341 0.000000 0.000000 0.000000 0.000000 0.000000 0.000000 0.000000 0010 574616 0.949487 0.678000 0.180466
0010 605805 0.017084 0.023250 -0.005512 1500 1500 1500 950 10 624207 0.000000 0.000000 0.000000 0.000000 0.000000 0.000000 0.000000 0010 624390 -0.388972 0.661050 0.181663
0010 652497 0.017092 0.023258 -0.005524 1500 1500 1500 950 10 674164 0.000000 0.000000 0.000000 0.000000 0.000000 0.000000 0.000000 0010 674378 0.112930 0.678000 0.182620
0010 705933 0.017103 0.023276 -0.005536 1500 1500 1500 950 10 724213 0.000000 0.000000 0.000000 0.000000 0.000000 0.000000 0.000000 0010 724427 0.698513 0.678000 0.183386
0010 752442 0.017147 0.023270 -0.005541 1500 1500 1500 950 10 774140 0.000000 0.000000 0.000000 0.000000 0.000000 0.000000 0.000000 0010 774323 0.112930 0.661050 0.183999
0010 805817 0.017121 0.023243 -0.005541 1500 1500 1500 950 10 824219 0.000000 0.000000 0.000000 0.000000 0.000000 0.000000 0.000000 0010 824463 -0.639914 0.661050 0.181099
0010 852631 0.017119 0.023221 -0.005562 1500 1500 1500 950 10 874146 0.000000 0.000000 0.000000 0.000000 0.000000 0.000000 0.000000 0010 874359 -0.639914 0.661050 0.178779
0010 905915 0.017094 0.023230 -0.005575 1500 1500 1500 950 10 924225 0.000000 0.000000 0.000000 0.000000 0.000000 0.000000 0.000000 0010 924408 0.112930 0.661050 0.180314
0010 952393 0.017099 0.023245 -0.005613 1500 1500 1500 950 10 974152 0.000000 0.000000 0.000000 0.000000 0.000000 0.000000 0.000000 0010 974365 0.363890 0.661050 0.181541
0011 005677 0.017116 0.023264 -0.005633 1500 1500 1500 950 11 24170 0.000000 0.000000 0.000000 0.000000 0.000000 0.000000 0.000000 0011 024353 0.698513 0.678000 0.182523
0011 052368 0.017080 0.023256 -0.005660 1500 1500 1500 950 11 74066 0.000000 0.000000 0.000000 0.000000 0.000000 0.000000 0.000000 0011 074280 -0.388972 0.661050 0.183308
0011 105988 0.017064 0.023241 -0.005659 1500 1500 1500 950 11 124146 0.000000 0.000000 0.000000 0.000000 0.000000 0.000000 0.000000 0011 124329 -0.138024 0.678000 0.183937
0011 152375 0.017101 0.023224 -0.005646 1500 1500 1500 950 11 174164 0.000000 0.000000 0.000000 0.000000 0.000000 0.000000 0.000000 0011 174347 -0.388972 0.661050 0.181049
0011 205658 0.017112 0.023236 -0.005652 1500 1500 1500 950 11 224182 0.000000 0.000000 0.000000 0.000000 0.000000 0.000000 0.000000 0011 224365 0.112930 0.661050 0.182129
0011 252381 0.017090 0.023262 -0.005678 1500 1500 1500 950 11 274323 0.000000 0.000000 0.000000 0.000000 0.000000 0.000000 0.000000 0011 274506 0.112930 0.678000 0.182993
0011 305908 0.017065 0.023249 -0.005686 1500 1500 1500 950 11 324372 0.000000 0.000000 0.000000 0.000000 0.000000 0.000000 0.000000 0011 324646 -0.138024 0.661050 0.183685
0011 352387 0.017062 0.023259 -0.005713 1500 1500 1500 950 11 374481 0.000000 0.000000 0.000000 0.000000 0.000000 0.000000 0.000000 0011 374695 0.363890 0.661050 0.180848
0011 405731 0.017056 0.023265 -0.005724 1500 1500 1500 950 11 424439 0.000000 0.000000 0.000000 0.000000 0.000000 0.000000 0.000000 0011 424652 0.363890 0.661050 0.181968
0011 452423 0.017057 0.023233 -0.005758 1500 1500 1500 950 11 474488 0.000000 0.000000 0.000000 0.000000 0.000000 0.000000 0.000000 0011 474701 -0.138024 0.661050 0.182865
0011 505921 0.017067 0.023214 -0.005784 1500 1500 1500 950 11 524445 0.000000 0.000000 0.000000 0.000000 0.000000 0.000000 0.000000 0011 524658 0.363890 0.661050 0.180192
0011 552399 0.017057 0.023199 -0.005759 1500 1500 1500 950 11 574616 0.000000 0.000000 0.000000 0.000000 0.000000 0.000000 0.000000 0011 574799 -0.138024 0.678000 0.181443
0011 606140 0.017048 0.023178 -0.005747 1500 1500 1500 950 11 624573 0.000000 0.000000 0.000000 0.000000 0.000000 0.000000 0.000000 0011 624756 0.698513 0.661050 0.182445
0011 652405 0.017053 0.023207 -0.005748 1500 1500 1500 950 11 674744 0.000000 0.000000 0.000000 0.000000 0.000000 0.000000 0.000000 0011 674927 1.200467 0.661050 0.179856
0011 705902 0.017059 0.023234 -0.005746 1500 1500 1500 950 11 724701 0.000000 0.000000 0.000000 0.000000 0.000000 0.000000 0.000000 0011 724884 0.949487 0.661050 0.177785
0011 752350 0.017056 0.023252 -0.005744 1500 1500 1500 950 11 774750 0.000000 0.000000 0.000000 0.000000 0.000000 0.000000 0.000000 0011 774964 0.363890 0.661050 0.176128
0011 805786 0.017031 0.023252 -0.005746 1500 1500 1500 950 11 824707 0.000000 0.000000 0.000000 0.000000 0.000000 0.000000 0.000000 0011 824921 0.698513 0.661050 0.174802
0011 852509 0.017054 0.023246 -0.005754 1500 1500 1500 950 11 874787 0.000000 0.000000 0.000000 0.000000 0.000000 0.000000 0.000000 0011 875061 0.949487 0.678000 0.177132
0011 905823 0.017062 0.023240 -0.005731 1500 1500 1500 950 11 924744 0.000000 0.000000 0.000000 0.000000 0.000000 0.000000 0.000000 0011 925141 0.363890 0.661050 0.178995
0011 952362 0.017052 0.023232 -0.005726 1500 1500 1500 950 11 974793 0.000000 0.000000 0.000000 0.000000 0.000000 0.000000 0.000000 0011 975067 -0.138024 0.661050 0.177096
0012 005707 0.017031 0.023213 -0.005729 1500 1500 1500 950 12 24750 0.000000 0.000000 0.000000 0.000000 0.000000 0.000000 0.000000 0012 025147 0.949487 0.661050 0.178967
0012 052338 0.017047 0.023216 -0.005739 1500 1500 1500 950 12 74829 0.000000 0.000000 0.000000 0.000000 0.000000 0.000000 0.000000 0012 075104 0.698513 0.661050 0.180464
0012 106293 0.017039 0.023228 -0.005745 1500 1500 1500 950 12 124726 0.000000 0.000000 0.000000 0.000000 0.000000 0.000000 0.000000 0012 124909 0.698513 0.678000 0.181661
0012 152375 0.017057 0.023250 -0.005708 1500 1500 1500 950 12 174835 0.000000 0.000000 0.000000 0.000000 0.000000 0.000000 0.000000 0012 175110 0.614856 0.661050 0.179229
0012 205780 0.017065 0.023257 -0.005697 1500 1500 1500 950 12 224823 0.000000 0.000000 0.000000 0.000000 0.000000 0.000000 0.000000 0012 225098 -0.138024 0.661050 0.180673
0012 252381 0.017084 0.023265 -0.005730 1500 1500 1500 950 12 274842 0.000000 0.000000 0.000000 0.000000 0.000000 0.000000 0.000000 0012 275116 0.112930 0.661050 0.181828
0012 305878 0.017110 0.023246 -0.005725 1500 1500 1500 950 12 324707 0.000000 0.000000 0.000000 0.000000 0.000000 0.000000 0.000000 0012 324921 0.363890 0.661050 0.182753
0012 352478 0.017098 0.023271 -0.005740 1500 1500 1500 950 12 374756 0.000000 0.000000 0.000000 0.000000 0.000000 0.000000 0.000000 0012 374939 0.698513 0.661050 0.183492
0012 405640 0.017127 0.023272 -0.005764 1500 1500 1500 950 12 424835 0.000000 0.000000 0.000000 0.000000 0.000000 0.000000 0.000000 0012 425110 0.698513 0.661050 0.184084
0012 452393 0.017113 0.023305 -0.005779 1500 1500 1500 950 12 474915 0.000000 0.000000 0.000000 0.000000 0.000000 0.000000 0.000000 0012 475189 0.698513 0.661050 0.181167
0012 505829 0.017137 0.023295 -0.005770 1500 1500 1500 950 12 524933 0.000000 0.000000 0.000000 0.000000 0.000000 0.000000 0.000000 0012 525208 0.363890 0.661050 0.182224
0012 552460 0.017127 0.023288 -0.005768 1500 1500 1500 950 12 575043 0.000000 0.000000 0.000000 0.000000 0.000000 0.000000 0.000000 0012 575226 0.698513 0.661050 0.183069
0012 605835 0.017117 0.023283 -0.005793 1500 1500 1500 950 12 625122 0.000000 0.000000 0.000000 0.000000 0.000000 0.000000 0.000000 0012 625305 0.698513 0.661050 0.180355
0012 652344 0.017120 0.023273 -0.005773 1500 1500 1500 950 12 675232 0.000000 0.000000 0.000000 0.000000 0.000000 0.000000 0.000000 0012 675415 -0.138024 0.661050 0.181574
0012 705872 0.017140 0.023294 -0.005791 1500 1500 1500 950 12 725189 0.000000 0.000000 0.000000 0.000000 0.000000 0.000000 0.000000 0012 725373 -0.388972 0.678000 0.182549
0012 752350 0.017121 0.023299 -0.005808 1500 1500 1500 950 12 775238 0.000000 0.000000 0.000000 0.000000 0.000000 0.000000 0.000000 0012 775452 1.200467 0.661050 0.179939
0012 805481 0.017124 0.023279 -0.005804 1500 1500 1500 950 12 825165 0.000000 0.000000 0.000000 0.000000 0.000000 0.000000 0.000000 0012 825348 -0.138024 0.661050 0.177852
0012 852661 0.017142 0.023286 -0.005810 1500 1500 1500 950 12 875153 0.000000 0.000000 0.000000 0.000000 0.000000 0.000000 0.000000 0012 875366 0.112930 0.661050 0.179571
0012 905823 0.017148 0.023243 -0.005824 1500 1500 1500 950 12 925263 0.000000 0.000000 0.000000 0.000000 0.000000 0.000000 0.000000 0012 925476 -0.138024 0.661050 0.177557
0012 952332 0.017140 0.023237 -0.005846 1500 1500 1500 950 12 975342 0.000000 0.000000 0.000000 0.000000 0.000000 0.000000 0.000000 0012 975525 0.112930 0.661050 0.179336
0013 005615 0.017105 0.023213 -0.005859 1500 1500 1500 950 13 25330 0.000000 0.000000 0.000000 0.000000 0.000000 0.000000 0.000000 0013 025543 -0.890850 0.661050 0.180758
0013 052368 0.017127 0.023220 -0.005859 1500 1500 1500 950 13 75348 0.000000 0.000000 0.000000 0.000000 0.000000 0.000000 0.000000 0013 075531 -0.639914 0.661050 0.181897
0013 104401 0.017118 0.023228 -0.005851 1500 1500 1500 950 13 125427 0.000000 0.000000 0.000000 0.000000 0.000000 0.000000 0.000000 0013 125611 -0.639914 0.661050 0.182807
0013 152405 0.017115 0.023246 -0.005848 1500 1500 1500 950 13 175507 0.000000 0.000000 0.000000 0.000000 0.000000 0.000000 0.000000 0013 175720 0.698513 0.678000 0.183536
0013 205628 0.017125 0.023235 -0.005850 1500 1500 1500 950 13 225434 0.000000 0.000000 0.000000 0.000000 0.000000 0.000000 0.000000 0013 225617 0.363890 0.661050 0.180729
0013 252381 0.017116 0.023202 -0.005882 1500 1500 1500 950 13 275452 0.000000 0.000000 0.000000 0.000000 0.000000 0.000000 0.000000 0013 275635 0.698513 0.661050 0.181873
0013 306031 0.017103 0.023235 -0.005868 1500 1500 1500 950 13 325379 0.000000 0.000000 0.000000 0.000000 0.000000 0.000000 0.000000 0013 325562 -0.639914 0.661050 0.182788
0013 352356 0.017096 0.023234 -0.005874 1500 1500 1500 950 13 375427 0.000000 0.000000 0.000000 0.000000 0.000000 0.000000 0.000000 0013 375641 0.698513 0.661050 0.183521
0013 405670 0.017095 0.023233 -0.005881 1500 1500 1500 950 13 425385 0.000000 0.000000 0.000000 0.000000 0.000000 0.000000 0.000000 0013 425568 -0.890850 0.661050 0.184107
0013 452393 0.017130 0.023245 -0.005918 1500 1500 1500 950 13 475434 0.000000 0.000000 0.000000 0.000000 0.000000 0.000000 0.000000 0013 475617 0.363890 0.661050 0.184575
0013 505982 0.017150 0.023240 -0.005953 1500 1500 1500 950 13 525360 0.000000 0.000000 0.000000 0.000000 0.000000 0.000000 0.000000 0013 525574 0.112930 0.678000 0.184950
0013 552338 0.017127 0.023240 -0.005971 1500 1500 1500 950 13 575318 0.000000 0.000000 0.000000 0.000000 0.000000 0.000000 0.000000 0013 575531 0.363890 0.661050 0.185250
0013 605622 0.017088 0.023258 -0.006003 1500 1500 1500 950 13 625214 0.000000 0.000000 0.000000 0.000000 0.000000 0.000000 0.000000 0013 625397 -0.388972 0.661050 0.182100
0013 652344 0.017121 0.023274 -0.006011 1500 1500 1500 950 13 675324 0.000000 0.000000 0.000000 0.000000 0.000000 0.000000 0.000000 0013 675537 0.698513 0.678000 0.182970
0013 705963 0.017121 0.023294 -0.006008 1500 1500 1500 950 13 725189 0.000000 0.000000 0.000000 0.000000 0.000000 0.000000 0.000000 0013 725403 0.698513 0.678000 0.183666
0013 752320 0.017111 0.023308 -0.006019 1500 1500 1500 950 13 775208 0.000000 0.000000 0.000000 0.000000 0.000000 0.000000 0.000000 0013 775421 0.363890 0.661050 0.180833
0013 805603 0.017168 0.023302 -0.006015 1500 1500 1500 950 13 825287 0.000000 0.000000 0.000000 0.000000 0.000000 0.000000 0.000000 0013 825501 0.112930 0.661050 0.181956
0013 852478 0.017167 0.023261 -0.006021 1500 1500 1500 950 13 875336 0.000000 0.000000 0.000000 0.000000 0.000000 0.000000 0.000000 0013 875611 -0.890850 0.661050 0.182855
0013 904389 0.017136 0.023273 -0.006021 1500 1500 1500 950 13 925354 0.000000 0.000000 0.000000 0.000000 0.000000 0.000000 0.000000 0013 925568 -0.138024 0.678000 0.183574
0013 952332 0.017099 0.023248 -0.006034 1500 1500 1500 950 13 975464 0.000000 0.000000 0.000000 0.000000 0.000000 0.000000 0.000000 0013 975647 0.112930 0.661050 0.180759
0014 005768 0.017089 0.023216 -0.006052 1500 1500 1500 950 14 25574 0.000000 0.000000 0.000000 0.000000 0.000000 0.000000 0.000000 0014 025757 0.698513 0.661050 0.181897
0014 052368 0.017074 0.023215 -0.006061 1500 1500 1500 950 14 75470 0.000000 0.000000 0.000000 0.000000 0.000000 0.000000 0.000000 0014 075684 0.112930 0.661050 0.182808
0014 104309 0.017108 0.023202 -0.006049 1500 1500 1500 950 14 125489 0.000000 0.000000 0.000000 0.000000 0.000000 0.000000 0.000000 0014 125672 0.447545 0.661050 0.180146
0014 152344 0.017096 0.023190 -0.006062 1500 1500 1500 950 14 175598 0.000000 0.000000 0.000000 0.000000 0.000000 0.000000 0.000000 0014 175781 0.949487 0.661050 0.181407
0014 205750 0.017090 0.023163 -0.006035 1500 1500 1500 950 14 225739 0.000000 0.000000 0.000000 0.000000 0.000000 0.000000 0.000000 0014 226013 0.112930 0.661050 0.182416
0014 252350 0.017099 0.023152 -0.006037 1500 1500 1500 950 14 275818 0.000000 0.000000 0.000000 0.000000 0.000000 0.000000 0.000000 0014 276062 -0.138024 0.661050 0.179833
0014 305939 0.017051 0.023139 -0.006033 1500 1500 1500 950 14 325775 0.000000 0.000000 0.000000 0.000000 0.000000 0.000000 0.000000 0014 326050 1.200467 0.661050 0.177766
0014 352356 0.017067 0.023161 -0.006034 1500 1500 1500 950 14 375824 0.000000 0.000000 0.000000 0.000000 0.000000 0.000000 0.000000 0014 376068 0.112930 0.661050 0.179503
0014 405609 0.017061 0.023161 -0.006040 1500 1500 1500 950 14 425690 0.000000 0.000000 0.000000 0.000000 0.000000 0.000000 0.000000 0014 425965 -0.138024 0.678000 0.180892
0014 452301 0.017070 0.023144 -0.006065 1500 1500 1500 950 14 475739 0.000000 0.000000 0.000000 0.000000 0.000000 0.000000 0.000000 0014 476013 -0.138024 0.661050 0.178614
0014 505890 0.017098 0.023151 -0.006040 1500 1500 1500 950 14 525818 0.000000 0.000000 0.000000 0.000000 0.000000 0.000000 0.000000 0014 526062 -0.138024 0.661050 0.176791
0014 552307 0.017115 0.023151 -0.006071 1500 1500 1500 950 14 575897 0.000000 0.000000 0.000000 0.000000 0.000000 0.000000 0.000000 0014 576081 0.112930 0.661050 0.175333
0014 605805 0.017129 0.023126 -0.006073 1500 1500 1500 950 14 626007 0.000000 0.000000 0.000000 0.000000 0.000000 0.000000 0.000000 0014 626251 0.112930 0.678000 0.177556
0014 652466 0.017156 0.023125 -0.006075 1500 1500 1500 950 14 676026 0.000000 0.000000 0.000000 0.000000 0.000000 0.000000 0.000000 0014 676239 -0.388972 0.661050 0.179335
0014 705780 0.017167 0.023170 -0.006093 1500 1500 1500 950 14 726013 0.000000 0.000000 0.000000 0.000000 0.000000 0.000000 0.000000 0014 726258 0.363890 0.661050 0.180758
0014 752381 0.017166 0.023178 -0.006101 1500 1500 1500 950 14 776001 0.000000 0.000000 0.000000 0.000000 0.000000 0.000000 0.000000 0014 776215 0.112930 0.661050 0.178506
0014 805573 0.017166 0.023177 -0.006096 1500 1500 1500 950 14 826020 0.000000 0.000000 0.000000 0.000000 0.000000 0.000000 0.000000 0014 826233 0.698513 0.678000 0.180095
0014 852600 0.017201 0.023173 -0.006116 1500 1500 1500 950 14 876068 0.000000 0.000000 0.000000 0.000000 0.000000 0.000000 0.000000 0014 876282 -0.388972 0.661050 0.181366
0014 905915 0.017178 0.023166 -0.006133 1500 1500 1500 950 14 926026 0.000000 0.000000 0.000000 0.000000 0.000000 0.000000 0.000000 0014 926239 0.363890 0.678000 0.182383
0014 952332 0.017171 0.023175 -0.006143 1500 1500 1500 950 14 976013 0.000000 0.000000 0.000000 0.000000 0.000000 0.000000 0.000000 0014 976227 0.112930 0.661050 0.183196
0015 005615 0.017184 0.023205 -0.006133 1500 1500 1500 950 15 26032 0.000000 0.000000 0.000000 0.000000 0.000000 0.000000 0.000000 0015 026215 -0.388972 0.678000 0.183847
0015 052338 0.017186 0.023184 -0.006129 1500 1500 1500 950 15 75959 0.000000 0.000000 0.000000 0.000000 0.000000 0.000000 0.000000 0015 076172 0.698513 0.661050 0.184368
0015 105988 0.017211 0.023177 -0.006119 1500 1500 1500 950 15 125977 0.000000 0.000000 0.000000 0.000000 0.000000 0.000000 0.000000 0015 126190 0.698513 0.661050 0.184784
0015 152313 0.017230 0.023186 -0.006127 1500 1500 1500 950 15 175934 0.000000 0.000000 0.000000 0.000000 0.000000 0.000000 0.000000 0015 176209 0.112930 0.661050 0.181727
0015 205719 0.017236 0.023144 -0.006113 1500 1500 1500 950 15 225983 0.000000 0.000000 0.000000 0.000000 0.000000 0.000000 0.000000 0015 226227 0.698513 0.661050 0.182672
0015 252320 0.017241 0.023160 -0.006122 1500 1500 1500 950 15 276062 0.000000 0.000000 0.000000 0.000000 0.000000 0.000000 0.000000 0015 276245 0.698513 0.661050 0.183427
0015 304230 0.017241 0.023172 -0.006125 1500 1500 1500 950 15 325989 0.000000 0.000000 0.000000 0.000000 0.000000 0.000000 0.000000 0015 326172 -0.138024 0.678000 0.184032
0015 352265 0.017251 0.023131 -0.006123 1500 1500 1500 950 15 376007 0.000000 0.000000 0.000000 0.000000 0.000000 0.000000 0.000000 0015 376190 0.698513 0.661050 0.181126
0015 405579 0.017229 0.023119 -0.006136 1500 1500 1500 950 15 425995 0.000000 0.000000 0.000000 0.000000 0.000000 0.000000 0.000000 0015 426209 0.698513 0.661050 0.182190
0015 452271 0.017248 0.023107 -0.006148 1500 1500 1500 950 15 476013 0.000000 0.000000 0.000000 0.000000 0.000000 0.000000 0.000000 0015 476227 -0.890850 0.661050 0.179652
0015 506012 0.017269 0.023122 -0.006160 1500 1500 1500 950 15 525971 0.000000 0.000000 0.000000 0.000000 0.000000 0.000000 0.000000 0015 526306 0.112930 0.678000 0.181012
0015 552277 0.017264 0.023118 -0.006160 1500 1500 1500 950 15 576020 0.000000 0.000000 0.000000 0.000000 0.000000 0.000000 0.000000 0015 576203 1.451453 0.678000 0.182100
0015 605561 0.017264 0.023111 -0.006154 1500 1500 1500 950 15 625946 0.000000 0.000000 0.000000 0.000000 0.000000 0.000000 0.000000 0015 626251 0.698513 0.661050 0.182970
0015 652283 0.017228 0.023102 -0.006162 1500 1500 1500 950 15 676026 0.000000 0.000000 0.000000 0.000000 0.000000 0.000000 0.000000 0015 676239 1.451453 0.678000 0.183666
0015 705780 0.017225 0.023107 -0.006183 1500 1500 1500 950 15 726044 0.000000 0.000000 0.000000 0.000000 0.000000 0.000000 0.000000 0015 726288 0.363890 0.661050 0.184223
0015 752289 0.017234 0.023122 -0.006198 1500 1500 1500 950 15 776001 0.000000 0.000000 0.000000 0.000000 0.000000 0.000000 0.000000 0015 776215 -0.138024 0.661050 0.184668
0015 805573 0.017229 0.023102 -0.006199 1500 1500 1500 950 15 826081 0.000000 0.000000 0.000000 0.000000 0.000000 0.000000 0.000000 0015 826264 0.949487 0.661050 0.181634
0015 852478 0.017244 0.023054 -0.006207 1500 1500 1500 950 15 876007 0.000000 0.000000 0.000000 0.000000 0.000000 0.000000 0.000000 0015 876221 0.112930 0.661050 0.182598
0015 904297 0.017237 0.023053 -0.006208 1500 1500 1500 950 15 926056 0.000000 0.000000 0.000000 0.000000 0.000000 0.000000 0.000000 0015 926270 0.363890 0.661050 0.183368
0015 952301 0.017201 0.023058 -0.006203 1500 1500 1500 950 15 976044 0.000000 0.000000 0.000000 0.000000 0.000000 0.000000 0.000000 0015 976227 0.112930 0.661050 0.180594
0016 005615 0.017207 0.023050 -0.006192 1500 1500 1500 950 16 26062 0.000000 0.000000 0.000000 0.000000 0.000000 0.000000 0.000000 0016 026245 0.112930 0.661050 0.181766
0016 052307 0.017214 0.023057 -0.006203 1500 1500 1500 950 16 76020 0.000000 0.000000 0.000000 0.000000 0.000000 0.000000 0.000000 0016 076203 -0.138024 0.661050 0.179312
0016 104309 0.017222 0.023045 -0.006208 1500 1500 1500 950 16 125977 0.000000 0.000000 0.000000 0.000000 0.000000 0.000000 0.000000 0016 126160 0.363890 0.661050 0.177350
0016 152313 0.017235 0.023017 -0.006231 1500 1500 1500 950 16 176087 0.000000 0.000000 0.000000 0.000000 0.000000 0.000000 0.000000 0016 176270 0.363890 0.661050 0.175780
0016 205597 0.017225 0.023056 -0.006250 1500 1500 1500 950 16 226105 0.000000 0.000000 0.000000 0.000000 0.000000 0.000000 0.000000 0016 226319 0.698513 0.661050 0.177914
0016 252289 0.017230 0.023031 -0.006266 1500 1500 1500 950 16 276184 0.000000 0.000000 0.000000 0.000000 0.000000 0.000000 0.000000 0016 276398 0.363890 0.661050 0.179621
0016 305908 0.017223 0.022959 -0.006302 1500 1500 1500 950 16 326203 0.000000 0.000000 0.000000 0.000000 0.000000 0.000000 0.000000 0016 326447 0.949487 0.661050 0.177597
0016 352295 0.017236 0.023021 -0.006308 1500 1500 1500 950 16 376190 0.000000 0.000000 0.000000 0.000000 0.000000 0.000000 0.000000 0016 376374 0.698513 0.661050 0.175978
0016 405579 0.017245 0.023235 -0.006325 1500 1500 1500 950 16 426239 0.000000 0.000000 0.000000 0.000000 0.000000 0.000000 0.000000 0016 426422 0.112930 0.661050 0.178072
0016 452393 0.017224 0.023345 -0.006334 1500 1500 1500 950 16 476197 0.000000 0.000000 0.000000 0.000000 0.000000 0.000000 0.000000 0016 476410 0.698513 0.661050 0.176358
0016 505799 0.017249 0.023220 -0.006282 1500 1500 1500 950 16 526215 0.000000 0.000000 0.000000 0.000000 0.000000 0.000000 0.000000 0016 526428 -0.388972 0.661050 0.174986
0016 552338 0.017272 0.022952 -0.006275 1500 1500 1500 950 16 576081 0.000000 0.000000 0.000000 0.000000 0.000000 0.000000 0.000000 0016 576294 0.363890 0.661050 0.173889
0016 605774 0.017217 0.022789 -0.006273 1500 1500 1500 950 16 626068 0.000000 0.000000 0.000000 0.000000 0.000000 0.000000 0.000000 0016 626313 0.112930 0.661050 0.173011
0016 652313 0.017244 0.022769 -0.006303 1500 1500 1500 950 16 676117 0.000000 0.000000 0.000000 0.000000 0.000000 0.000000 0.000000 0016 676331 0.698513 0.678000 0.175699
0016 705872 0.017247 0.022499 -0.006301 1500 1500 1500 950 16 726105 0.000000 0.000000 0.000000 0.000000 0.000000 0.000000 0.000000 0016 726349 0.949487 0.661050 0.177849
0016 753876 0.017230 0.022570 -0.006197 1500 1500 1500 950 16 776184 0.000000 0.000000 0.000000 0.000000 0.000000 0.000000 0.000000 0016 776367 0.112930 0.661050 0.179569
0016 805542 0.017296 0.022830 -0.006268 1500 1500 1500 950 16 826416 0.000000 0.000000 0.000000 0.000000 0.000000 0.000000 0.000000 0016 826599 -0.388972 0.661050 0.180945
0016 852509 0.017218 0.022710 -0.006363 1500 1500 1500 950 16 876465 0.000000 0.000000 0.000000 0.000000 0.000000 0.000000 0.000000 0016 876648 1.200467 0.678000 0.182046
0016 905854 0.017323 0.022598 -0.006246 1500 1500 1500 950 16 926636 0.000000 0.000000 0.000000 0.000000 0.000000 0.000000 0.000000 0016 926880 -0.138024 0.661050 0.179537
0016 952271 0.017235 0.022421 -0.006284 1500 1500 1500 950 16 976624 0.000000 0.000000 0.000000 0.000000 0.000000 0.000000 0.000000 0016 976898 0.698513 0.661050 0.180920
0017 005554 0.017321 0.022251 -0.006365 1500 1500 1500 950 17 26764 0.000000 0.000000 0.000000 0.000000 0.000000 0.000000 0.000000 0017 026978 0.112930 0.661050 0.182026
0017 052368 0.017298 0.022284 -0.006196 1500 1500 1500 950 17 76813 0.000000 0.000000 0.000000 0.000000 0.000000 0.000000 0.000000 0017 077027 0.698513 0.661050 0.179521
0017 105927 0.017345 0.022301 -0.006270 1500 1500 1500 950 17 126892 0.000000 0.000000 0.000000 0.000000 0.000000 0.000000 0.000000 0017 127075 0.112930 0.661050 0.180906
0017 152283 0.017314 0.022574 -0.006334 1500 1500 1500 950 17 176880 0.000000 0.000000 0.000000 0.000000 0.000000 0.000000 0.000000 0017 177094 -0.138024 0.661050 0.182015
0017 205536 0.017355 0.022489 -0.006264 1500 1500 1500 950 17 226929 0.000000 0.000000 0.000000 0.000000 0.000000 0.000000 0.000000 0017 227112 0.363890 0.661050 0.182902
0017 252259 0.017366 0.021939 -0.006241 1500 1500 1500 950 17 276917 0.000000 0.000000 0.000000 0.000000 0.000000 0.000000 0.000000 0017 277100 0.698513 0.678000 0.183612
0017 305969 0.017387 0.022019 -0.006132 1500 1500 1500 950 17 326905 0.000000 0.000000 0.000000 0.000000 0.000000 0.000000 0.000000 0017 327088 0.363890 0.661050 0.184179
0017 352204 0.017363 0.022210 -0.006279 1500 1500 1500 950 17 376892 0.000000 0.000000 0.000000 0.000000 0.000000 0.000000 0.000000 0017 377075 0.112930 0.661050 0.184633
0017 405426 0.017398 0.022152 -0.006304 1500 1500 1500 950 17 426911 0.000000 0.000000 0.000000 0.000000 0.000000 0.000000 0.000000 0017 427094 -0.138024 0.678000 0.184997
0017 452240 0.017380 0.022347 -0.006120 1500 1500 1500 950 17 476868 0.000000 0.000000 0.000000 0.000000 0.000000 0.000000 0.000000 0017 477082 0.363890 0.661050 0.185287
0017 506104 0.017433 0.022250 -0.006262 1500 1500 1500 1548 17 526886 0.000000 0.000000 0.000000 0.000000 0.000000 0.050000 -3.006617 0017 527100 0.949487 0.661050 0.182130
0017 552307 0.017387 0.022310 -0.006265 1500 1500 1500 1576 17 576874 0.001388 0.000009 0.000000 0.000000 0.000000 0.100000 -1.059875 0017 577179 0.112930 0.678000 0.182994
0017 605591 0.017427 0.022264 -0.006181 1500 1500 1500 1595 17 626892 0.001388 0.000009 0.000000 0.000000 0.000000 0.150000 0.334048 0017 627075 0.363890 0.661050 0.183685
0017 652252 0.017466 0.021914 -0.006245 1500 1500 1500 1608 17 676880 0.005063 0.000032 0.000000 0.000000 0.000000 0.200000 1.340305 0017 677094 1.200467 0.678000 0.184238
0017 705841 0.017632 0.021996 -0.006055 1500 1500 1500 1616 17 726898 0.005063 0.000032 0.000000 0.000000 0.000000 0.250000 2.074645 0017 727082 0.949487 0.661050 0.184681
0017 752259 0.018261 0.021677 -0.005675 1500 1500 1500 1623 17 776886 0.010989 0.000068 0.000000 0.000000 0.000000 0.300000 2.618201 0017 777069 1.200467 0.661050 0.185034
0017 805573 0.018417 0.020648 -0.004950 1500 1500 1500 1629 17 826905 0.010989 0.000068 0.000000 0.000000 0.000000 0.350000 3.104994 0017 827088 0.112930 0.661050 0.181928
0017 852448 0.019161 0.018355 -0.003961 1500 1500 1500 1633 17 876953 0.019132 0.000114 0.000000 0.000000 0.000000 0.400000 3.461084 0017 877136 0.363890 0.661050 0.179442
0017 904206 0.020144 0.015365 -0.002785 1500 1500 1500 1635 17 927063 0.019132 0.000114 0.000000 0.000000 0.000000 0.450000 3.651025 0017 927246 0.112930 0.661050 0.180844
0017 952271 0.020114 0.012051 -0.001650 1500 1500 1500 1637 17 977448 0.029458 0.000166 0.000000 0.000000 0.000000 0.500000 3.817335 0017 977631 0.112930 0.661050 0.181965
0018 005554 0.018482 0.009261 -0.000725 1500 1500 1500 1639 18 27527 0.029458 0.000166 0.000000 0.000000 0.000000 0.550000 4.043121 0018 027802 -0.138024 0.661050 0.179472
0018 052246 0.016594 0.007096 0.000092 1500 1500 1500 1640 18 77606 0.041933 0.000218 0.000000 0.000000 0.000000 0.600000 4.141821 0018 077881 0.949487 0.661050 0.180868
0018 105927 0.018157 0.003250 0.000556 1500 1500 1500 1642 18 127564 0.041933 0.000218 0.000000 0.000000 0.000000 0.650000 4.244237 0018 127838 -0.388972 0.678000 0.181984
0018 152222 0.022013 -0.003978 0.000463 1500 1500 1500 1643 18 177552 0.056523 0.000269 0.000000 0.000000 0.000000 0.700000 4.348140 0018 177826 1.451453 0.678000 0.182877
0018 205506 0.023364 -0.011154 -0.000098 1500 1500 1500 1643 18 227631 0.056523 0.000269 0.000000 0.000000 0.000000 0.750000 4.375052 0018 227875 0.698513 0.678000 0.186982
0018 252228 0.022477 -0.010159 -0.000688 1500 1500 1500 1644 18 277619 0.073196 0.000319 0.000000 0.000000 0.000000 0.800000 4.438042 0018 277893 0.112930 0.661050 0.190265
0018 305786 0.021117 -0.002442 -0.001159 1500 1500 1500 1643 18 327759 0.073196 0.000319 0.000000 0.000000 0.000000 0.850000 4.368728 0018 327942 0.112930 0.661050 0.199672
0018 352539 0.021243 0.005807 -0.001450 1500 1500 1500 1643 18 377777 0.091920 0.000372 0.000000 0.000000 0.000000 0.900000 4.308408 0018 377991 0.363890 0.678000 0.210588
0018 405548 0.021726 0.009742 -0.001617 1500 1500 1500 1641 18 427887 0.091920 0.000372 0.000000 0.000000 0.000000 0.950000 4.106135 0018 428070 0.112930 0.661050 0.229490
0018 452301 0.020043 0.012288 -0.001648 1500 1500 1500 1641 18 477844 0.112662 0.000427 0.000000 0.000000 0.000000 1.000000 4.067828 0018 478058 0.112930 0.661050 0.244612
0018 505829 0.016872 0.015993 -0.001526 1500 1500 1500 1632 18 527832 0.112662 0.000427 0.000000 0.000000 0.000000 1.000000 3.266720 0018 528015 1.200467 0.661050 0.244612
0018 552277 0.015066 0.022673 -0.001264 1500 1500 1500 1626 18 577881 0.135393 0.000484 0.000000 0.000000 0.000000 1.000000 2.705944 0018 578064 0.363890 0.661050 0.244612
0018 605530 0.016302 0.031717 -0.000926 1500 1500 1500 1622 18 627930 0.135393 0.000484 0.000000 0.000000 0.000000 1.000000 2.313401 0018 628113 1.702445 0.644100 0.244612
0018 652222 0.017888 0.036132 -0.000436 1500 1500 1500 1619 18 677857 0.160080 0.000543 0.000000 0.000000 0.000000 1.000000 2.038621 0018 678070 0.949487 0.644100 0.244612
0018 705811 0.018961 0.033271 0.000139 1500 1500 1500 1617 18 727875 0.160080 0.000543 0.000000 0.000000 0.000000 1.000000 1.846275 0018 728089 0.698513 0.627150 0.244612
0018 752259 0.020890 0.029940 0.000726 1500 1500 1500 1615 18 777832 0.186695 0.000600 0.000000 0.000000 0.000000 1.000000 1.711633 0018 778046 0.112930 0.627150 0.244612
0018 805542 0.023333 0.027322 0.001231 1500 1500 1500 1615 18 827881 0.186695 0.000600 0.000000 0.000000 0.000000 1.000000 1.617383 0018 828064 0.949487 0.610200 0.244612
0018 852600 0.027770 0.026175 0.001668 1500 1500 1500 1614 18 877869 0.215206 0.000653 0.000000 0.000000 0.000000 1.000000 1.551408 0018 878052 1.451453 0.644100 0.244612
0018 904145 0.032295 0.026813 0.001935 1500 1500 1500 1614 18 927857 0.215206 0.000653 0.000000 0.000000 0.000000 1.000000 1.505226 0018 928070 1.451453 0.644100 0.244612
0018 952332 0.034227 0.026225 0.001889 1500 1500 1500 1613 18 977844 0.245585 0.000701 0.000000 0.000000 0.000000 1.000000 1.472898 0018 978058 1.200467 0.864450 0.244612
0019 005493 0.033861 0.023364 0.001506 1500 1500 1500 1613 19 27893 0.245585 0.000701 0.000000 0.000000 0.000000 1.000000 1.450269 0019 028076 0.949487 0.864450 0.244612
0019 052338 0.033522 0.017678 0.000874 1500 1500 1500 1613 19 77881 0.277803 0.000745 0.000000 0.000000 0.000000 1.000000 1.434429 0019 078064 0.949487 0.779700 0.244612
0019 105866 0.032886 0.011147 0.000049 1500 1500 1500 1613 19 127930 0.277803 0.000745 0.000000 0.000000 0.000000 1.000000 1.423340 0019 128144 0.363890 0.779700 0.244612
0019 152252 0.030624 0.005502 -0.000723 1500 1500 1500 1614 19 177857 0.311831 0.000789 0.000000 0.000000 0.000000 1.000000 1.415578 0019 178040 1.200467 0.779700 0.244612
0019 205475 0.025172 0.000926 -0.001389 1500 1500 1500 1614 19 227906 0.311831 0.000789 0.000000 0.000000 0.000000 1.000000 1.410145 0019 228119 2.204447 0.779700 0.244612
0019 252198 0.018622 -0.002888 -0.001804 1500 1500 1500 1614 19 277893 0.347642 0.000836 0.000000 0.000000 0.000000 1.000000 1.406342 0019 278076 1.200467 0.796650 0.244612
0019 305878 0.013772 -0.008367 -0.001955 1500 1500 1500 1614 19 327912 0.347642 0.000836 0.000000 0.000000 0.000000 1.000000 1.403679 0019 328125 1.200467 0.796650 0.244612
0019 352204 0.011022 -0.013825 -0.001945 1500 1500 1500 1614 19 377930 0.385207 0.000886 0.000000 0.000000 0.000000 1.000000 1.401816 0019 378113 1.702445 0.796650 0.244612
0019 405548 0.012191 -0.012156 -0.002053 1500 1500 1500 1615 19 427887 0.385207 0.000886 0.000000 0.000000 0.000000 1.000000 1.400511 0019 428070 0.949487 0.796650 0.244612
0019 452240 0.015109 -0.003640 -0.002223 1500 1500 1500 1615 19 477844 0.424500 0.000940 0.000000 0.000000 0.000000 1.000000 1.399598 0019 478028 0.949487 0.813600 0.244612
0019 504334 0.018196 0.007272 -0.002364 1500 1500 1500 1615 19 527893 0.424500 0.000940 0.000000 0.000000 0.000000 1.000000 1.398959 0019 528107 1.451453 0.830550 0.244612
0019 553864 0.022698 0.016809 -0.002373 1500 1500 1500 1615 19 577851 0.465494 0.000998 0.000000 0.000000 0.000000 1.000000 1.398511 0019 578064 1.200467 0.830550 0.244612
0019 605500 0.027991 0.023320 -0.002199 1500 1500 1500 1615 19 627777 0.465494 0.000998 0.000000 0.000000 0.000000 1.000000 1.398198 0019 627960 1.953443 0.830550 0.244612
0019 652161 0.031260 0.028042 -0.001971 1500 1500 1500 1616 19 677704 0.508163 0.001061 0.000000 0.000000 0.000000 1.000000 1.397979 0019 677918 1.702445 0.830550 0.244612
0019 704132 0.031113 0.033240 -0.001860 1500 1500 1500 1616 19 727814 0.508163 0.001061 0.000000 0.000000 0.000000 1.000000 1.397825 0019 727997 2.204447 0.830550 0.244612
0019 752136 0.029793 0.039684 -0.001809 1500 1500 1500 1616 19 777741 0.552481 0.001127 0.000000 0.000000 0.000000 1.000000 1.397718 0019 777954 0.949487 0.847500 0.244612
0019 805481 0.028733 0.045723 -0.001815 1500 1500 1500 1616 19 827790 0.552481 0.001127 0.000000 0.000000 0.000000 1.000000 1.397643 0019 827973 0.112930 0.830550 0.244612
0019 852326 0.027488 0.047540 -0.001894 1500 1500 1500 1616 19 877869 0.598421 0.001196 0.000000 0.000000 0.000000 1.000000 1.397590 0019 878052 1.200467 0.830550 0.244612
0019 904145 0.023682 0.044411 -0.001970 1500 1500 1500 1617 19 927979 0.598421 0.001196 0.000000 0.000000 0.000000 1.000000 1.397553 0019 928162 1.702445 0.830550 0.244612
0019 952149 0.019246 0.038800 -0.001986 1500 1500 1500 1617 19 977967 0.645961 0.001269 0.000000 0.000000 0.000000 1.000000 1.397528 0019 978150 1.953443 0.864450 0.244612
0020 005493 0.016907 0.032684 -0.001927 1500 1500 1500 1617 20 27985 0.645961 0.001269 0.000000 0.000000 0.000000 1.000000 1.397509 0020 028198 1.200467 0.847500 0.244612
0020 052124 0.015548 0.027479 -0.001808 1500 1500 1500 1617 20 78095 0.695073 0.001345 0.000000 0.000000 0.000000 1.000000 1.397497 0020 078278 1.953443 0.847500 0.244612
0020 105866 0.015222 0.022783 -0.001697 1500 1500 1500 1617 20 128205 0.695073 0.001345 0.000000 0.000000 0.000000 1.000000 1.397488 0020 128418 2.204447 0.847500 0.244612
0020 152130 0.016001 0.016219 -0.001610 1500 1500 1500 1618 20 178284 0.745735 0.001423 0.000000 0.000000 0.000000 1.000000 1.397482 0020 178467 1.702445 0.830550 0.244612
0020 205506 0.018086 0.008075 -0.001527 1500 1500 1500 1618 20 228363 0.745735 0.001423 0.000000 0.000000 0.000000 1.000000 1.397477 0020 228607 0.949487 0.830550 0.244612
0020 252167 0.021365 0.001186 -0.001484 1500 1500 1500 1618 20 278412 0.797922 0.001504 0.000000 0.000000 0.000000 1.000000 1.397474 0020 278687 1.702445 0.847500 0.244612
0020 305756 0.024300 -0.002636 -0.001515 1500 1500 1500 1618 20 328522 0.797922 0.001504 0.000000 0.000000 0.000000 1.000000 1.397472 0020 328766 0.614856 0.830550 0.244612
0020 352265 0.027251 -0.004219 -0.001615 1500 1500 1500 1619 20 378510 0.851611 0.001588 0.000000 0.000000 0.000000 1.000000 1.397471 0020 378784 0.949487 0.847500 0.244612
0020 405487 0.029399 -0.003824 -0.001762 1500 1500 1500 1619 20 428528 0.851611 0.001588 0.000000 0.000000 0.000000 1.000000 1.397470 0020 428772 1.200467 0.830550 0.244612
0020 452210 0.028789 -0.001712 -0.001891 1500 1500 1500 1619 20 478577 0.906778 0.001674 0.000000 0.000000 0.000000 1.000000 1.397469 0020 478791 1.451453 0.847500 0.244612
0020 504273 0.026940 0.001225 -0.001971 1500 1500 1500 1619 20 528595 0.906778 0.001674 0.000000 0.000000 0.000000 1.000000 1.397469 0020 528809 1.451453 0.847500 0.244612
0020 552185 0.025399 0.004721 -0.001997 1500 1500 1500 1619 20 578644 0.963401 0.001763 0.000000 0.000000 0.000000 1.000000 1.397468 0020 578827 1.953443 0.830550 0.244612
0020 605805 0.022266 0.009070 -0.001888 1500 1500 1500 1620 20 628784 0.963401 0.001763 0.000000 0.000000 0.000000 1.000000 1.397468 0020 628998 1.200467 0.847500 0.244612
0020 652191 0.018095 0.013967 -0.001618 1500 1500 1500 1620 20 678742 1.021457 0.001855 0.000000 0.000000 0.000000 1.000000 1.397468 0020 678925 0.949487 0.847500 0.244612
0020 705750 0.015994 0.018531 -0.001245 1500 1500 1500 1620 20 728760 1.021457 0.001855 0.000000 0.000000 0.000000 1.000000 1.397468 0020 728974 1.702445 0.847500 0.244612
0020 752198 0.015718 0.022693 -0.000939 1500 1500 1500 1620 20 778778 1.080924 0.001949 0.000000 0.000000 0.000000 1.000000 1.397468 0020 778961 1.702445 0.847500 0.244612
0020 805451 0.015797 0.026398 -0.000753 1500 1500 1500 1620 20 828766 1.080924 0.001949 0.000000 0.000000 0.000000 1.000000 1.397468 0020 828980 1.451453 0.847500 0.244612
0020 852326 0.016981 0.029738 -0.000747 1500 1500 1500 1621 20 878784 1.141780 0.002043 0.000000 0.000000 0.000000 1.000000 1.397467 0020 878998 2.455457 0.847500 0.244612
0020 905731 0.019790 0.032131 -0.000849 1500 1500 1500 1621 20 928772 1.141780 0.002043 0.000000 0.000000 0.000000 1.000000 1.397467 0020 928955 1.451453 0.881400 0.244612
0020 952149 0.023140 0.032849 -0.000991 1500 1500 1500 1621 20 978729 1.204004 0.002137 0.000000 0.000000 0.000000 1.000000 1.397467 0020 978913 1.953443 0.864450 0.244612
0021 005432 0.025770 0.031500 -0.001159 1500 1500 1500 1621 21 28778 1.204004 0.002137 0.000000 0.000000 0.000000 1.000000 1.397467 0021 028961 0.949487 0.847500 0.244612
0021 052216 0.027639 0.029014 -0.001353 1500 1500 1500 1621 21 78858 1.267574 0.002233 0.000000 0.000000 0.000000 1.000000 1.397467 0021 079041 1.451453 0.847500 0.244612
0021 105866 0.028539 0.026115 -0.001510 1500 1500 1500 1622 21 128845 1.267574 0.002233 0.000000 0.000000 0.000000 1.000000 1.397467 0021 129059 1.702445 0.864450 0.244612
0021 152161 0.027982 0.022461 -0.001717 1500 1500 1500 1622 21 178772 1.332470 0.002331 0.000000 0.000000 0.000000 1.000000 1.397467 0021 178986 0.949487 0.864450 0.244612
0021 205475 0.026175 0.017747 -0.001903 1500 1500 1500 1622 21 228760 1.332470 0.002331 0.000000 0.000000 0.000000 1.000000 1.397467 0021 228974 0.614856 0.847500 0.244612
0021 252136 0.023860 0.012908 -0.002072 1500 1500 1500 1622 21 278778 1.398671 0.002432 0.000000 0.000000 0.000000 1.000000 1.397467 0021 278992 0.949487 0.864450 0.244612
0021 305725 0.020613 0.008649 -0.002194 1500 1500 1500 1622 21 328766 1.398671 0.002432 0.000000 0.000000 0.000000 1.000000 1.397467 0021 328949 1.702445 0.847500 0.244612
0021 352143 0.017633 0.005863 -0.002290 1500 1500 1500 1623 21 378754 1.466157 0.002536 0.000000 0.000000 0.000000 1.000000 1.397467 0021 378937 0.363890 0.830550 0.244612
0021 405457 0.016172 0.005204 -0.002432 1500 1500 1500 1623 21 428772 1.466157 0.002536 0.000000 0.000000 0.000000 1.000000 1.397467 0021 428955 0.949487 0.847500 0.244612
0021 452118 0.015774 0.005791 -0.002588 1500 1500 1500 1623 21 478729 1.534908 0.002645 0.000000 0.000000 0.000000 1.000000 1.397467 0021 478913 0.614856 0.830550 0.244612
0021 504181 0.015854 0.006412 -0.002685 1500 1500 1500 1623 21 528778 1.534908 0.002645 0.000000 0.000000 0.000000 1.000000 1.397467 0021 528961 1.702445 0.847500 0.244612
0021 552155 0.017370 0.006663 -0.002661 1500 1500 1500 1623 21 578980 1.604905 0.002757 0.000000 0.000000 0.000000 1.000000 1.397467 0021 579163 1.200467 0.847500 0.244612
0021 605438 0.019825 0.007470 -0.002551 1500 1500 1500 1624 21 629059 1.604905 0.002757 0.000000 0.000000 0.000000 1.000000 1.397467 0021 629425 1.200467 0.830550 0.244612
0021 652161 0.021882 0.009381 -0.002456 1500 1500 1500 1624 21 679108 1.676128 0.002874 0.000000 0.000000 0.000000 1.000000 1.397467 0021 679291 0.614856 0.847500 0.244612
0021 705902 0.023964 0.012638 -0.002387 1500 1500 1500 1624 21 729096 1.676128 0.002874 0.000000 0.000000 0.000000 1.000000 1.397467 0021 729279 0.112930 0.830550 0.244612
0021 752136 0.025435 0.017069 -0.002408 1500 1500 1500 1624 21 779145 1.748559 0.002995 0.000000 0.000000 0.000000 1.000000 1.397467 0021 779480 1.200467 0.847500 0.244612
0021 805603 0.025705 0.021274 -0.002540 1500 1500 1500 1624 21 829193 1.748559 0.002995 0.000000 0.000000 0.000000 1.000000 1.397467 0021 829376 0.614856 0.847500 0.244612
0021 852356 0.025434 0.024270 -0.002676 1500 1500 1500 1625 21 879212 1.822178 0.003120 0.000000 0.000000 0.000000 1.000000 1.397467 0021 879395 0.614856 0.847500 0.244612
0021 904114 0.024221 0.025552 -0.002708 1500 1500 1500 1625 21 929169 1.822178 0.003120 0.000000 0.000000 0.000000 1.000000 1.397467 0021 929352 1.451453 0.864450 0.244612
0021 952118 0.022228 0.025314 -0.002622 1500 1500 1500 1625 21 979248 1.896968 0.003249 0.000000 0.000000 0.000000 1.000000 1.397467 0021 979462 0.614856 0.847500 0.244612
0022 005463 0.020832 0.025485 -0.002430 1500 1500 1500 1625 22 29114 1.896968 0.003249 0.000000 0.000000 0.000000 1.000000 1.397467 0022 029328 1.451453 0.864450 0.244612
0022 052185 0.019122 0.026386 -0.002179 1500 1500 1500 1625 22 79163 1.972910 0.003382 0.000000 0.000000 0.000000 1.000000 1.397467 0022 079346 0.949487 0.847500 0.244612
0022 105896 0.017780 0.026022 -0.001924 1500 1500 1500 1626 22 129242 1.972910 0.003382 0.000000 0.000000 0.000000 1.000000 1.397467 0022 129425 0.614856 0.847500 0.244612
0022 152130 0.017634 0.023363 -0.001715 1500 1500 1500 1626 22 179230 2.049986 0.003516 0.000000 0.000000 0.000000 1.000000 1.397467 0022 179444 0.949487 0.847500 0.244612
0022 205384 0.018005 0.019595 -0.001580 1500 1500 1500 1626 22 229309 2.049986 0.003516 0.000000 0.000000 0.000000 1.000000 1.397467 0022 229492 1.200467 0.847500 0.244612
0022 252136 0.018792 0.016285 -0.001543 1500 1500 1500 1626 22 279358 2.128179 0.003653 0.000000 0.000000 0.000000 1.000000 1.397467 0022 279602 1.702445 0.847500 0.244612
0022 305817 0.020390 0.013854 -0.001611 1500 1500 1500 1626 22 329376 2.128179 0.003653 0.000000 0.000000 0.000000 1.000000 1.397467 0022 329651 1.953443 0.847500 0.244612
0022 352143 0.021740 0.011982 -0.001780 1500 1500 1500 1627 22 379456 2.207472 0.003791 0.000000 0.000000 0.000000 1.000000 1.397467 0022 379730 0.949487 0.847500 0.244612
0022 405640 0.022754 0.010228 -0.002020 1500 1500 1500 1627 22 429444 2.207472 0.003791 0.000000 0.000000 0.000000 1.000000 1.397467 0022 429718 0.949487 0.847500 0.244612
0022 452118 0.023926 0.008789 -0.002295 1500 1500 1500 1627 22 479370 2.287848 0.003932 0.000000 0.000000 0.000000 1.000000 1.397467 0022 479645 0.614856 0.847500 0.244612
0022 505738 0.023850 0.008450 -0.002540 1500 1500 1500 1627 22 529389 2.287848 0.003932 0.000000 0.000000 0.000000 1.000000 1.397467 0022 529663 1.200467 0.847500 0.244612
0022 553986 0.022598 0.009621 -0.002662 1500 1500 1500 1627 22 579376 2.369289 0.004077 0.000000 0.000000 0.000000 1.000000 1.397467 0022 579651 0.614856 0.847500 0.244612
0022 605408 0.021654 0.011531 -0.002604 1500 1500 1500 1628 22 629486 2.369289 0.004077 0.000000 0.000000 0.000000 1.000000 1.397467 0022 629761 1.200467 0.847500 0.244612
0022 652100 0.020356 0.013661 -0.002414 1500 1500 1500 1628 22 679474 2.451780 0.004225 0.000000 0.000000 0.000000 1.000000 1.397467 0022 679749 1.451453 0.847500 0.244612
0022 705811 0.019017 0.015294 -0.002141 1500 1500 1500 1628 22 729462 2.451780 0.004225 0.000000 0.000000 0.000000 1.000000 1.397467 0022 729737 1.200467 0.847500 0.244612
0022 752106 0.018278 0.016493 -0.001873 1500 1500 1500 1628 22 779602 2.535304 0.004375 0.000000 0.000000 0.000000 1.000000 1.397467 0022 779816 0.614856 0.864450 0.244612
0022 805359 0.017734 0.017429 -0.001672 1500 1500 1500 1628 22 829651 2.535304 0.004375 0.000000 0.000000 0.000000 1.000000 1.397467 0022 829987 1.200467 0.864450 0.244612
0022 852295 0.018314 0.018827 -0.001532 1500 1500 1500 1629 22 879669 2.619845 0.004528 0.000000 0.000000 0.000000 1.000000 1.397467 0022 879853 1.200467 0.847500 0.244612
0022 905701 0.019327 0.020912 -0.001535 1500 1500 1500 1629 22 929596 2.619845 0.004528 0.000000 0.000000 0.000000 1.000000 1.397467 0022 929901 0.614856 0.864450 0.244612
0022 952149 0.020136 0.023109 -0.001669 1500 1500 1500 1629 22 979492 2.705388 0.004681 0.000000 0.000000 0.000000 1.000000 1.397467 0022 979706 1.451453 0.847500 0.244612
0023 005402 0.021572 0.024555 -0.001855 1500 1500 1500 1629 23 29572 2.705388 0.004681 0.000000 0.000000 0.000000 1.000000 1.397467 0023 029785 0.949487 0.847500 0.244612
0023 052185 0.022970 0.024842 -0.002023 1500 1500 1500 1629 23 79499 2.791917 0.004837 0.000000 0.000000 0.000000 1.000000 1.397467 0023 079682 0.949487 0.847500 0.244612
0023 105805 0.023422 0.024294 -0.002174 1500 1500 1500 1629 23 129608 2.791917 0.004837 0.000000 0.000000 0.000000 1.000000 1.397467 0023 129822 1.953443 0.847500 0.244612
0023 152130 0.023622 0.023397 -0.002267 1500 1500 1500 1630 23 179596 2.879416 0.004995 0.000000 0.000000 0.000000 1.000000 1.397467 0023 179779 0.949487 0.847500 0.244612
0023 205414 0.023261 0.022492 -0.002245 1500 1500 1500 1630 23 229615 2.879416 0.004995 0.000000 0.000000 0.000000 1.000000 1.397467 0023 229798 1.953443 0.864450 0.244612
0023 252106 0.022068 0.021548 -0.002156 1500 1500 1500 1630 23 279572 2.967872 0.005156 0.000000 0.000000 0.000000 1.000000 1.397467 0023 279785 0.949487 0.864450 0.244612
0023 305817 0.021015 0.019927 -0.001969 1500 1500 1500 1630 23 329651 2.967872 0.005156 0.000000 0.000000 0.000000 1.000000 1.397467 0023 329834 1.451453 0.847500 0.244612
0023 352021 0.019914 0.017684 -0.001836 1500 1500 1500 1630 23 379608 3.057268 0.005318 0.000000 0.000000 0.000000 1.000000 1.397467 0023 379792 0.865828 0.847500 0.244612
0023 405365 0.018590 0.015383 -0.001721 1500 1500 1500 1631 23 429657 3.057268 0.005318 0.000000 0.000000 0.000000 1.000000 1.397467 0023 429840 0.614856 0.847500 0.244612
0023 452027 0.017892 0.013548 -0.001644 1500 1500 1500 1631 23 479828 3.147591 0.005483 0.000000 0.000000 0.000000 1.000000 1.397467 0023 480011 1.702445 0.847500 0.244612
0023 503998 0.018062 0.012574 -0.001630 1500 1500 1500 1631 23 529785 3.147591 0.005483 0.000000 0.000000 0.000000 1.000000 1.397467 0023 529999 0.363890 0.847500 0.244612
0023 552033 0.018268 0.012375 -0.001717 1500 1500 1500 1631 23 579773 3.238826 0.005648 0.000000 0.000000 0.000000 1.000000 1.397467 0023 579956 1.702445 0.847500 0.244612
0023 605622 0.018863 0.012421 -0.001812 1500 1500 1500 1631 23 629792 3.238826 0.005648 0.000000 0.000000 0.000000 1.000000 1.397467 0023 630005 1.451453 0.864450 0.244612
0023 652252 0.020230 0.012806 -0.001938 1500 1500 1500 1629 23 679779 3.330959 0.005816 0.000000 0.000000 0.000000 0.990000 1.169917 0023 679962 0.949487 0.847500 0.244612
0023 705658 0.021088 0.013838 -0.002058 1500 1500 1500 1627 23 729828 3.330959 0.005816 0.000000 0.000000 0.000000 0.980000 1.005082 0023 730011 0.949487 0.847500 0.244612
0023 752259 0.021777 0.015297 -0.002149 1500 1500 1500 1626 23 780030 3.423976 0.005985 0.000000 0.000000 0.000000 0.970000 0.884148 0023 780213 1.451453 0.847500 0.244612
0023 805481 0.022449 0.016928 -0.002201 1500 1500 1500 1625 23 830109 3.423976 0.005985 0.000000 0.000000 0.000000 0.960000 0.793944 0023 830323 0.614856 0.847500 0.244612
0023 852387 0.022343 0.018606 -0.002237 1500 1500 1500 1625 23 880005 3.517863 0.006157 0.000000 0.000000 0.000000 0.950000 0.725251 0023 880219 1.451453 0.847500 0.244612
0023 904022 0.020999 0.020010 -0.002285 1500 1500 1500 1624 23 930084 3.517863 0.006157 0.000000 0.000000 0.000000 0.940000 0.671616 0023 930298 1.200467 0.847500 0.244612
0023 952118 0.019749 0.020797 -0.002260 1500 1500 1500 1624 23 980194 3.612608 0.006332 0.000000 0.000000 0.000000 0.930000 0.628521 0023 980469 -0.138024 0.847500 0.244612
0024 005585 0.018766 0.021005 -0.002201 1500 1500 1500 1624 24 30243 3.612608 0.006332 0.000000 0.000000 0.000000 0.920000 0.592805 0024 030518 0.363890 0.830550 0.244612
0024 052155 0.016798 0.021390 -0.002013 1500 1500 1500 1623 24 80231 3.708196 0.006508 0.000000 0.000000 0.000000 0.910000 0.562254 0024 080506 1.200467 0.796650 0.244612
0024 105866 0.014398 0.023291 -0.001775 1500 1500 1500 1623 24 130249 3.708196 0.006508 0.000000 0.000000 0.000000 0.900000 0.535318 0024 130524 1.451453 0.796650 0.244612
0024 152039 0.012692 0.027181 -0.001594 1500 1500 1500 1623 24 180329 3.804615 0.006686 0.000000 0.000000 0.000000 0.890000 0.510913 0024 180603 1.953443 0.779700 0.244612
0024 205506 0.011960 0.030581 -0.001520 1500 1500 1500 1623 24 230347 3.804615 0.006686 0.000000 0.000000 0.000000 0.880000 0.488279 0024 230622 1.200467 0.779700 0.244612
0024 252014 0.011716 0.030683 -0.001412 1500 1500 1500 1623 24 280396 3.901852 0.006865 0.000000 0.000000 0.000000 0.870000 0.466886 0024 280640 1.200467 0.813600 0.244612
0024 305695 0.012946 0.027990 -0.001351 1500 1500 1500 1623 24 330475 3.901852 0.006865 0.000000 0.000000 0.000000 0.860000 0.446360 0024 330658 0.865828 0.813600 0.244612
0024 351990 0.015737 0.021924 -0.001387 1500 1500 1500 1623 24 380585 3.999894 0.007044 0.000000 0.000000 0.000000 0.850000 0.426442 0024 380799 0.614856 0.864450 0.244612
0024 405365 0.016735 0.015240 -0.001591 1500 1500 1500 1623 24 430603 3.999894 0.007044 0.000000 0.000000 0.000000 0.840000 0.406950 0024 430817 -0.138024 0.678000 0.244612
0024 451996 0.017320 0.009841 -0.001857 1500 1500 1500 1623 24 480622 4.098729 0.007224 0.000000 0.000000 0.000000 0.830000 0.387755 0024 480896 0.949487 0.627150 0.244612
0024 505646 0.018720 0.004666 -0.002122 1500 1500 1500 1622 24 530579 4.098729 0.007224 0.000000 0.000000 0.000000 0.820000 0.368769 0024 530762 2.204447 0.627150 0.244612
0024 552002 0.019164 0.001572 -0.002398 1500 1500 1500 1622 24 580567 4.198345 0.007407 0.000000 0.000000 0.000000 0.810000 0.349928 0024 580750 0.614856 0.627150 0.244612
0024 605774 0.018557 0.000635 -0.002703 1500 1500 1500 1622 24 630554 4.198345 0.007407 0.000000 0.000000 0.000000 0.800000 0.331190 0024 630768 0.949487 0.627150 0.244612
0024 652008 0.018258 -0.000098 -0.002993 1500 1500 1500 1622 24 680573 4.298729 0.007593 0.000000 0.000000 0.000000 0.790000 0.312523 0024 680756 0.112930 0.627150 0.244612
0024 705750 0.017629 0.000938 -0.003220 1500 1500 1500 1622 24 730561 4.298729 0.007593 0.000000 0.000000 0.000000 0.780000 0.293906 0024 730835 0.112930 0.661050 0.244612
0024 752136 0.017666 0.003031 -0.003446 1500 1500 1500 1622 24 780579 4.399869 0.007784 0.000000 0.000000 0.000000 0.770000 0.275325 0024 780762 -0.639914 0.644100 0.244612
0024 805512 0.018231 0.007247 -0.003504 1500 1500 1500 1622 24 830567 4.399869 0.007784 0.000000 0.000000 0.000000 0.760000 0.256768 0024 830750 0.614856 0.661050 0.244612
0024 852265 0.018225 0.012610 -0.003465 1500 1500 1500 1622 24 880554 4.501755 0.007979 0.000000 0.000000 0.000000 0.750000 0.238227 0024 880768 0.614856 0.661050 0.244612
0024 905640 0.018100 0.014556 -0.003268 1500 1500 1500 1622 24 930573 4.501755 0.007979 0.000000 0.000000 0.000000 0.740000 0.219699 0024 930756 -0.138024 0.661050 0.244612
0024 952179 0.018331 0.014171 -0.003120 1500 1500 1500 1622 24 980561 4.604373 0.008180 0.000000 0.000000 0.000000 0.730000 0.201180 0024 980927 0.949487 0.678000 0.244612
0025 005371 0.019670 0.014209 -0.003001 1500 1500 1500 1614 25 30579 4.604373 0.008180 0.000000 0.000000 0.000000 0.720000 -0.478311 0025 030762 0.363890 0.661050 0.273660
0025 052155 0.020771 0.013994 -0.003072 1500 1500 1500 1608 25 80536 4.707714 0.008384 0.000000 0.000000 0.000000 0.710000 -0.920570 0025 080872 0.949487 0.678000 0.300288
0025 104004 0.021414 0.010539 -0.003106 1500 1500 1500 1611 25 130463 4.707714 0.008384 0.000000 0.000000 0.000000 0.700000 -0.743598 0025 130646 0.112930 0.678000 0.304640
0025 152130 0.020158 0.002755 -0.003041 1500 1500 1500 1612 25 180390 4.811766 0.008592 0.000000 0.000000 0.000000 0.690000 -0.607876 0025 180756 0.112930 0.661050 0.308122
0025 205323 0.017482 -0.008053 -0.002976 1500 1500 1500 1617 25 230377 4.811766 0.008592 0.000000 0.000000 0.000000 0.680000 -0.195949 0025 230622 0.112930 0.661050 0.297348
0025 252045 0.017379 -0.016032 -0.002969 1500 1500 1500 1619 25 280335 4.916518 0.008804 0.000000 0.000000 0.000000 0.670000 -0.033343 0025 280609 0.112930 0.678000 0.292118
0025 305664 0.018860 -0.017243 -0.003204 1500 1500 1500 1622 25 330261 4.916518 0.008804 0.000000 0.000000 0.000000 0.660000 0.208312 0025 330536 0.112930 0.678000 0.281155
0025 351990 0.017502 -0.012580 -0.003608 1500 1500 1500 1625 25 380341 5.021958 0.009020 0.000000 0.000000 0.000000 0.650000 0.405249 0025 380615 -0.388972 0.661050 0.268994
0025 405518 0.015974 -0.005290 -0.003903 1500 1500 1500 1627 25 430329 5.021958 0.009020 0.000000 0.000000 0.000000 0.640000 0.566100 0025 430603 0.614856 0.661050 0.255875
0025 452027 0.017635 -0.001249 -0.003862 1500 1500 1500 1627 25 480377 5.128077 0.009242 0.000000 0.000000 0.000000 0.630000 0.620722 0025 480622 0.614856 0.661050 0.245380
0025 505646 0.018891 -0.001273 -0.003697 1500 1500 1500 1627 25 530365 5.128077 0.009242 0.000000 0.000000 0.000000 0.620000 0.611471 0025 530640 0.363890 0.661050 0.236984
0025 552124 0.018760 0.000019 -0.003470 1500 1500 1500 1628 25 580475 5.234864 0.009468 0.000000 0.000000 0.000000 0.610000 0.643033 0025 580658 0.112930 0.661050 0.226877
0025 605561 0.018875 0.004773 -0.003300 1500 1500 1500 1628 25 630493 5.234864 0.009468 0.000000 0.000000 0.000000 0.600000 0.619191 0025 630707 1.451453 0.678000 0.218792
0025 652039 0.020454 0.012371 -0.003244 1500 1500 1500 1627 25 680512 5.342309 0.009699 0.000000 0.000000 0.000000 0.590000 0.564641 0025 680695 -0.388972 0.661050 0.212323
0025 705597 0.021540 0.020307 -0.003285 1500 1500 1500 1626 25 730530 5.342309 0.009699 0.000000 0.000000 0.000000 0.580000 0.495059 0025 730805 -0.890850 0.678000 0.207149
0025 752655 0.021148 0.024898 -0.003318 1500 1500 1500 1626 25 780579 5.450401 0.009934 0.000000 0.000000 0.000000 0.570000 0.420124 0025 780762 0.112930 0.661050 0.203009
0025 805359 0.021558 0.023962 -0.003302 1500 1500 1500 1626 25 830567 5.450401 0.009934 0.000000 0.000000 0.000000 0.560000 0.422716 0025 830780 -0.890850 0.661050 0.196307
0025 852387 0.021968 0.022512 -0.003259 1500 1500 1500 1624 25 880493 5.559130 0.010173 0.000000 0.000000 0.000000 0.550000 0.315061 0025 880707 0.112930 0.678000 0.194336
0025 905640 0.020130 0.022941 -0.003500 1500 1500 1500 1623 25 930542 5.559130 0.010173 0.000000 0.000000 0.000000 0.540000 0.226274 0025 930725 0.614856 0.661050 0.192759
0025 952027 0.020300 0.023503 -0.004315 1500 1500 1500 1623 25 980591 5.668487 0.010417 0.000000 0.000000 0.000000 0.530000 0.152271 0025 980896 0.363890 0.661050 0.191497
0026 005371 0.020539 0.025002 -0.005195 1500 1500 1500 1622 26 30609 5.668487 0.010417 0.000000 0.000000 0.000000 0.520000 0.089877 0026 030792 1.200467 0.661050 0.190487
0026 052033 0.019940 0.025634 -0.005614 1500 1500 1500 1622 26 80597 5.778462 0.010669 0.000000 0.000000 0.000000 0.510000 0.113758 0026 080811 0.363890 0.661050 0.186290
0026 105713 0.019555 0.027096 -0.005899 1500 1500 1500 1621 26 130585 5.778462 0.010669 0.000000 0.000000 0.000000 0.500000 0.031011 0026 130799 0.949487 0.678000 0.186322
0026 151978 0.019631 0.028350 -0.006917 1500 1500 1500 1621 26 180573 5.889045 0.010932 0.000000 0.000000 0.000000 0.490000 0.044806 0026 180756 0.363890 0.661050 0.182958
0026 205323 0.019664 0.028684 -0.008481 1500 1500 1500 1620 26 230652 5.889045 0.010932 0.000000 0.000000 0.000000 0.480000 -0.041671 0026 230927 1.451453 0.661050 0.183656
0026 251984 0.019728 0.029172 -0.009686 1500 1500 1500 1620 26 280670 6.000227 0.011211 0.000000 0.000000 0.000000 0.470000 -0.104964 0026 280854 -0.138024 0.661050 0.184215
0026 305542 0.019957 0.030232 -0.010630 1500 1500 1500 1619 26 330811 6.000227 0.011211 0.000000 0.000000 0.000000 0.460000 -0.152586 0026 330994 0.112930 0.661050 0.184662
0026 351990 0.019889 0.031644 -0.011369 1500 1500 1500 1619 26 380768 6.111999 0.011510 0.000000 0.000000 0.000000 0.450000 -0.189685 0026 380982 0.614856 0.678000 0.185020
0026 405548 0.020430 0.033036 -0.012020 1500 1500 1500 1618 26 430847 6.111999 0.011510 0.000000 0.000000 0.000000 0.440000 -0.219776 0026 431031 -0.138024 0.678000 0.185306
0026 452027 0.020322 0.033253 -0.012461 1500 1500 1500 1619 26 480896 6.224351 0.011832 0.000000 0.000000 0.000000 0.430000 -0.168106 0026 481110 -0.138024 0.661050 0.182144
0026 505615 0.020320 0.032608 -0.012330 1500 1500 1500 1618 26 530884 6.224351 0.011832 0.000000 0.000000 0.000000 0.420000 -0.227259 0026 531067 1.200467 0.661050 0.183006
0026 552002 0.020388 0.032578 -0.012080 1500 1500 1500 1618 26 580902 6.337274 0.012177 0.000000 0.000000 0.000000 0.410000 -0.270775 0026 581116 -0.388972 0.661050 0.183694
0026 605438 0.020334 0.033082 -0.012221 1500 1500 1500 1617 26 630921 6.337274 0.012177 0.000000 0.000000 0.000000 0.400000 -0.304033 0026 631134 0.865828 0.661050 0.184246
0026 652039 0.020386 0.033096 -0.012466 1500 1500 1500 1617 26 680878 6.450760 0.012546 0.000000 0.000000 0.000000 0.390000 -0.330662 0026 681092 0.614856 0.661050 0.184686
0026 705597 0.020399 0.032709 -0.012342 1500 1500 1500 1618 26 731079 6.450760 0.012546 0.000000 0.000000 0.000000 0.380000 -0.275951 0026 731262 0.363890 0.661050 0.181649
0026 752045 0.020444 0.032853 -0.012192 1500 1500 1500 1618 26 780976 6.564799 0.012937 0.000000 0.000000 0.000000 0.370000 -0.255340 0026 781159 0.949487 0.661050 0.179219
0026 805420 0.020403 0.033202 -0.012409 1500 1500 1500 1617 26 830994 6.564799 0.012937 0.000000 0.000000 0.000000 0.360000 -0.333311 0026 831208 0.112930 0.678000 0.180665
0026 852600 0.020425 0.032904 -0.012505 1500 1500 1500 1617 26 880890 6.679384 0.013351 0.000000 0.000000 0.000000 0.350000 -0.310523 0026 881104 0.614856 0.661050 0.178432
0026 905609 0.020428 0.032718 -0.012292 1500 1500 1500 1617 26 930878 6.679384 0.013351 0.000000 0.000000 0.000000 0.340000 -0.309045 0026 931061 -0.138024 0.661050 0.176646
0026 952027 0.020444 0.033049 -0.012310 1500 1500 1500 1617 26 980744 6.794506 0.013787 0.000000 0.000000 0.000000 0.330000 -0.320699 0026 980957 0.614856 0.661050 0.175217
0027 005371 0.020389 0.033110 -0.012548 1500 1500 1500 1617 27 30701 6.794506 0.013787 0.000000 0.000000 0.000000 0.320000 -0.340118 0027 030884 0.614856 0.661050 0.174073
0027 052002 0.020359 0.032847 -0.012466 1500 1500 1500 1616 27 80658 6.910157 0.014245 0.000000 0.000000 0.000000 0.310000 -0.440969 0027 080841 0.614856 0.678000 0.176549
0027 105774 0.020382 0.032942 -0.012297 1500 1500 1500 1615 27 130646 6.910157 0.014245 0.000000 0.000000 0.000000 0.300000 -0.507224 0027 130951 -0.388972 0.661050 0.178529
0027 151978 0.020353 0.033168 -0.012478 1500 1500 1500 1614 27 180695 7.026328 0.014724 0.000000 0.000000 0.000000 0.290000 -0.551239 0027 180908 1.702445 0.661050 0.180113
0027 205445 0.020367 0.033036 -0.012595 1500 1500 1500 1614 27 230927 7.026328 0.014724 0.000000 0.000000 0.000000 0.280000 -0.581269 0027 231140 1.451453 0.661050 0.181381
0027 251984 0.020355 0.032901 -0.012426 1500 1500 1500 1614 27 280976 7.143011 0.015225 0.000000 0.000000 0.000000 0.270000 -0.602776 0027 281189 0.949487 0.678000 0.182394
0027 305664 0.020382 0.033065 -0.012421 1500 1500 1500 1614 27 330994 7.143011 0.015225 0.000000 0.000000 0.000000 0.260000 -0.619329 0027 331177 -1.141780 0.678000 0.183206
0027 352021 0.020363 0.033135 -0.012647 1500 1500 1500 1613 27 381073 7.260199 0.015747 0.000000 0.000000 0.000000 0.250000 -0.633225 0027 381317 -0.388972 0.661050 0.183854
0027 405396 0.020388 0.032974 -0.012598 1500 1500 1500 1613 27 431244 7.260199 0.015747 0.000000 0.000000 0.000000 0.240000 -0.645909 0027 431488 0.614856 0.661050 0.184374
0027 452057 0.020372 0.032966 -0.012443 1500 1500 1500 1613 27 481415 7.377883 0.016290 0.000000 0.000000 0.000000 0.230000 -0.658264 0027 481598 0.363890 0.678000 0.184789
0027 505554 0.020436 0.033141 -0.012572 1500 1500 1500 1613 27 531494 7.377883 0.016290 0.000000 0.000000 0.000000 0.220000 -0.670802 0027 531677 -0.138024 0.661050 0.185121
0027 552857 0.020430 0.033091 -0.012667 1500 1500 1500 1613 27 581513 7.496056 0.016854 0.000000 0.000000 0.000000 0.210000 -0.683802 0027 581696 0.614856 0.678000 0.185387
0027 605377 0.020418 0.032995 -0.012511 1500 1500 1500 1613 27 631592 7.496056 0.016854 0.000000 0.000000 0.000000 0.200000 -0.697389 0027 631806 0.614856 0.661050 0.185599
0027 652039 0.020411 0.033092 -0.012527 1500 1500 1500 1613 27 681641 7.496056 0.016854 0.000000 0.000000 0.000000 0.200000 -0.697389 0027 681824 0.112930 0.661050 0.182380
0027 705506 0.020414 0.033191 -0.012686 1500 1500 1500 1613 27 731629 7.496056 0.016854 0.000000 0.000000 0.000000 0.200000 -0.697389 0027 731842 0.363890 0.661050 0.183194
0027 752198 0.020413 0.033077 -0.012598 1500 1500 1500 1613 27 781677 7.496056 0.016854 0.000000 0.000000 0.000000 0.200000 -0.697389 0027 781891 0.363890 0.661050 0.183845
0027 805359 0.020401 0.033044 -0.012496 1500 1500 1500 1613 27 831696 7.496056 0.016854 0.000000 0.000000 0.000000 0.200000 -0.697389 0027 831909 0.614856 0.661050 0.184366
0027 852387 0.020416 0.033153 -0.012619 1500 1500 1500 1613 27 881623 7.496056 0.016854 0.000000 0.000000 0.000000 0.200000 -0.697389 0027 881836 -0.138024 0.661050 0.184783
0027 903870 0.020416 0.033122 -0.012692 1500 1500 1500 1613 27 931702 7.496056 0.016854 0.000000 0.000000 0.000000 0.200000 -0.697389 0027 931885 1.200467 0.661050 0.181726
0027 952057 0.020420 0.033015 -0.012574 1500 1500 1500 1613 27 981629 7.496056 0.016854 0.000000 0.000000 0.000000 0.200000 -0.697389 0027 981842 0.363890 0.661050 0.182671
0028 005341 0.020404 0.033047 -0.012607 1500 1500 1500 1613 28 31647 7.496056 0.016854 0.000000 0.000000 0.000000 0.200000 -0.697389 0028 031830 -0.138024 0.678000 0.183427
0028 052735 0.020387 0.033148 -0.012711 1500 1500 1500 1613 28 81787 7.496056 0.016854 0.000000 0.000000 0.000000 0.200000 -0.697389 0028 082001 -0.138024 0.661050 0.184031
0028 105530 0.020356 0.033054 -0.012655 1500 1500 1500 1613 28 131775 7.496056 0.016854 0.000000 0.000000 0.000000 0.200000 -0.697389 0028 131989 0.363890 0.661050 0.184515
0028 151978 0.020354 0.033059 -0.012618 1500 1500 1500 1613 28 181824 7.496056 0.016854 0.000000 0.000000 0.000000 0.200000 -0.697389 0028 182038 -0.890850 0.661050 0.184902
0028 205841 0.020323 0.033156 -0.012724 1500 1500 1500 1613 28 231781 7.496056 0.016854 0.000000 0.000000 0.000000 0.200000 -0.697389 0028 231964 -1.141780 0.661050 0.181822
0028 252045 0.020333 0.033152 -0.012744 1500 1500 1500 1613 28 281800 7.496056 0.016854 0.000000 0.000000 0.000000 0.200000 -0.697389 0028 281983 0.363890 0.661050 0.182747
0028 305542 0.020316 0.033099 -0.012654 1500 1500 1500 1613 28 331818 7.496056 0.016854 0.000000 0.000000 0.000000 0.200000 -0.697389 0028 332031 -0.388972 0.661050 0.183488
0028 351990 0.020275 0.033156 -0.012709 1500 1500 1500 1613 28 381806 7.496056 0.016854 0.000000 0.000000 0.000000 0.200000 -0.697389 0028 382019 -0.388972 0.661050 0.184080
0028 405487 0.020243 0.033210 -0.012833 1500 1500 1500 1613 28 431793 7.496056 0.016854 0.000000 0.000000 0.000000 0.200000 -0.697389 0028 431977 -0.388972 0.661050 0.184554
0028 452027 0.020237 0.033160 -0.012758 1500 1500 1500 1613 28 481812 7.496056 0.016854 0.000000 0.000000 0.000000 0.200000 -0.697389 0028 481995 -0.388972 0.661050 0.181543
0028 505554 0.020242 0.033161 -0.012726 1500 1500 1500 1613 28 531739 7.496056 0.016854 0.000000 0.000000 0.000000 0.200000 -0.697389 0028 531952 -0.138024 0.661050 0.179135
0028 551972 0.020238 0.033235 -0.012861 1500 1500 1500 1613 28 581787 7.496056 0.016854 0.000000 0.000000 0.000000 0.200000 -0.697389 0028 582001 0.363890 0.661050 0.177208
0028 605438 0.020222 0.033237 -0.012857 1500 1500 1500 1613 28 631714 7.496056 0.016854 0.000000 0.000000 0.000000 0.200000 -0.697389 0028 631897 0.112930 0.661050 0.175666
0028 651978 0.020223 0.033168 -0.012797 1500 1500 1500 1613 28 681763 7.496056 0.016854 0.000000 0.000000 0.000000 0.200000 -0.697389 0028 681946 0.363890 0.661050 0.174433
0028 705567 0.020210 0.033168 -0.012841 1500 1500 1500 1613 28 731659 7.496056 0.016854 0.000000 0.000000 0.000000 0.200000 -0.697389 0028 731873 0.949487 0.678000 0.176836
0028 751953 0.020198 0.033202 -0.012871 1500 1500 1500 1613 28 781616 7.496056 0.016854 0.000000 0.000000 0.000000 0.200000 -0.697389 0028 781830 0.112930 0.678000 0.178759
0028 805176 0.020188 0.033194 -0.012811 1500 1500 1500 1613 28 831726 7.496056 0.016854 0.000000 0.000000 0.000000 0.200000 -0.697389 0028 831940 -0.639914 0.661050 0.180297
0028 852204 0.020170 0.033151 -0.012819 1500 1500 1500 1613 28 881775 7.496056 0.016854 0.000000 0.000000 0.000000 0.200000 -0.697389 0028 881958 -0.138024 0.661050 0.181528
0028 905609 0.020158 0.033197 -0.012853 1500 1500 1500 1613 28 931671 7.496056 0.016854 0.000000 0.000000 0.000000 0.200000 -0.697389 0028 931885 -0.388972 0.661050 0.179122
0028 951935 0.020200 0.033174 -0.012808 1500 1500 1500 1613 28 981598 7.496056 0.016854 0.000000 0.000000 0.000000 0.200000 -0.697389 0028 981812 -0.138024 0.661050 0.180588
0029 005524 0.020199 0.033100 -0.012775 1500 1500 1500 1613 29 31586 7.496056 0.016854 0.000000 0.000000 0.000000 0.200000 -0.697389 0029 031800 0.949487 0.661050 0.178370
0029 051972 0.020180 0.033097 -0.012818 1500 1500 1500 1613 29 81696 7.496056 0.016854 0.000000 0.000000 0.000000 0.200000 -0.697389 0029 081909 0.112930 0.661050 0.176596
0029 103974 0.020203 0.033170 -0.012820 1500 1500 1500 1613 29 131592 7.496056 0.016854 0.000000 0.000000 0.000000 0.200000 -0.697389 0029 131806 -0.138024 0.661050 0.178567
0029 151978 0.020216 0.033148 -0.012794 1500 1500 1500 1613 29 181641 7.496056 0.016854 0.000000 0.000000 0.000000 0.200000 -0.697389 0029 181824 -0.639914 0.661050 0.180144
0029 205445 0.020201 0.033119 -0.012829 1500 1500 1500 1613 29 231598 7.496056 0.016854 0.000000 0.000000 0.000000 0.200000 -0.697389 0029 231812 0.112930 0.661050 0.181405
0029 252014 0.020203 0.033214 -0.012836 1500 1500 1500 1613 29 281616 7.496056 0.016854 0.000000 0.000000 0.000000 0.200000 -0.697389 0029 281830 -0.388972 0.661050 0.182414
0029 303986 0.020193 0.033230 -0.012814 1500 1500 1500 1613 29 331787 7.496056 0.016854 0.000000 0.000000 0.000000 0.200000 -0.697389 0029 331970 0.112930 0.661050 0.183221
0029 351990 0.020185 0.033154 -0.012824 1500 1500 1500 1613 29 381714 7.496056 0.016854 0.000000 0.000000 0.000000 0.200000 -0.697389 0029 381928 -0.388972 0.661050 0.183867
0029 405457 0.020175 0.033201 -0.012806 1500 1500 1500 1613 29 431610 7.496056 0.016854 0.000000 0.000000 0.000000 0.200000 -0.697389 0029 431793 0.363890 0.661050 0.184384
0029 451966 0.020179 0.033251 -0.012797 1500 1500 1500 1613 29 481629 7.496056 0.016854 0.000000 0.000000 0.000000 0.200000 -0.697389 0029 481842 -0.388972 0.661050 0.184797
0029 503998 0.020207 0.033224 -0.012771 1500 1500 1500 1613 29 531677 7.496056 0.016854 0.000000 0.000000 0.000000 0.200000 -0.697389 0029 531891 0.112930 0.678000 0.185127
0029 552063 0.020226 0.033213 -0.012773 1500 1500 1500 1613 29 581787 7.496056 0.016854 0.000000 0.000000 0.000000 0.200000 -0.697389 0029 582001 -0.388972 0.661050 0.182002
0029 605347 0.020235 0.033281 -0.012770 1500 1500 1500 1613 29 631867 7.496056 0.016854 0.000000 0.000000 0.000000 0.200000 -0.697389 0029 632050 -0.639914 0.661050 0.182892
0029 651917 0.020226 0.033285 -0.012783 1500 1500 1500 1613 29 681916 7.496056 0.016854 0.000000 0.000000 0.000000 0.200000 -0.697389 0029 682099 -0.138024 0.661050 0.180213
0029 705536 0.020221 0.033259 -0.012767 1500 1500 1500 1613 29 731842 7.496056 0.016854 0.000000 0.000000 0.000000 0.200000 -0.697389 0029 732056 -0.890850 0.661050 0.181461
0029 751923 0.020231 0.033280 -0.012760 1500 1500 1500 1613 29 781830 7.496056 0.016854 0.000000 0.000000 0.000000 0.200000 -0.697389 0029 782044 -0.890850 0.661050 0.179068
0029 805207 0.020216 0.033318 -0.012751 1500 1500 1500 1613 29 831940 7.496056 0.016854 0.000000 0.000000 0.000000 0.200000 -0.697389 0029 832184 0.614856 0.661050 0.180545
0029 852112 0.020229 0.033282 -0.012760 1500 1500 1500 1613 29 881928 7.496056 0.016854 0.000000 0.000000 0.000000 0.200000 -0.697389 0029 882141 -0.639914 0.661050 0.181726
0029 905487 0.020223 0.033235 -0.012743 1500 1500 1500 1613 29 931977 7.496056 0.016854 0.000000 0.000000 0.000000 0.200000 -0.697389 0029 932221 -0.388972 0.661050 0.182671
0029 951905 0.020183 0.033235 -0.012756 1500 1500 1500 1613 29 981934 7.496056 0.016854 0.000000 0.000000 0.000000 0.200000 -0.697389 0029 982147 -0.388972 0.661050 0.180037
0030 005463 0.020164 0.033229 -0.012772 1500 1500 1500 1613 30 31983 7.496056 0.016854 0.000000 0.000000 0.000000 0.200000 -0.697389 0030 032257 0.614856 0.661050 0.177929
0030 051941 0.020140 0.033180 -0.012774 1500 1500 1500 1613 30 81970 7.496056 0.016854 0.000000 0.000000 0.000000 0.200000 -0.697389 0030 082154 -0.890850 0.661050 0.179633
0030 103974 0.020111 0.033162 -0.012775 1500 1500 1500 1613 30 132019 7.496056 0.016854 0.000000 0.000000 0.000000 0.200000 -0.697389 0030 132294 0.112930 0.678000 0.180997
0030 151917 0.020152 0.033197 -0.012789 1500 1500 1500 1613 30 181977 7.496056 0.016854 0.000000 0.000000 0.000000 0.200000 -0.697389 0030 182251 -0.388972 0.661050 0.182087
0030 205323 0.020156 0.033199 -0.012810 1500 1500 1500 1613 30 232025 7.496056 0.016854 0.000000 0.000000 0.000000 0.200000 -0.697389 0030 232300 -0.890850 0.661050 0.182960
0030 253388 0.020148 0.033151 -0.012815 1500 1500 1500 1613 30 281983 7.496056 0.016854 0.000000 0.000000 0.000000 0.200000 -0.697389 0030 282257 -0.388972 0.661050 0.180268
0030 303955 0.020110 0.033157 -0.012821 1500 1500 1500 1613 30 332031 7.496056 0.016854 0.000000 0.000000 0.000000 0.200000 -0.697389 0030 332367 0.363890 0.661050 0.181504
0030 351898 0.020128 0.033135 -0.012830 1500 1500 1500 1613 30 381958 7.496056 0.016854 0.000000 0.000000 0.000000 0.200000 -0.697389 0030 382233 -0.388972 0.661050 0.182493
0030 405304 0.020142 0.033119 -0.012824 1500 1500 1500 1613 30 432007 7.496056 0.016854 0.000000 0.000000 0.000000 0.200000 -0.697389 0030 432282 -0.138024 0.661050 0.183285
0030 451874 0.020139 0.033160 -0.012819 1500 1500 1500 1613 30 481934 7.496056 0.016854 0.000000 0.000000 0.000000 0.200000 -0.697389 0030 482209 -0.138024 0.661050 0.180528
0030 505432 0.020118 0.033158 -0.012868 1500 1500 1500 1613 30 531952 7.496056 0.016854 0.000000 0.000000 0.000000 0.200000 -0.697389 0030 532227 0.112930 0.661050 0.178322
0030 551880 0.020122 0.033155 -0.012856 1500 1500 1500 1613 30 581940 7.496056 0.016854 0.000000 0.000000 0.000000 0.200000 -0.697389 0030 582276 -0.639914 0.661050 0.176558
0030 605286 0.020141 0.033130 -0.012861 1500 1500 1500 1613 30 631958 7.496056 0.016854 0.000000 0.000000 0.000000 0.200000 -0.697389 0030 632233 -0.388972 0.661050 0.175146
0030 651886 0.020137 0.033197 -0.012906 1500 1500 1500 1613 30 681885 7.496056 0.016854 0.000000 0.000000 0.000000 0.200000 -0.697389 0030 682068 0.112930 0.661050 0.177407
0030 705475 0.020182 0.033184 -0.012923 1500 1500 1500 1613 30 731873 7.496056 0.016854 0.000000 0.000000 0.000000 0.200000 -0.697389 0030 732056 0.112930 0.661050 0.179216
0030 751923 0.020208 0.033172 -0.012926 1500 1500 1500 1613 30 781769 7.496056 0.016854 0.000000 0.000000 0.000000 0.200000 -0.697389 0030 781952 -0.138024 0.661050 0.180662
0030 805603 0.020193 0.033184 -0.012922 1500 1500 1500 1613 30 831696 7.496056 0.016854 0.000000 0.000000 0.000000 0.200000 -0.697389 0030 831909 -0.388972 0.661050 0.181820
0030 852295 0.020160 0.033193 -0.012937 1500 1500 1500 1613 30 881592 7.496056 0.016854 0.000000 0.000000 0.000000 0.200000 -0.697389 0030 881775 0.865828 0.661050 0.182746
0030 903961 0.020196 0.033164 -0.012966 1500 1500 1500 1613 30 931641 7.496056 0.016854 0.000000 0.000000 0.000000 0.200000 -0.697389 0030 931824 0.614856 0.661050 0.180097
0030 953491 0.020178 0.033150 -0.012954 1500 1500 1500 1613 30 981598 7.496056 0.016854 0.000000 0.000000 0.000000 0.200000 -0.697389 0030 981812 0.112930 0.661050 0.181367
0031 005310 0.020186 0.033158 -0.012975 1500 1500 1500 1613 31 31525 7.496056 0.016854 0.000000 0.000000 0.000000 0.200000 -0.697389 0031 031708 0.614856 0.661050 0.182384
0031 053284 0.020170 0.033141 -0.012972 1500 1500 1500 1613 31 81604 7.496056 0.016854 0.000000 0.000000 0.000000 0.200000 -0.697389 0031 081818 -0.138024 0.661050 0.183197
0031 105469 0.020193 0.033149 -0.012953 1500 1500 1500 1613 31 131592 7.496056 0.016854 0.000000 0.000000 0.000000 0.200000 -0.697389 0031 131806 0.112930 0.661050 0.183848
0031 151917 0.020195 0.033157 -0.012959 1500 1500 1500 1613 31 181671 7.496056 0.016854 0.000000 0.000000 0.000000 0.200000 -0.697389 0031 181854 0.614856 0.661050 0.184368
0031 205292 0.020226 0.033174 -0.012968 1500 1500 1500 1613 31 231537 7.496056 0.016854 0.000000 0.000000 0.000000 0.200000 -0.697389 0031 231751 -0.639914 0.678000 0.184785
0031 251892 0.020255 0.033158 -0.012927 1500 1500 1500 1613 31 281616 7.496056 0.016854 0.000000 0.000000 0.000000 0.200000 -0.697389 0031 281800 0.363890 0.661050 0.185118
0031 305512 0.020232 0.033124 -0.012928 1500 1500 1500 1613 31 331726 7.496056 0.016854 0.000000 0.000000 0.000000 0.200000 -0.697389 0031 331940 -0.639914 0.661050 0.185384
0031 351868 0.020205 0.033155 -0.012944 1500 1500 1500 1613 31 381836 7.496056 0.016854 0.000000 0.000000 0.000000 0.200000 -0.697389 0031 382019 -0.138024 0.661050 0.185597
0031 405274 0.020151 0.033137 -0.012932 1500 1500 1500 1613 31 431916 7.496056 0.016854 0.000000 0.000000 0.000000 0.200000 -0.697389 0031 432160 -0.138024 0.678000 0.185768
0031 451844 0.020153 0.033131 -0.012921 1500 1500 1500 1613 31 482056 7.496056 0.016854 0.000000 0.000000 0.000000 0.200000 -0.697389 0031 482300 -0.639914 0.661050 0.185904
0031 505432 0.020194 0.033144 -0.012928 1500 1500 1500 1613 31 532166 7.496056 0.016854 0.000000 0.000000 0.000000 0.200000 -0.697389 0031 532379 0.614856 0.661050 0.186013
0031 551880 0.020210 0.033159 -0.012913 1500 1500 1500 1613 31 582245 7.496056 0.016854 0.000000 0.000000 0.000000 0.200000 -0.697389 0031 582428 0.112930 0.661050 0.186101
0031 605255 0.020248 0.033142 -0.012897 1500 1500 1500 1613 31 632294 7.496056 0.016854 0.000000 0.000000 0.000000 0.200000 -0.697389 0031 632477 0.112930 0.661050 0.182781
0031 651856 0.020282 0.033107 -0.012907 1500 1500 1500 1613 31 682251 7.496056 0.016854 0.000000 0.000000 0.000000 0.200000 -0.697389 0031 682465 -0.388972 0.661050 0.183514
0031 703858 0.020267 0.033118 -0.012921 1500 1500 1500 1613 31 732270 7.496056 0.016854 0.000000 0.000000 0.000000 0.200000 -0.697389 0031 732483 -0.388972 0.661050 0.184102
0031 751892 0.020297 0.033127 -0.012938 1500 1500 1500 1613 31 782349 7.496056 0.016854 0.000000 0.000000 0.000000 0.200000 -0.697389 0031 782593 -0.388972 0.678000 0.184571
0031 805268 0.020313 0.033076 -0.012958 1500 1500 1500 1613 31 832306 7.496056 0.016854 0.000000 0.000000 0.000000 0.200000 -0.697389 0031 832489 -0.138024 0.661050 0.184947
0031 852326 0.020320 0.033113 -0.012968 1500 1500 1500 1613 31 882324 7.496056 0.016854 0.000000 0.000000 0.000000 0.200000 -0.697389 0031 882508 -0.388972 0.661050 0.185248
0031 903870 0.020307 0.033141 -0.012967 1500 1500 1500 1613 31 932343 7.496056 0.016854 0.000000 0.000000 0.000000 0.200000 -0.697389 0031 932526 0.112930 0.661050 0.185488
0031 951874 0.020312 0.033143 -0.012970 1500 1500 1500 1613 31 982453 7.496056 0.016854 0.000000 0.000000 0.000000 0.200000 -0.697389 0031 982636 0.112930 0.661050 0.185680
0032 005280 0.020306 0.033127 -0.012971 1500 1500 1500 1613 32 32440 7.496056 0.016854 0.000000 0.000000 0.000000 0.200000 -0.697389 0032 032624 -0.388972 0.661050 0.185834
0032 051911 0.020297 0.033178 -0.012967 1500 1500 1500 1613 32 82489 7.496056 0.016854 0.000000 0.000000 0.000000 0.200000 -0.697389 0032 082703 0.363890 0.661050 0.185957
0032 105469 0.020307 0.033170 -0.012967 1500 1500 1500 1613 32 132477 7.496056 0.016854 0.000000 0.000000 0.000000 0.200000 -0.697389 0032 132660 0.112930 0.678000 0.186056
0032 152008 0.020292 0.033166 -0.012982 1500 1500 1500 1613 32 182556 7.496056 0.016854 0.000000 0.000000 0.000000 0.200000 -0.697389 0032 182770 0.614856 0.661050 0.182745
0032 205292 0.020287 0.033189 -0.012981 1500 1500 1500 1613 32 232605 7.496056 0.016854 0.000000 0.000000 0.000000 0.200000 -0.697389 0032 232788 -0.388972 0.661050 0.183486
0032 251862 0.020268 0.033197 -0.012999 1500 1500 1500 1613 32 282563 7.496056 0.016854 0.000000 0.000000 0.000000 0.200000 -0.697389 0032 282746 -0.388972 0.678000 0.184079
0032 305451 0.020252 0.033178 -0.012984 1500 1500 1500 1613 32 332489 7.496056 0.016854 0.000000 0.000000 0.000000 0.200000 -0.697389 0032 332672 0.112930 0.661050 0.184553
0032 351837 0.020267 0.033189 -0.013010 1500 1500 1500 1613 32 382508 7.496056 0.016854 0.000000 0.000000 0.000000 0.200000 -0.697389 0032 382691 -0.388972 0.661050 0.184932
0032 405213 0.020262 0.033226 -0.013010 1500 1500 1500 1613 32 432465 7.496056 0.016854 0.000000 0.000000 0.000000 0.200000 -0.697389 0032 432678 -0.138024 0.661050 0.185236
0032 451844 0.020247 0.033227 -0.013027 1500 1500 1500 1613 32 482453 7.496056 0.016854 0.000000 0.000000 0.000000 0.200000 -0.697389 0032 482636 0.363890 0.661050 0.182089
0032 505402 0.020251 0.033220 -0.013033 1500 1500 1500 1613 32 532563 7.496056 0.016854 0.000000 0.000000 0.000000 0.200000 -0.697389 0032 532746 0.363890 0.661050 0.182961
0032 552216 0.020255 0.033238 -0.013025 1500 1500 1500 1613 32 582520 7.496056 0.016854 0.000000 0.000000 0.000000 0.200000 -0.697389 0032 582764 0.112930 0.661050 0.183659
0032 605347 0.020240 0.033277 -0.013048 1500 1500 1500 1613 32 632447 7.496056 0.016854 0.000000 0.000000 0.000000 0.200000 -0.697389 0032 632630 1.451453 0.661050 0.180827
0032 651886 0.020258 0.033248 -0.013037 1500 1500 1500 1613 32 682434 7.496056 0.016854 0.000000 0.000000 0.000000 0.200000 -0.697389 0032 682678 -0.639914 0.661050 0.178562
0032 705414 0.020284 0.033265 -0.013042 1500 1500 1500 1613 32 732270 7.496056 0.016854 0.000000 0.000000 0.000000 0.200000 -0.697389 0032 732483 -0.138024 0.661050 0.180139
0032 751862 0.020261 0.033273 -0.013043 1500 1500 1500 1613 32 782257 7.496056 0.016854 0.000000 0.000000 0.000000 0.200000 -0.697389 0032 782440 0.112930 0.661050 0.178011
0032 805268 0.020265 0.033281 -0.013036 1500 1500 1500 1613 32 832184 7.496056 0.016854 0.000000 0.000000 0.000000 0.200000 -0.697389 0032 832459 0.363890 0.661050 0.179699
0032 852265 0.020255 0.033248 -0.013024 1500 1500 1500 1613 32 882263 7.496056 0.016854 0.000000 0.000000 0.000000 0.200000 -0.697389 0032 882477 -0.388972 0.661050 0.181049
0032 905518 0.020251 0.033281 -0.013025 1500 1500 1500 1613 32 932190 7.496056 0.016854 0.000000 0.000000 0.000000 0.200000 -0.697389 0032 932373 -0.388972 0.661050 0.178739
0032 951844 0.020256 0.033275 -0.013015 1500 1500 1500 1613 32 982300 7.496056 0.016854 0.000000 0.000000 0.000000 0.200000 -0.697389 0032 982544 -0.388972 0.661050 0.180282
0033 005402 0.020274 0.033253 -0.013012 1500 1500 1500 1613 33 32257 7.496056 0.016854 0.000000 0.000000 0.000000 0.200000 -0.697389 0033 032440 0.112930 0.661050 0.178125
0033 051880 0.020295 0.033244 -0.013027 1500 1500 1500 1613 33 82215 7.496056 0.016854 0.000000 0.000000 0.000000 0.200000 -0.697389 0033 082489 -0.388972 0.661050 0.179790
0033 105530 0.020339 0.033275 -0.013037 1500 1500 1500 1613 33 132141 7.496056 0.016854 0.000000 0.000000 0.000000 0.200000 -0.697389 0033 132355 0.614856 0.661050 0.181122
0033 151795 0.020317 0.033309 -0.013007 1500 1500 1500 1613 33 182160 7.496056 0.016854 0.000000 0.000000 0.000000 0.200000 -0.697389 0033 182373 0.112930 0.661050 0.178798
0033 205292 0.020317 0.033280 -0.013031 1500 1500 1500 1613 33 232056 7.496056 0.016854 0.000000 0.000000 0.000000 0.200000 -0.697389 0033 232331 0.363890 0.661050 0.176938
0033 251801 0.020282 0.033323 -0.013044 1500 1500 1500 1613 33 282074 7.496056 0.016854 0.000000 0.000000 0.000000 0.200000 -0.697389 0033 282257 0.112930 0.661050 0.175451
0033 305420 0.020263 0.033354 -0.013065 1500 1500 1500 1613 33 332001 7.496056 0.016854 0.000000 0.000000 0.000000 0.200000 -0.697389 0033 332367 0.363890 0.661050 0.177650
0033 352478 0.020251 0.033322 -0.013086 1500 1500 1500 1613 33 382019 7.496056 0.016854 0.000000 0.000000 0.000000 0.200000 -0.697389 0033 382233 -0.138024 0.678000 0.179410
0033 405335 0.020226 0.033347 -0.013134 1500 1500 1500 1613 33 431946 7.496056 0.016854 0.000000 0.000000 0.000000 0.200000 -0.697389 0033 432221 -0.639914 0.661050 0.177428
0033 451813 0.020214 0.033381 -0.013131 1500 1500 1500 1613 33 482056 7.496056 0.016854 0.000000 0.000000 0.000000 0.200000 -0.697389 0033 482239 0.363890 0.661050 0.179233
0033 505402 0.020172 0.033378 -0.013132 1500 1500 1500 1613 33 531922 7.496056 0.016854 0.000000 0.000000 0.000000 0.200000 -0.697389 0033 532196 0.865828 0.661050 0.180676
0033 551941 0.020161 0.033380 -0.013124 1500 1500 1500 1613 33 582031 7.496056 0.016854 0.000000 0.000000 0.000000 0.200000 -0.697389 0033 582306 -0.639914 0.661050 0.181831
0033 605316 0.020168 0.033374 -0.013124 1500 1500 1500 1613 33 631897 7.496056 0.016854 0.000000 0.000000 0.000000 0.200000 -0.697389 0033 632294 0.112930 0.661050 0.182755
0033 651917 0.020176 0.033373 -0.013116 1500 1500 1500 1613 33 681946 7.496056 0.016854 0.000000 0.000000 0.000000 0.200000 -0.697389 0033 682190 0.363890 0.661050 0.183494
