0005 542206 0.017029 0.020715 -0.448684 1500 1500 1500 950 5 588043 0.000000 0.000000 0.000000 0.000000 0.000000 0.000000 0.000000 0005 588654 -0.449255 0.661050 0.033900
0005 594086 0.017014 0.020713 -0.448709 1500 1500 1500 950 5 638062 0.000000 0.000000 0.000000 0.000000 0.000000 0.000000 0.000000 0005 638428 0.303697 0.661050 0.061020
0005 640961 0.017036 0.020702 -0.448723 1500 1500 1500 950 5 688080 0.000000 0.000000 0.000000 0.000000 0.000000 0.000000 0.000000 0005 688721 0.052707 0.678000 0.086106
0005 693756 0.017010 0.020676 -0.448753 1500 1500 1500 950 5 738068 0.000000 0.000000 0.000000 0.000000 0.000000 0.000000 0.000000 0005 738464 0.554693 0.678000 0.106175
0005 741882 0.016991 0.020704 -0.448758 1500 1500 1500 950 5 788055 0.000000 0.000000 0.000000 0.000000 0.000000 0.000000 0.000000 0005 788483 -0.951193 0.678000 0.122230
0005 793640 0.016988 0.020717 -0.448767 1500 1500 1500 950 5 838074 0.000000 0.000000 0.000000 0.000000 0.000000 0.000000 0.000000 0005 838470 0.052707 0.678000 0.131684
0005 840820 0.016973 0.020742 -0.448773 1500 1500 1500 950 5 888062 0.000000 0.000000 0.000000 0.000000 0.000000 0.000000 0.000000 0005 888458 0.889364 0.678000 0.142637
0005 893829 0.016990 0.020740 -0.448798 1500 1500 1500 950 5 938049 0.000000 0.000000 0.000000 0.000000 0.000000 0.000000 0.000000 0005 938660 -0.198277 0.678000 0.151400
0005 941803 0.017005 0.020731 -0.448805 1500 1500 1500 950 5 988159 0.000000 0.000000 0.000000 0.000000 0.000000 0.000000 0.000000 0005 988647 -0.198277 0.678000 0.158410
0005 993500 0.017016 0.020720 -0.448823 1500 1500 1500 950 6 38147 0.000000 0.000000 0.000000 0.000000 0.000000 0.000000 0.000000 0006 038635 0.554693 0.678000 0.164018
0006 040863 0.017041 0.020742 -0.448823 1500 1500 1500 950 6 88226 0.000000 0.000000 0.000000 0.000000 0.000000 0.000000 0.000000 0006 088745 -1.202153 0.678000 0.168504
0006 093689 0.017044 0.020726 -0.448822 1500 1500 1500 950 6 138214 0.000000 0.000000 0.000000 0.000000 0.000000 0.000000 0.000000 0006 138702 0.052707 0.678000 0.172093
0006 140900 0.017022 0.020699 -0.448863 1500 1500 1500 950 6 188232 0.000000 0.000000 0.000000 0.000000 0.000000 0.000000 0.000000 0006 188843 0.889364 0.678000 0.174965
0006 193451 0.017047 0.020682 -0.448884 1500 1500 1500 950 6 238190 0.000000 0.000000 0.000000 0.000000 0.000000 0.000000 0.000000 0006 238678 -0.951193 0.678000 0.177262
0006 240784 0.017020 0.020726 -0.448877 1500 1500 1500 950 6 288177 0.000000 0.000000 0.000000 0.000000 0.000000 0.000000 0.000000 0006 288696 -0.449255 0.678000 0.175709
0006 293671 0.017049 0.020750 -0.448851 1500 1500 1500 950 6 338196 0.000000 0.000000 0.000000 0.000000 0.000000 0.000000 0.000000 0006 338715 0.889364 0.678000 0.177858
0006 340454 0.017054 0.020737 -0.448844 1500 1500 1500 950 6 388306 0.000000 0.000000 0.000000 0.000000 0.000000 0.000000 0.000000 0006 388794 0.554693 0.678000 0.179576
0006 393402 0.017059 0.020736 -0.448834 1500 1500 1500 950 6 438354 0.000000 0.000000 0.000000 0.000000 0.000000 0.000000 0.000000 0006 438873 0.554693 0.678000 0.180951
0006 440887 0.017075 0.020722 -0.448831 1500 1500 1500 950 6 488342 0.000000 0.000000 0.000000 0.000000 0.000000 0.000000 0.000000 0006 488831 -0.198277 0.678000 0.182051
0006 493713 0.017079 0.020718 -0.448842 1500 1500 1500 950 6 538330 0.000000 0.000000 0.000000 0.000000 0.000000 0.000000 0.000000 0006 538849 -0.198277 0.678000 0.182931
0006 541687 0.017092 0.020706 -0.448849 1500 1500 1500 950 6 588318 0.000000 0.000000 0.000000 0.000000 0.000000 0.000000 0.000000 0006 588837 -0.449255 0.678000 0.183634
0006 593292 0.017081 0.020722 -0.448847 1500 1500 1500 950 6 638275 0.000000 0.000000 0.000000 0.000000 0.000000 0.000000 0.000000 0006 638794 0.303697 0.678000 0.184198
0006 640747 0.017040 0.020734 -0.448855 1500 1500 1500 950 6 688293 0.000000 0.000000 0.000000 0.000000 0.000000 0.000000 0.000000 0006 688843 0.889364 0.661050 0.184648
0006 693787 0.017014 0.020728 -0.448854 1500 1500 1500 950 6 738434 0.000000 0.000000 0.000000 0.000000 0.000000 0.000000 0.000000 0006 738922 1.391390 0.678000 0.185008
0006 740936 0.017011 0.020745 -0.448835 1500 1500 1500 950 6 788666 0.000000 0.000000 0.000000 0.000000 0.000000 0.000000 0.000000 0006 789032 0.303697 0.678000 0.181907
0006 794189 0.017008 0.020739 -0.448839 1500 1500 1500 950 6 838837 0.000000 0.000000 0.000000 0.000000 0.000000 0.000000 0.000000 0006 839447 0.052707 0.711900 0.182815
0006 841187 0.016959 0.020737 -0.448829 1500 1500 1500 950 6 888855 0.000000 0.000000 0.000000 0.000000 0.000000 0.000000 0.000000 0006 889252 -0.449255 0.678000 0.183542
0006 893707 0.016987 0.020725 -0.448862 1500 1500 1500 950 6 938843 0.000000 0.000000 0.000000 0.000000 0.000000 0.000000 0.000000 0006 939484 0.889364 0.678000 0.184124
0006 941193 0.016949 0.020683 -0.448899 1500 1500 1500 950 6 988831 0.000000 0.000000 0.000000 0.000000 0.000000 0.000000 0.000000 0006 989227 -0.198277 0.678000 0.184589
0006 993347 0.016942 0.020670 -0.448891 1500 1500 1500 950 7 38849 0.000000 0.000000 0.000000 0.000000 0.000000 0.000000 0.000000 0007 039459 -0.951193 0.678000 0.184961
0007 041321 0.016979 0.020662 -0.448914 1500 1500 1500 950 7 89081 0.000000 0.000000 0.000000 0.000000 0.000000 0.000000 0.000000 0007 089478 0.554693 0.678000 0.185259
0007 093750 0.016981 0.020649 -0.448927 1500 1500 1500 950 7 140167 0.000000 0.000000 0.000000 0.000000 0.000000 0.000000 0.000000 0007 140717 0.554693 0.678000 0.182107
0007 142822 0.016961 0.020622 -0.448944 1500 1500 1500 950 7 190399 0.000000 0.000000 0.000000 0.000000 0.000000 0.000000 0.000000 0007 190887 -0.198277 0.678000 0.182976
0007 240265 0.016938 0.020598 -0.448980 1500 1500 1500 950 7 240601 0.000000 0.000000 0.000000 0.000000 0.000000 0.000000 0.000000 0007 240997 0.554693 0.678000 0.183671
0007 294617 0.017012 0.020606 -0.448980 1500 1500 1500 950 7 290802 0.000000 0.000000 0.000000 0.000000 0.000000 0.000000 0.000000 0007 291626 0.052707 0.678000 0.180836
0007 340210 0.017011 0.020574 -0.448991 1500 1500 1500 950 7 340851 0.000000 0.000000 0.000000 0.000000 0.000000 0.000000 0.000000 0007 341248 0.303697 0.678000 0.181959
0007 394806 0.017006 0.020555 -0.449004 1500 1500 1500 950 7 390808 0.000000 0.000000 0.000000 0.000000 0.000000 0.000000 0.000000 0007 391205 0.303697 0.678000 0.182857
0007 440155 0.017043 0.020545 -0.449005 1500 1500 1500 950 7 440826 0.000000 0.000000 0.000000 0.000000 0.000000 0.000000 0.000000 0007 441223 0.554693 0.678000 0.183576
0007 495056 0.017082 0.020537 -0.449014 1500 1500 1500 950 7 490906 0.000000 0.000000 0.000000 0.000000 0.000000 0.000000 0.000000 0007 491943 1.140374 0.678000 0.180761
0007 540649 0.017076 0.020551 -0.449005 1500 1500 1500 950 7 540833 0.000000 0.000000 0.000000 0.000000 0.000000 0.000000 0.000000 0007 541199 0.554693 0.678000 0.181899
0007 594147 0.017077 0.020573 -0.449009 1500 1500 1500 950 7 590790 0.000000 0.000000 0.000000 0.000000 0.000000 0.000000 0.000000 0007 591187 0.052707 0.678000 0.182809
0007 640198 0.017050 0.020578 -0.449020 1500 1500 1500 950 7 640869 0.000000 0.000000 0.000000 0.000000 0.000000 0.000000 0.000000 0007 641235 0.303697 0.678000 0.183537
0007 694824 0.017049 0.020589 -0.449046 1500 1500 1500 950 7 690887 0.000000 0.000000 0.000000 0.000000 0.000000 0.000000 0.000000 0007 691284 0.052707 0.678000 0.184120
0007 744141 0.017073 0.020609 -0.449029 1500 1500 2000 950 7 740875 0.000000 0.000000 0.000000 0.000000 0.000000 0.000000 0.000000 0007 741455 0.889364 0.678000 0.184586
0007 794464 0.017047 0.020600 -0.449035 1500 1500 2000 950 7 791016 0.000000 0.000000 0.000000 0.000000 0.000000 0.000000 0.000000 0007 791412 0.889364 0.661050 0.181569
0007 840210 0.017006 0.020588 -0.449049 1500 1500 2000 950 7 841095 0.000000 0.000000 0.000000 0.000000 0.000000 0.000000 0.000000 0007 841492 -0.198277 0.678000 0.182545
0007 895294 0.017031 0.020586 -0.449056 1500 1500 2000 950 7 891327 0.000000 0.000000 0.000000 0.000000 0.000000 0.000000 0.000000 0007 892090 0.303697 0.678000 0.183326
0007 940216 0.017035 0.020598 -0.449062 1500 1500 2000 950 7 941406 0.000000 0.000000 0.000000 0.000000 0.000000 0.000000 0.000000 0007 941925 0.554693 0.678000 0.180561
0007 995758 0.017026 0.020593 -0.449038 1500 1500 2000 950 7 991638 0.000000 0.000000 0.000000 0.000000 0.000000 0.000000 0.000000 0007 992035 0.303697 0.678000 0.181739
0008 040375 0.017032 0.020613 -0.449033 1500 1500 2000 950 8 42084 0.000000 0.000000 0.000000 0.000000 0.000000 0.000000 0.000000 0008 042480 0.889364 0.678000 0.182681
0008 095734 0.017058 0.020613 -0.449053 1500 1500 2000 950 8 92072 0.000000 0.000000 0.000000 0.000000 0.000000 0.000000 0.000000 0008 092438 0.889364 0.678000 0.183435
0008 140167 0.017076 0.020612 -0.449087 1500 1500 2000 950 8 142212 0.000000 0.000000 0.000000 0.000000 0.000000 0.000000 0.000000 0008 142761 0.889364 0.678000 0.180648
0008 195435 0.017100 0.020614 -0.449096 1500 1500 2000 950 8 192200 0.000000 0.000000 0.000000 0.000000 0.000000 0.000000 0.000000 0008 192871 0.889364 0.678000 0.181808
0008 240082 0.017131 0.020589 -0.449080 1500 1500 2000 950 8 242249 0.000000 0.000000 0.000000 0.000000 0.000000 0.000000 0.000000 0008 242767 0.052707 0.678000 0.182737
0008 295471 0.017129 0.020587 -0.449053 1500 1500 2000 950 8 292236 0.000000 0.000000 0.000000 0.000000 0.000000 0.000000 0.000000 0008 292725 0.052707 0.661050 0.180089
0008 340118 0.017095 0.020601 -0.449072 1500 1500 2000 950 8 342285 0.000000 0.000000 0.000000 0.000000 0.000000 0.000000 0.000000 0008 342834 -0.198277 0.678000 0.181361
0008 396271 0.017061 0.020601 -0.449089 1500 1500 2000 950 8 392395 0.000000 0.000000 0.000000 0.000000 0.000000 0.000000 0.000000 0008 392914 -0.700227 0.678000 0.178989
0008 440155 0.017032 0.020608 -0.449086 1500 1500 2000 950 8 442474 0.000000 0.000000 0.000000 0.000000 0.000000 0.000000 0.000000 0008 442963 0.303697 0.678000 0.177091
0008 496277 0.017014 0.020633 -0.449077 1500 1500 2000 950 8 492828 0.000000 0.000000 0.000000 0.000000 0.000000 0.000000 0.000000 0008 493652 -0.198277 0.678000 0.178963
0008 541504 0.017038 0.020659 -0.449053 1500 1500 2000 950 8 542938 0.000000 0.000000 0.000000 0.000000 0.000000 0.000000 0.000000 0008 543335 -0.700227 0.661050 0.180460
0008 596680 0.017065 0.020682 -0.449067 1500 1500 2000 950 8 593018 0.000000 0.000000 0.000000 0.000000 0.000000 0.000000 0.000000 0008 593506 0.052707 0.678000 0.181658
0008 640320 0.017045 0.020687 -0.449105 1500 1500 2000 950 8 643127 0.000000 0.000000 0.000000 0.000000 0.000000 0.000000 0.000000 0008 643646 -0.198277 0.678000 0.179227
0008 692169 0.016998 0.020687 -0.449099 1500 1500 2000 950 8 693268 0.000000 0.000000 0.000000 0.000000 0.000000 0.000000 0.000000 0008 693756 0.303697 0.678000 0.180671
0008 741608 0.016995 0.020718 -0.449105 1500 1500 2000 950 8 743530 0.000000 0.000000 0.000000 0.000000 0.000000 0.000000 0.000000 0008 743927 -0.198277 0.678000 0.181827
0008 793121 0.016988 0.020733 -0.449129 1500 1500 2000 950 8 793762 0.000000 0.000000 0.000000 0.000000 0.000000 0.000000 0.000000 0008 794159 0.052707 0.678000 0.182752
0008 840179 0.016964 0.020741 -0.449132 1500 1500 2000 950 8 843903 0.000000 0.000000 0.000000 0.000000 0.000000 0.000000 0.000000 0008 844299 0.889364 0.678000 0.183491
0008 893524 0.016933 0.020751 -0.449150 1500 1500 2000 950 8 894104 0.000000 0.000000 0.000000 0.000000 0.000000 0.000000 0.000000 0008 894623 0.889364 0.678000 0.184083
0008 940338 0.016923 0.020762 -0.449127 1500 1500 2000 950 8 944153 0.000000 0.000000 0.000000 0.000000 0.000000 0.000000 0.000000 0008 944672 0.554693 0.678000 0.181166
0008 993256 0.016921 0.020727 -0.449149 1500 1500 2000 950 8 994171 0.000000 0.000000 0.000000 0.000000 0.000000 0.000000 0.000000 0008 994843 0.303697 0.678000 0.182223
0009 040588 0.016935 0.020714 -0.449157 1500 1500 2000 950 9 44250 0.000000 0.000000 0.000000 0.000000 0.000000 0.000000 0.000000 0009 044891 0.554693 0.678000 0.179679
0009 093536 0.016948 0.020721 -0.449178 1500 1500 2000 950 9 94666 0.000000 0.000000 0.000000 0.000000 0.000000 0.000000 0.000000 0009 095062 0.052707 0.678000 0.181033
0009 140289 0.016958 0.020739 -0.449220 1500 1500 2000 950 9 144714 0.000000 0.000000 0.000000 0.000000 0.000000 0.000000 0.000000 0009 145081 -0.198277 0.678000 0.182116
0009 192993 0.016960 0.020736 -0.449219 1500 1500 2000 950 9 194763 0.000000 0.000000 0.000000 0.000000 0.000000 0.000000 0.000000 0009 195160 0.052707 0.678000 0.182983
0009 240326 0.016965 0.020698 -0.449231 1500 1500 2000 950 9 244995 0.000000 0.000000 0.000000 0.000000 0.000000 0.000000 0.000000 0009 245605 0.889364 0.678000 0.183676
0009 293304 0.016971 0.020685 -0.449215 1500 1500 2000 950 9 295074 0.000000 0.000000 0.000000 0.000000 0.000000 0.000000 0.000000 0009 295746 1.140374 0.678000 0.184231
0009 340118 0.016958 0.020637 -0.449218 1500 1500 2000 950 9 345032 0.000000 0.000000 0.000000 0.000000 0.000000 0.000000 0.000000 0009 345703 -0.198277 0.678000 0.184675
0009 394196 0.016968 0.020624 -0.449233 1500 1500 2000 950 9 395142 0.000000 0.000000 0.000000 0.000000 0.000000 0.000000 0.000000 0009 395844 -0.198277 0.678000 0.185030
0009 441071 0.016958 0.020627 -0.449237 1500 1500 2000 950 9 445221 0.000000 0.000000 0.000000 0.000000 0.000000 0.000000 0.000000 0009 445831 0.554693 0.678000 0.181924
0009 493561 0.016989 0.020607 -0.449242 1500 1500 2000 950 9 495331 0.000000 0.000000 0.000000 0.000000 0.000000 0.000000 0.000000 0009 495941 0.303697 0.678000 0.182829
0009 540253 0.016992 0.020598 -0.449265 1500 1500 2000 950 9 545532 0.000000 0.000000 0.000000 0.000000 0.000000 0.000000 0.000000 0009 545929 0.889364 0.678000 0.183553
0009 594025 0.016992 0.020569 -0.449289 1500 1500 2000 950 9 595612 0.000000 0.000000 0.000000 0.000000 0.000000 0.000000 0.000000 0009 596313 1.140374 0.678000 0.181884
0009 640045 0.016990 0.020558 -0.449278 1500 1500 2000 950 9 645721 0.000000 0.000000 0.000000 0.000000 0.000000 0.000000 0.000000 0009 646118 0.303697 0.678000 0.182797
0009 693298 0.016962 0.020559 -0.449263 1500 1500 2000 950 9 695709 0.000000 0.000000 0.000000 0.000000 0.000000 0.000000 0.000000 0009 696228 0.889364 0.678000 0.180138
0009 740051 0.016970 0.020572 -0.449246 1500 1500 2000 950 9 745697 0.000000 0.000000 0.000000 0.000000 0.000000 0.000000 0.000000 0009 746094 0.303697 0.678000 0.178010
0009 794006 0.016968 0.020560 -0.449243 1500 1500 2000 950 9 795715 0.000000 0.000000 0.000000 0.000000 0.000000 0.000000 0.000000 0009 796112 -0.198277 0.678000 0.179698
0009 840027 0.016941 0.020519 -0.449261 1500 1500 2000 950 9 845947 0.000000 0.000000 0.000000 0.000000 0.000000 0.000000 0.000000 0009 846466 -0.198277 0.678000 0.181049
0009 892120 0.016928 0.020547 -0.449251 1500 1500 2000 950 9 896027 0.000000 0.000000 0.000000 0.000000 0.000000 0.000000 0.000000 0009 896576 0.554693 0.661050 0.178739
0009 940033 0.016922 0.020544 -0.449241 1500 1500 2000 950 9 946106 0.000000 0.000000 0.000000 0.000000 0.000000 0.000000 0.000000 0009 946655 0.889364 0.678000 0.180281
0009 994110 0.016906 0.020531 -0.449229 1500 1500 2000 950 9 996216 0.000000 0.000000 0.000000 0.000000 0.000000 0.000000 0.000000 0009 996735 -0.198277 0.678000 0.181515
0010 041199 0.016870 0.020542 -0.449251 1500 1500 2000 950 10 46234 0.000000 0.000000 0.000000 0.000000 0.000000 0.000000 0.000000 0010 046753 0.052707 0.678000 0.182502
0010 093231 0.016842 0.020514 -0.449266 1500 1500 2000 950 10 96313 0.000000 0.000000 0.000000 0.000000 0.000000 0.000000 0.000000 0010 096832 -0.198277 0.678000 0.183292
0010 140015 0.016826 0.020505 -0.449257 1500 1500 2000 950 10 146423 0.000000 0.000000 0.000000 0.000000 0.000000 0.000000 0.000000 0010 146820 0.303697 0.678000 0.183923
0010 193970 0.016807 0.020511 -0.449249 1500 1500 2000 950 10 196655 0.000000 0.000000 0.000000 0.000000 0.000000 0.000000 0.000000 0010 197052 0.052707 0.678000 0.184429
0010 240051 0.016845 0.020514 -0.449250 1500 1500 2000 950 10 246613 0.000000 0.000000 0.000000 0.000000 0.000000 0.000000 0.000000 0010 247009 0.554693 0.678000 0.181443
0010 293274 0.016842 0.020493 -0.449244 1500 1500 2000 950 10 296661 0.000000 0.000000 0.000000 0.000000 0.000000 0.000000 0.000000 0010 297058 0.554693 0.678000 0.182444
0010 341278 0.016822 0.020509 -0.449258 1500 1500 2000 950 10 346832 0.000000 0.000000 0.000000 0.000000 0.000000 0.000000 0.000000 0010 347229 0.554693 0.678000 0.179855
0010 393951 0.016824 0.020492 -0.449248 1500 1500 2000 950 10 396851 0.000000 0.000000 0.000000 0.000000 0.000000 0.000000 0.000000 0010 397247 0.889364 0.678000 0.177784
0010 440002 0.016811 0.020504 -0.449261 1500 1500 2000 950 10 446930 0.000000 0.000000 0.000000 0.000000 0.000000 0.000000 0.000000 0010 447449 0.554693 0.678000 0.179517
0010 493683 0.016815 0.020495 -0.449250 1500 1500 2000 950 10 497009 0.000000 0.000000 0.000000 0.000000 0.000000 0.000000 0.000000 0010 497528 0.889364 0.678000 0.180904
0010 540314 0.016823 0.020491 -0.449266 1500 1500 2000 950 10 546967 0.000000 0.000000 0.000000 0.000000 0.000000 0.000000 0.000000 0010 547485 0.303697 0.678000 0.182013
0010 593262 0.016820 0.020480 -0.449282 1500 1500 2000 950 10 597046 0.000000 0.000000 0.000000 0.000000 0.000000 0.000000 0.000000 0010 597565 0.303697 0.678000 0.179511
0010 640106 0.016827 0.020485 -0.449278 1500 1500 2000 950 10 647064 0.000000 0.000000 0.000000 0.000000 0.000000 0.000000 0.000000 0010 647583 -0.198277 0.678000 0.180898
0010 692139 0.016841 0.020475 -0.449297 1500 1500 2000 950 10 697205 0.000000 0.000000 0.000000 0.000000 0.000000 0.000000 0.000000 0010 697754 0.303697 0.678000 0.182009
0010 741272 0.016839 0.020461 -0.449319 1500 1500 2000 950 10 747223 0.000000 0.000000 0.000000 0.000000 0.000000 0.000000 0.000000 0010 747742 0.554693 0.678000 0.182897
0010 794067 0.016799 0.020490 -0.449320 1500 1500 2000 950 10 797333 0.000000 0.000000 0.000000 0.000000 0.000000 0.000000 0.000000 0010 797943 0.889364 0.678000 0.180218
0010 840057 0.016773 0.020489 -0.449340 1500 1500 2000 950 10 847443 0.000000 0.000000 0.000000 0.000000 0.000000 0.000000 0.000000 0010 847839 1.642413 0.678000 0.181464
0010 893555 0.016791 0.020464 -0.449343 1500 1500 2000 950 10 897552 0.000000 0.000000 0.000000 0.000000 0.000000 0.000000 0.000000 0010 897949 1.391390 0.678000 0.179071
0010 940094 0.016780 0.020473 -0.449359 1500 1500 2000 950 10 947632 0.000000 0.000000 0.000000 0.000000 0.000000 0.000000 0.000000 0010 948029 0.303697 0.678000 0.180547
0010 994080 0.016765 0.020495 -0.449359 1500 1500 2000 950 10 997620 0.000000 0.000000 0.000000 0.000000 0.000000 0.000000 0.000000 0010 998016 0.554693 0.678000 0.178338
0011 040253 0.016754 0.020485 -0.449352 1500 1500 2000 950 11 47638 0.000000 0.000000 0.000000 0.000000 0.000000 0.000000 0.000000 0011 048035 0.554693 0.678000 0.179960
0011 093445 0.016751 0.020500 -0.449364 1500 1500 2000 950 11 97626 0.000000 0.000000 0.000000 0.000000 0.000000 0.000000 0.000000 0011 098022 -0.198277 0.661050 0.177868
0011 140076 0.016739 0.020508 -0.449371 1500 1500 2000 950 11 147644 0.000000 0.000000 0.000000 0.000000 0.000000 0.000000 0.000000 0011 148041 0.052707 0.678000 0.179584
0011 193909 0.016761 0.020544 -0.449370 1500 1500 2000 950 11 197662 0.000000 0.000000 0.000000 0.000000 0.000000 0.000000 0.000000 0011 198242 0.303697 0.678000 0.180958
0011 240082 0.016744 0.020539 -0.449374 1500 1500 2000 950 11 247620 0.000000 0.000000 0.000000 0.000000 0.000000 0.000000 0.000000 0011 248016 -0.449255 0.678000 0.182056
0011 293213 0.016739 0.020527 -0.449383 1500 1500 2000 950 11 297638 0.000000 0.000000 0.000000 0.000000 0.000000 0.000000 0.000000 0011 298248 -0.198277 0.678000 0.182935
0011 340057 0.016726 0.020509 -0.449377 1500 1500 2000 950 11 347626 0.000000 0.000000 0.000000 0.000000 0.000000 0.000000 0.000000 0011 348022 -0.700227 0.678000 0.183638
0011 394073 0.016717 0.020529 -0.449419 1500 1500 2000 950 11 397614 0.000000 0.000000 0.000000 0.000000 0.000000 0.000000 0.000000 0011 398010 0.303697 0.678000 0.184200
0011 440033 0.016714 0.020544 -0.449434 1500 1500 2000 950 11 447876 0.000000 0.000000 0.000000 0.000000 0.000000 0.000000 0.000000 0011 448273 -0.198277 0.678000 0.184650
0011 491913 0.016704 0.020568 -0.449461 1500 1500 2000 950 11 497864 0.000000 0.000000 0.000000 0.000000 0.000000 0.000000 0.000000 0011 498535 -0.198277 0.678000 0.185010
0011 540619 0.016687 0.020573 -0.449442 1500 1500 2000 950 11 547821 0.000000 0.000000 0.000000 0.000000 0.000000 0.000000 0.000000 0011 548248 0.052707 0.661050 0.185298
0011 593994 0.016650 0.020549 -0.449457 1500 1500 2000 950 11 597900 0.000000 0.000000 0.000000 0.000000 0.000000 0.000000 0.000000 0011 598602 0.303697 0.678000 0.185529
0011 641296 0.016641 0.020560 -0.449454 1500 1500 2000 950 11 647919 0.000000 0.000000 0.000000 0.000000 0.000000 0.000000 0.000000 0011 648315 0.554693 0.678000 0.185713
0011 691925 0.016631 0.020536 -0.449457 1500 1500 2000 950 11 698029 0.000000 0.000000 0.000000 0.000000 0.000000 0.000000 0.000000 0011 698578 -0.198277 0.678000 0.185860
0011 740082 0.016674 0.020522 -0.449468 1500 1500 2000 950 11 748047 0.000000 0.000000 0.000000 0.000000 0.000000 0.000000 0.000000 0011 748566 0.303697 0.678000 0.185978
0011 794006 0.016661 0.020514 -0.449449 1500 1500 2000 950 11 798157 0.000000 0.000000 0.000000 0.000000 0.000000 0.000000 0.000000 0011 798676 0.554693 0.678000 0.186073
0011 840027 0.016671 0.020508 -0.449460 1500 1500 2000 950 11 848114 0.000000 0.000000 0.000000 0.000000 0.000000 0.000000 0.000000 0011 848602 -0.198277 0.678000 0.186148
0011 892120 0.016669 0.020497 -0.449441 1500 1500 2000 950 11 898224 0.000000 0.000000 0.000000 0.000000 0.000000 0.000000 0.000000 0011 898712 0.554693 0.661050 0.182818
0011 939911 0.016642 0.020507 -0.449433 1500 1500 2000 950 11 948120 0.000000 0.000000 0.000000 0.000000 0.000000 0.000000 0.000000 0011 948639 0.303697 0.678000 0.183545
0011 993896 0.016620 0.020505 -0.449460 1500 1500 2000 950 11 998352 0.000000 0.000000 0.000000 0.000000 0.000000 0.000000 0.000000 0011 998749 -0.198277 0.661050 0.180736
0012 039978 0.016621 0.020561 -0.449428 1500 1500 2000 950 12 48340 0.000000 0.000000 0.000000 0.000000 0.000000 0.000000 0.000000 0012 048737 0.554693 0.678000 0.181879
0012 092926 0.016635 0.020558 -0.449460 1500 1500 2000 950 12 98541 0.000000 0.000000 0.000000 0.000000 0.000000 0.000000 0.000000 0012 098969 -0.198277 0.678000 0.182793
0012 139923 0.016671 0.020567 -0.449465 1500 1500 2000 950 12 148499 0.000000 0.000000 0.000000 0.000000 0.000000 0.000000 0.000000 0012 148895 -0.198277 0.678000 0.180134
0012 193817 0.016648 0.020563 -0.449466 1500 1500 2000 950 12 198669 0.000000 0.000000 0.000000 0.000000 0.000000 0.000000 0.000000 0012 199066 -0.198277 0.661050 0.181397
0012 241089 0.016622 0.020533 -0.449457 1500 1500 2000 950 12 248810 0.000000 0.000000 0.000000 0.000000 0.000000 0.000000 0.000000 0012 249725 0.052707 0.678000 0.179018
0012 293152 0.016624 0.020537 -0.449461 1500 1500 2000 950 12 298767 0.000000 0.000000 0.000000 0.000000 0.000000 0.000000 0.000000 0012 299164 0.303697 0.678000 0.180504
0012 339905 0.016607 0.020493 -0.449472 1500 1500 2000 950 12 348694 0.000000 0.000000 0.000000 0.000000 0.000000 0.000000 0.000000 0012 349548 -0.198277 0.678000 0.181694
0012 393738 0.016577 0.020496 -0.449476 1500 1500 2000 950 12 398773 0.000000 0.000000 0.000000 0.000000 0.000000 0.000000 0.000000 0012 399384 0.303697 0.678000 0.182645
0012 439880 0.016564 0.020492 -0.449462 1500 1500 2000 950 12 448700 0.000000 0.000000 0.000000 0.000000 0.000000 0.000000 0.000000 0012 449554 0.052707 0.678000 0.183406
0012 493195 0.016615 0.020527 -0.449478 1500 1500 2000 950 12 498871 0.000000 0.000000 0.000000 0.000000 0.000000 0.000000 0.000000 0012 499390 -0.700227 0.678000 0.184015
0012 540192 0.016623 0.020510 -0.449491 1500 1500 2000 950 12 549042 0.000000 0.000000 0.000000 0.000000 0.000000 0.000000 0.000000 0012 549927 0.052707 0.678000 0.184502
0012 593719 0.016632 0.020517 -0.449496 1500 1500 2000 950 12 598999 0.000000 0.000000 0.000000 0.000000 0.000000 0.000000 0.000000 0012 599518 1.140374 0.678000 0.184891
0012 640991 0.016630 0.020505 -0.449517 1500 1500 2000 950 12 648926 0.000000 0.000000 0.000000 0.000000 0.000000 0.000000 0.000000 0012 649902 -0.198277 0.678000 0.185203
0012 692993 0.016621 0.020511 -0.449500 1500 1500 2000 950 12 698914 0.000000 0.000000 0.000000 0.000000 0.000000 0.000000 0.000000 0012 699432 -0.198277 0.678000 0.185452
0012 739868 0.016626 0.020500 -0.449523 1500 1500 2000 950 12 749084 0.000000 0.000000 0.000000 0.000000 0.000000 0.000000 0.000000 0012 750031 -0.198277 0.678000 0.185652
0012 792969 0.016619 0.020532 -0.449529 1500 1500 2000 950 12 799072 0.000000 0.000000 0.000000 0.000000 0.000000 0.000000 0.000000 0012 799591 -0.198277 0.678000 0.185812
0012 839783 0.016629 0.020503 -0.449537 1500 1500 2000 950 12 848999 0.000000 0.000000 0.000000 0.000000 0.000000 0.000000 0.000000 0012 849945 0.554693 0.678000 0.185939
0012 893097 0.016627 0.020494 -0.449564 1500 1500 2000 950 12 898987 0.000000 0.000000 0.000000 0.000000 0.000000 0.000000 0.000000 0012 899628 0.554693 0.678000 0.186041
0012 941162 0.016665 0.020483 -0.449567 1500 1500 2000 950 12 949097 0.000000 0.000000 0.000000 0.000000 0.000000 0.000000 0.000000 0012 949982 0.303697 0.678000 0.186123
0012 993439 0.016707 0.020483 -0.449556 1500 1500 1000 950 12 999084 0.000000 0.000000 0.000000 0.000000 0.000000 0.000000 0.000000 0012 999603 0.554693 0.678000 0.186189
0013 039948 0.016686 0.020477 -0.000025 1500 1500 1000 950 13 49347 0.000000 0.000000 0.000000 0.000000 0.000000 0.000000 0.000000 0013 050323 -0.198277 0.678000 0.182851
0013 091736 0.016800 0.020561 -0.000033 1500 1500 1000 950 13 99548 0.000000 0.000000 0.000000 0.000000 0.000000 0.000000 0.000000 0013 099945 0.889364 0.678000 0.180181
0013 141602 0.016752 0.020715 -0.000038 1500 1500 1000 950 13 149506 0.000000 0.000000 0.000000 0.000000 0.000000 0.000000 0.000000 0013 150421 0.303697 0.678000 0.181435
0013 193176 0.016520 0.020692 -0.000025 1500 1500 1000 950 13 199493 0.000000 0.000000 0.000000 0.000000 0.000000 0.000000 0.000000 0013 199890 0.052707 0.678000 0.179048
0013 239716 0.016707 0.021039 -0.000006 1500 1500 1000 950 13 249481 0.000000 0.000000 0.000000 0.000000 0.000000 0.000000 0.000000 0013 251129 -0.449255 0.678000 0.180528
0013 293396 0.016796 0.021146 -0.000026 1500 1500 1000 950 13 299500 0.000000 0.000000 0.000000 0.000000 0.000000 0.000000 0.000000 0013 299896 0.554693 0.678000 0.178322
0013 340424 0.016841 0.021363 -0.000018 1500 1500 1000 950 13 349426 0.000000 0.000000 0.000000 0.000000 0.000000 0.000000 0.000000 0013 350342 0.554693 0.678000 0.179948
0013 392853 0.016257 0.021398 -0.000015 1500 1500 1000 950 13 399506 0.000000 0.000000 0.000000 0.000000 0.000000 0.000000 0.000000 0013 399902 0.554693 0.678000 0.181248
0013 439697 0.016545 0.021065 -0.000013 1500 1500 1000 950 13 449463 0.000000 0.000000 0.000000 0.000000 0.000000 0.000000 0.000000 0013 449951 0.303697 0.678000 0.182289
0013 491577 0.016718 0.020850 -0.000008 1500 1500 1000 950 13 499542 0.000000 0.000000 0.000000 0.000000 0.000000 0.000000 0.000000 0013 499939 -0.198277 0.661050 0.179731
0013 539764 0.016807 0.020734 -0.000025 1500 1500 1000 950 13 549469 0.000000 0.000000 0.000000 0.000000 0.000000 0.000000 0.000000 0013 549927 0.303697 0.678000 0.181075
0013 592621 0.016905 0.020914 -0.000013 1500 1500 1000 950 13 599518 0.000000 0.000000 0.000000 0.000000 0.000000 0.000000 0.000000 0013 599915 0.052707 0.678000 0.178760
0013 639679 0.017128 0.021351 -0.000030 1500 1500 1000 950 13 649506 0.000000 0.000000 0.000000 0.000000 0.000000 0.000000 0.000000 0013 649994 0.889364 0.678000 0.180298
0013 692841 0.017193 0.021194 -0.000033 1500 1500 1000 950 13 699493 0.000000 0.000000 0.000000 0.000000 0.000000 0.000000 0.000000 0013 699890 -0.198277 0.678000 0.178138
0013 739746 0.016713 0.021034 -0.000051 1500 1500 1000 950 13 749451 0.000000 0.000000 0.000000 0.000000 0.000000 0.000000 0.000000 0013 749939 -0.198277 0.678000 0.179801
0013 792755 0.016408 0.020817 -0.000045 1500 1500 1000 950 13 799500 0.000000 0.000000 0.000000 0.000000 0.000000 0.000000 0.000000 0013 799896 0.554693 0.678000 0.181131
0013 840088 0.016518 0.020422 -0.000038 1500 1500 1000 950 13 849701 0.000000 0.000000 0.000000 0.000000 0.000000 0.000000 0.000000 0013 850098 0.303697 0.661050 0.178804
0013 892975 0.016182 0.020354 -0.000036 1500 1500 1000 950 13 899750 0.000000 0.000000 0.000000 0.000000 0.000000 0.000000 0.000000 0013 900146 -0.449255 0.678000 0.180334
0013 941284 0.016067 0.020575 -0.000051 1500 1500 1000 950 13 949677 0.000000 0.000000 0.000000 0.000000 0.000000 0.000000 0.000000 0013 950073 0.052707 0.678000 0.181557
0013 992767 0.016247 0.020385 -0.000059 1500 1500 1000 950 13 999725 0.000000 0.000000 0.000000 0.000000 0.000000 0.000000 0.000000 0014 000122 1.140374 0.678000 0.182535
0014 039734 0.016315 0.020601 -0.000066 1500 1500 1000 950 14 49713 0.000000 0.000000 0.000000 0.000000 0.000000 0.000000 0.000000 0014 050293 -0.449255 0.678000 0.183318
0014 092987 0.016154 0.020427 -0.000076 1500 1500 1000 950 14 99762 0.000000 0.000000 0.000000 0.000000 0.000000 0.000000 0.000000 0014 100159 -0.700227 0.678000 0.183945
0014 139740 0.016122 0.020401 -0.000057 1500 1500 1000 950 14 149841 0.000000 0.000000 0.000000 0.000000 0.000000 0.000000 0.000000 0014 150513 -0.198277 0.678000 0.184446
0014 192749 0.016116 0.020385 -0.000055 1500 1500 1000 950 14 199799 0.000000 0.000000 0.000000 0.000000 0.000000 0.000000 0.000000 0014 200317 0.303697 0.678000 0.184847
0014 239685 0.016120 0.020348 -0.000039 1500 1500 1000 950 14 249969 0.000000 0.000000 0.000000 0.000000 0.000000 0.000000 0.000000 0014 250977 0.554693 0.678000 0.185167
0014 292908 0.016142 0.020344 -0.000032 1500 1500 1000 950 14 299957 0.000000 0.000000 0.000000 0.000000 0.000000 0.000000 0.000000 0014 300507 0.303697 0.678000 0.182034
0014 339722 0.016145 0.020352 -0.000008 1500 1500 1000 950 14 350037 0.000000 0.000000 0.000000 0.000000 0.000000 0.000000 0.000000 0014 350525 -0.198277 0.661050 0.182917
0014 392670 0.016126 0.020336 0.000005 1500 1500 1000 950 14 400269 0.000000 0.000000 0.000000 0.000000 0.000000 0.000000 0.000000 0014 400665 -0.449255 0.678000 0.183624
0014 439789 0.016152 0.020352 0.000022 1500 1500 1000 950 14 450684 0.000000 0.000000 0.000000 0.000000 0.000000 0.000000 0.000000 0014 451538 -0.198277 0.678000 0.184189
0014 492920 0.016166 0.020379 0.000027 1500 1500 1000 950 14 500824 0.000000 0.000000 0.000000 0.000000 0.000000 0.000000 0.000000 0014 501343 0.554693 0.661050 0.181251
0014 539917 0.016200 0.020389 0.000028 1500 1500 1000 950 14 550842 0.000000 0.000000 0.000000 0.000000 0.000000 0.000000 0.000000 0014 551758 -0.198277 0.678000 0.178901
0014 592804 0.016206 0.020419 0.000032 1500 1500 1000 950 14 600861 0.000000 0.000000 0.000000 0.000000 0.000000 0.000000 0.000000 0014 601379 0.303697 0.678000 0.180411
0014 639771 0.016238 0.020424 0.000015 1500 1500 1000 950 14 650848 0.000000 0.000000 0.000000 0.000000 0.000000 0.000000 0.000000 0014 651764 0.303697 0.678000 0.181619
0014 692932 0.016251 0.020416 -0.000000 1500 1500 1000 950 14 701019 0.000000 0.000000 0.000000 0.000000 0.000000 0.000000 0.000000 0014 701538 0.554693 0.678000 0.182585
0014 739777 0.016216 0.020411 0.000012 1500 1500 1000 950 14 751038 0.000000 0.000000 0.000000 0.000000 0.000000 0.000000 0.000000 0014 751923 0.052707 0.678000 0.183358
0014 792694 0.016236 0.020399 0.000013 1500 1500 1000 950 14 800964 0.000000 0.000000 0.000000 0.000000 0.000000 0.000000 0.000000 0014 801514 -0.449255 0.661050 0.180586
0014 839783 0.016202 0.020379 0.000006 1500 1500 1000 950 14 850952 0.000000 0.000000 0.000000 0.000000 0.000000 0.000000 0.000000 0014 851868 -0.198277 0.678000 0.181759
0014 891815 0.016202 0.020378 0.000007 1500 1500 1000 950 14 900909 0.000000 0.000000 0.000000 0.000000 0.000000 0.000000 0.000000 0014 901428 -0.198277 0.678000 0.182697
0014 939728 0.016245 0.020396 0.000009 1500 1500 1000 950 14 950989 0.000000 0.000000 0.000000 0.000000 0.000000 0.000000 0.000000 0014 951874 0.554693 0.678000 0.183448
0014 992828 0.016259 0.020399 -0.000017 1500 1500 1000 950 15 1038 0.000000 0.000000 0.000000 0.000000 0.000000 0.000000 0.000000 0015 001556 0.052707 0.678000 0.184048
0015 039917 0.016280 0.020389 -0.000011 1500 1500 1000 950 15 51025 0.000000 0.000000 0.000000 0.000000 0.000000 0.000000 0.000000 0015 051575 0.303697 0.678000 0.184529
0015 092896 0.016245 0.020397 0.000001 1500 1500 1000 950 15 101013 0.000000 0.000000 0.000000 0.000000 0.000000 0.000000 0.000000 0015 101532 0.554693 0.678000 0.184913
0015 139740 0.016212 0.020401 0.000002 1500 1500 1000 950 15 150970 0.000000 0.000000 0.000000 0.000000 0.000000 0.000000 0.000000 0015 151855 -0.198277 0.678000 0.185220
0015 192719 0.016216 0.020419 0.000031 1500 1500 1000 950 15 200867 0.000000 0.000000 0.000000 0.000000 0.000000 0.000000 0.000000 0015 201416 -0.700227 0.678000 0.185466
0015 239777 0.016237 0.020404 0.000037 1500 1500 1000 950 15 250916 0.000000 0.000000 0.000000 0.000000 0.000000 0.000000 0.000000 0015 251801 -0.198277 0.678000 0.185663
0015 291595 0.016280 0.020398 0.000053 1500 1500 1000 950 15 300812 0.000000 0.000000 0.000000 0.000000 0.000000 0.000000 0.000000 0015 301331 -0.449255 0.678000 0.185820
0015 339661 0.016261 0.020414 0.000052 1500 1500 1000 950 15 350769 0.000000 0.000000 0.000000 0.000000 0.000000 0.000000 0.000000 0015 351654 0.052707 0.678000 0.185946
0015 392700 0.016247 0.020409 0.000076 1500 1500 1000 950 15 400757 0.000000 0.000000 0.000000 0.000000 0.000000 0.000000 0.000000 0015 401276 -0.449255 0.678000 0.182657
0015 439667 0.016267 0.020424 0.000077 1500 1500 1000 950 15 450897 0.000000 0.000000 0.000000 0.000000 0.000000 0.000000 0.000000 0015 451782 -0.198277 0.678000 0.183416
0015 492889 0.016274 0.020439 0.000081 1500 1500 1000 950 15 500854 0.000000 0.000000 0.000000 0.000000 0.000000 0.000000 0.000000 0015 501373 0.303697 0.678000 0.184023
0015 539703 0.016232 0.020421 0.000079 1500 1500 1000 950 15 550812 0.000000 0.000000 0.000000 0.000000 0.000000 0.000000 0.000000 0015 551666 -0.198277 0.678000 0.184508
0015 592773 0.016238 0.020399 0.000071 1500 1500 1000 950 15 600983 0.000000 0.000000 0.000000 0.000000 0.000000 0.000000 0.000000 0015 601501 0.554693 0.678000 0.184896
0015 639648 0.016237 0.020403 0.000068 1500 1500 1000 950 15 651001 0.000000 0.000000 0.000000 0.000000 0.000000 0.000000 0.000000 0015 651825 0.889364 0.678000 0.185207
0015 692749 0.016224 0.020413 0.000063 1500 1500 1000 950 15 700928 0.000000 0.000000 0.000000 0.000000 0.000000 0.000000 0.000000 0015 701447 -1.202153 0.678000 0.185456
0015 739685 0.016243 0.020432 0.000061 1500 1500 1000 950 15 750916 0.000000 0.000000 0.000000 0.000000 0.000000 0.000000 0.000000 0015 751831 -0.449255 0.661050 0.182265
0015 792633 0.016209 0.020431 0.000057 1500 1500 1000 950 15 800842 0.000000 0.000000 0.000000 0.000000 0.000000 0.000000 0.000000 0015 801361 0.303697 0.678000 0.183102
0015 839630 0.016220 0.020458 0.000062 1500 1500 1000 950 15 850800 0.000000 0.000000 0.000000 0.000000 0.000000 0.000000 0.000000 0015 851685 0.303697 0.661050 0.183771
0015 892761 0.016207 0.020461 0.000061 1500 1500 1000 950 15 900787 0.000000 0.000000 0.000000 0.000000 0.000000 0.000000 0.000000 0015 901306 0.554693 0.678000 0.184307
0015 939667 0.016227 0.020464 0.000058 1500 1500 1000 950 15 950806 0.000000 0.000000 0.000000 0.000000 0.000000 0.000000 0.000000 0015 951660 0.303697 0.678000 0.181346
0015 992615 0.016229 0.020434 0.000064 1500 1500 1000 950 16 763 0.000000 0.000000 0.000000 0.000000 0.000000 0.000000 0.000000 0016 001282 0.052707 0.678000 0.178977
0016 039673 0.016263 0.020428 0.000063 1500 1500 1000 950 16 50751 0.000000 0.000000 0.000000 0.000000 0.000000 0.000000 0.000000 0016 051636 0.554693 0.678000 0.180471
0016 092804 0.016285 0.020444 0.000086 1500 1500 1000 950 16 100952 0.000000 0.000000 0.000000 0.000000 0.000000 0.000000 0.000000 0016 101471 0.889364 0.678000 0.181667
0016 139618 0.016266 0.020441 0.000077 1500 1500 1000 950 16 151215 0.000000 0.000000 0.000000 0.000000 0.000000 0.000000 0.000000 0016 151611 0.889364 0.678000 0.182624
0016 193451 0.016251 0.020451 0.000057 1500 1500 1000 950 16 201172 0.000000 0.000000 0.000000 0.000000 0.000000 0.000000 0.000000 0016 201569 0.889364 0.678000 0.183389
0016 239624 0.016279 0.020448 0.000079 1500 1500 1000 950 16 251373 0.000000 0.000000 0.000000 0.000000 0.000000 0.000000 0.000000 0016 251740 0.052707 0.678000 0.184001
0016 292786 0.016275 0.020468 0.000068 1500 1500 1000 950 16 301514 0.000000 0.000000 0.000000 0.000000 0.000000 0.000000 0.000000 0016 301910 0.554693 0.678000 0.184491
0016 339569 0.016294 0.020477 0.000073 1500 1500 1000 950 16 351624 0.000000 0.000000 0.000000 0.000000 0.000000 0.000000 0.000000 0016 352020 -0.198277 0.678000 0.181493
0016 393250 0.016307 0.020456 0.000091 1500 1500 1000 950 16 401764 0.000000 0.000000 0.000000 0.000000 0.000000 0.000000 0.000000 0016 402283 0.303697 0.678000 0.182484
0016 439636 0.016326 0.020440 0.000143 1500 1500 1000 950 16 451965 0.000000 0.000000 0.000000 0.000000 0.000000 0.000000 0.000000 0016 452484 0.052707 0.678000 0.183277
0016 492767 0.016361 0.020447 0.000159 1500 1500 1000 950 16 502167 0.000000 0.000000 0.000000 0.000000 0.000000 0.000000 0.000000 0016 502563 0.889364 0.678000 0.180522
0016 539703 0.016340 0.020454 0.000183 1500 1500 1000 950 16 552216 0.000000 0.000000 0.000000 0.000000 0.000000 0.000000 0.000000 0016 552612 0.052707 0.678000 0.181707
0016 593445 0.016350 0.020461 0.000218 1500 1500 1000 950 16 602325 0.000000 0.000000 0.000000 0.000000 0.000000 0.000000 0.000000 0016 602722 -0.198277 0.678000 0.182656
0016 639587 0.016350 0.020459 0.000224 1500 1500 1000 950 16 652344 0.000000 0.000000 0.000000 0.000000 0.000000 0.000000 0.000000 0016 652740 0.554693 0.678000 0.183415
0016 691437 0.016385 0.020475 0.000221 1500 1500 1000 950 16 702393 0.000000 0.000000 0.000000 0.000000 0.000000 0.000000 0.000000 0016 702789 0.303697 0.678000 0.184022
0016 740753 0.016376 0.020495 0.000229 1500 1500 1000 950 16 752441 0.000000 0.000000 0.000000 0.000000 0.000000 0.000000 0.000000 0016 752808 -0.449255 0.678000 0.181117
0016 792603 0.016372 0.020493 0.000220 1500 1500 1000 950 16 802521 0.000000 0.000000 0.000000 0.000000 0.000000 0.000000 0.000000 0016 803131 0.889364 0.678000 0.178794
0016 839569 0.016351 0.020499 0.000211 1500 1500 1000 950 16 852692 0.000000 0.000000 0.000000 0.000000 0.000000 0.000000 0.000000 0016 853302 0.303697 0.678000 0.180325
0016 892761 0.016362 0.020514 0.000222 1500 1500 1000 950 16 902802 0.000000 0.000000 0.000000 0.000000 0.000000 0.000000 0.000000 0016 903351 0.303697 0.678000 0.181550
0016 939636 0.016389 0.020514 0.000234 1500 1500 1000 950 16 952972 0.000000 0.000000 0.000000 0.000000 0.000000 0.000000 0.000000 0016 953583 0.554693 0.678000 0.182530
0016 992554 0.016420 0.020528 0.000266 1500 1500 1000 950 17 2991 0.000000 0.000000 0.000000 0.000000 0.000000 0.000000 0.000000 0017 003510 -0.198277 0.678000 0.183314
0017 039673 0.016432 0.020546 0.000244 1500 1500 1000 950 17 53223 0.000000 0.000000 0.000000 0.000000 0.000000 0.000000 0.000000 0017 053619 0.052707 0.678000 0.183941
0017 091461 0.016429 0.020558 0.000249 1500 1500 1000 950 17 103241 0.000000 0.000000 0.000000 0.000000 0.000000 0.000000 0.000000 0017 103638 -0.449255 0.678000 0.184443
0017 139587 0.016470 0.020566 0.000270 1500 1500 1000 950 17 153412 0.000000 0.000000 0.000000 0.000000 0.000000 0.000000 0.000000 0017 153809 -0.449255 0.678000 0.184844
0017 193207 0.016455 0.020559 0.000285 1500 1500 1000 950 17 203552 0.000000 0.000000 0.000000 0.000000 0.000000 0.000000 0.000000 0017 204346 -0.449255 0.678000 0.181776
0017 239532 0.016470 0.020568 0.000277 1500 1500 1000 950 17 253662 0.000000 0.000000 0.000000 0.000000 0.000000 0.000000 0.000000 0017 254211 0.889364 0.678000 0.182710
0017 292786 0.016480 0.020537 0.000298 1500 1500 1000 950 17 303772 0.000000 0.000000 0.000000 0.000000 0.000000 0.000000 0.000000 0017 304291 0.889364 0.678000 0.180068
0017 339539 0.016479 0.020516 0.000305 1500 1500 1000 950 17 353851 0.000000 0.000000 0.000000 0.000000 0.000000 0.000000 0.000000 0017 354370 0.052707 0.678000 0.181345
0017 393280 0.016485 0.020535 0.000314 1500 1500 1000 950 17 404144 0.000000 0.000000 0.000000 0.000000 0.000000 0.000000 0.000000 0017 404541 -0.198277 0.678000 0.182366
0017 439423 0.016472 0.020512 0.000291 1500 1500 1000 950 17 454285 0.000000 0.000000 0.000000 0.000000 0.000000 0.000000 0.000000 0017 454712 -0.198277 0.678000 0.183183
0017 492676 0.016480 0.020529 0.000316 1500 1500 1000 950 17 504333 0.000000 0.000000 0.000000 0.000000 0.000000 0.000000 0.000000 0017 504700 -0.198277 0.678000 0.183836
0017 539581 0.016490 0.020550 0.000316 1500 1500 1000 950 17 554321 0.000000 0.000000 0.000000 0.000000 0.000000 0.000000 0.000000 0017 554718 -0.198277 0.678000 0.184359
0017 592560 0.016490 0.020561 0.000334 1500 1500 1000 950 17 604340 0.000000 0.000000 0.000000 0.000000 0.000000 0.000000 0.000000 0017 604736 -0.198277 0.678000 0.181387
0017 639557 0.016486 0.020573 0.000348 1500 1500 1000 950 17 654297 0.000000 0.000000 0.000000 0.000000 0.000000 0.000000 0.000000 0017 654694 0.303697 0.678000 0.179010
0017 692749 0.016479 0.020581 0.000340 1500 1500 1000 950 17 704376 0.000000 0.000000 0.000000 0.000000 0.000000 0.000000 0.000000 0017 704773 -0.700227 0.678000 0.180498
0017 739532 0.016473 0.020579 0.000359 1500 1500 1000 950 17 754517 0.000000 0.000000 0.000000 0.000000 0.000000 0.000000 0.000000 0017 754944 0.303697 0.678000 0.178298
0017 793243 0.016458 0.020569 0.000363 1500 1500 1000 950 17 804596 0.000000 0.000000 0.000000 0.000000 0.000000 0.000000 0.000000 0017 804993 0.554693 0.678000 0.179929
0017 839447 0.016468 0.020562 0.000378 1500 1500 1000 950 17 854706 0.000000 0.000000 0.000000 0.000000 0.000000 0.000000 0.000000 0017 855225 0.303697 0.661050 0.177843
0017 892731 0.016476 0.020552 0.000371 1500 1500 1000 950 17 904846 0.000000 0.000000 0.000000 0.000000 0.000000 0.000000 0.000000 0017 905365 0.303697 0.661050 0.176174
0017 939514 0.016461 0.020538 0.000352 1500 1500 1000 950 17 954956 0.000000 0.000000 0.000000 0.000000 0.000000 0.000000 0.000000 0017 955444 0.554693 0.678000 0.178229
0017 992493 0.016496 0.020561 0.000356 1500 1500 1000 950 18 5157 0.000000 0.000000 0.000000 0.000000 0.000000 0.000000 0.000000 0018 005554 0.052707 0.678000 0.176484
0018 039398 0.016501 0.020544 0.000360 1500 1500 1000 950 18 55359 0.000000 0.000000 0.000000 0.000000 0.000000 0.000000 0.000000 0018 055847 0.889364 0.661050 0.175087
0018 092743 0.016514 0.020542 0.000364 1500 1500 1000 950 18 105499 0.000000 0.000000 0.000000 0.000000 0.000000 0.000000 0.000000 0018 105896 0.303697 0.678000 0.177359
0018 139465 0.016487 0.020537 0.000375 1500 1500 1000 950 18 155609 0.000000 0.000000 0.000000 0.000000 0.000000 0.000000 0.000000 0018 156128 0.889364 0.678000 0.179178
0018 192444 0.016505 0.020544 0.000368 1500 1500 1000 950 18 205719 0.000000 0.000000 0.000000 0.000000 0.000000 0.000000 0.000000 0018 206268 0.303697 0.678000 0.177242
0018 239502 0.016516 0.020566 0.000376 1500 1500 1000 950 18 255829 0.000000 0.000000 0.000000 0.000000 0.000000 0.000000 0.000000 0018 256348 0.303697 0.678000 0.175694
0018 292633 0.016497 0.020573 0.000377 1500 1500 1000 950 18 305878 0.000000 0.000000 0.000000 0.000000 0.000000 0.000000 0.000000 0018 306396 0.052707 0.678000 0.174455
0018 339600 0.016509 0.020572 0.000398 1500 1500 1000 950 18 355957 0.000000 0.000000 0.000000 0.000000 0.000000 0.000000 0.000000 0018 356476 0.554693 0.678000 0.176854
0018 392578 0.016526 0.020537 0.000415 1500 1500 1000 950 18 406128 0.000000 0.000000 0.000000 0.000000 0.000000 0.000000 0.000000 0018 406525 0.303697 0.678000 0.175383
0018 439667 0.016507 0.020558 0.000419 1500 1500 1000 950 18 456299 0.000000 0.000000 0.000000 0.000000 0.000000 0.000000 0.000000 0018 456696 1.140374 0.678000 0.177597
0018 492645 0.016497 0.020552 0.000435 1500 1500 1000 950 18 506317 0.000000 0.000000 0.000000 0.000000 0.000000 0.000000 0.000000 0018 506714 -0.700227 0.678000 0.179367
0018 539642 0.016519 0.020590 0.000436 1500 1500 1000 950 18 556305 0.000000 0.000000 0.000000 0.000000 0.000000 0.000000 0.000000 0018 556732 -0.449255 0.678000 0.180784
0018 592529 0.016567 0.020598 0.000443 1500 1500 1000 950 18 606323 0.000000 0.000000 0.000000 0.000000 0.000000 0.000000 0.000000 0018 606720 -0.198277 0.678000 0.181917
0018 639771 0.016595 0.020559 0.000452 1500 1500 1000 950 18 656342 0.000000 0.000000 0.000000 0.000000 0.000000 0.000000 0.000000 0018 656738 0.889364 0.678000 0.182824
0018 692596 0.016570 0.020556 0.000461 1500 1500 1000 950 18 706512 0.000000 0.000000 0.000000 0.000000 0.000000 0.000000 0.000000 0018 707001 0.303697 0.678000 0.180159
0018 739716 0.016629 0.020584 0.000459 1500 1500 1000 950 18 756622 0.000000 0.000000 0.000000 0.000000 0.000000 0.000000 0.000000 0018 757141 0.554693 0.678000 0.178027
0018 792358 0.016609 0.020570 0.000463 1500 1500 1000 950 18 806671 0.000000 0.000000 0.000000 0.000000 0.000000 0.000000 0.000000 0018 807190 -0.198277 0.678000 0.179712
0018 839752 0.016590 0.020587 0.000461 1500 1500 1000 950 18 857178 0.000000 0.000000 0.000000 0.000000 0.000000 0.000000 0.000000 0018 857605 -0.198277 0.678000 0.181059
0018 892609 0.016615 0.020592 0.000456 1500 1500 1000 950 18 907318 0.000000 0.000000 0.000000 0.000000 0.000000 0.000000 0.000000 0018 907715 0.303697 0.678000 0.182137
0018 939636 0.016612 0.020599 0.000450 1500 1500 1000 950 18 957397 0.000000 0.000000 0.000000 0.000000 0.000000 0.000000 0.000000 0018 957794 1.391390 0.678000 0.183000
0018 992340 0.016587 0.020600 0.000459 1500 1500 1500 1000 19 7538 0.000000 0.000000 0.000000 0.000000 0.000000 0.000000 0.000000 0019 007935 0.554693 0.661050 0.180300
0019 040009 0.016574 0.020604 0.000469 1500 1500 1500 1000 19 57678 0.000000 0.000000 0.000000 0.000000 0.000000 0.000000 0.000000 0019 058228 0.303697 0.678000 0.178140
0019 092590 0.016563 0.020612 0.000471 1500 1500 1500 1000 19 107697 0.000000 0.000000 0.000000 0.000000 0.000000 0.000000 0.000000 0019 108246 0.052707 0.678000 0.179802
0019 139679 0.016560 0.020623 0.000507 1500 1500 1500 1000 19 157837 0.000000 0.000000 0.000000 0.000000 0.000000 0.000000 0.000000 0019 158325 0.052707 0.678000 0.181132
0019 192352 0.016589 0.020637 0.000518 1500 1500 1500 1000 19 207855 0.000000 0.000000 0.000000 0.000000 0.000000 0.000000 0.000000 0019 208344 -0.198277 0.678000 0.182195
0019 239807 0.016606 0.020630 0.000537 1500 1500 1500 1000 19 257996 0.000000 0.000000 0.000000 0.000000 0.000000 0.000000 0.000000 0019 258392 0.554693 0.678000 0.183046
0019 292572 0.016586 0.020612 0.000565 1500 1500 1500 1000 19 308105 0.000000 0.000000 0.000000 0.000000 0.000000 0.000000 0.000000 0019 308502 0.554693 0.678000 0.180337
0019 339752 0.016582 0.020638 0.000567 1500 1500 1500 1000 19 358154 0.000000 0.000000 0.000000 0.000000 0.000000 0.000000 0.000000 0019 358551 0.554693 0.678000 0.181560
0019 392365 0.016624 0.020635 0.000611 1500 1500 1500 1000 19 408173 0.000000 0.000000 0.000000 0.000000 0.000000 0.000000 0.000000 0019 408569 -0.198277 0.678000 0.182538
0019 439728 0.016635 0.020614 0.000632 1500 1500 1500 1000 19 458160 0.000000 0.000000 0.000000 0.000000 0.000000 0.000000 0.000000 0019 458740 -0.198277 0.678000 0.183320
0019 492584 0.016649 0.020626 0.000622 1500 1500 1500 1000 19 508209 0.000000 0.000000 0.000000 0.000000 0.000000 0.000000 0.000000 0019 508728 -0.198277 0.678000 0.183946
0019 539612 0.016634 0.020631 0.000636 1500 1500 1500 1000 19 558380 0.000000 0.000000 0.000000 0.000000 0.000000 0.000000 0.000000 0019 558777 0.889364 0.678000 0.184447
0019 592316 0.016633 0.020632 0.000647 1500 1500 1500 1000 19 608368 0.000000 0.000000 0.000000 0.000000 0.000000 0.000000 0.000000 0019 608765 0.303697 0.678000 0.184848
0019 639587 0.016621 0.020633 0.000639 1500 1500 1500 1000 19 658447 0.000000 0.000000 0.000000 0.000000 0.000000 0.000000 0.000000 0019 658844 0.889364 0.678000 0.185168
0019 692505 0.016624 0.020632 0.000626 1500 1500 1500 1000 19 708466 0.000000 0.000000 0.000000 0.000000 0.000000 0.000000 0.000000 0019 708862 -0.449255 0.678000 0.185424
0019 739471 0.016616 0.020641 0.000641 1500 1500 1500 1000 19 758453 0.000000 0.000000 0.000000 0.000000 0.000000 0.000000 0.000000 0019 759216 0.554693 0.678000 0.185630
0019 792297 0.016612 0.020592 0.000677 1500 1500 1500 1000 19 808472 0.000000 0.000000 0.000000 0.000000 0.000000 0.000000 0.000000 0019 808868 -0.449255 0.678000 0.185794
0019 839630 0.016615 0.020609 0.000668 1500 1500 1500 1000 19 858490 0.000000 0.000000 0.000000 0.000000 0.000000 0.000000 0.000000 0019 858978 -0.198277 0.678000 0.182535
0019 892548 0.016627 0.020612 0.000684 1500 1500 1500 1000 19 908478 0.000000 0.000000 0.000000 0.000000 0.000000 0.000000 0.000000 0019 908997 0.889364 0.678000 0.183318
0019 939728 0.016629 0.020597 0.000703 1500 1500 1500 1000 19 958466 0.000000 0.000000 0.000000 0.000000 0.000000 0.000000 0.000000 0019 958984 -0.449255 0.678000 0.180554
0019 993225 0.016597 0.020615 0.000708 1500 1500 1500 1000 20 8484 0.000000 0.000000 0.000000 0.000000 0.000000 0.000000 0.000000 0020 009125 0.554693 0.678000 0.181733
0020 040344 0.016573 0.020644 0.000732 1500 1500 1500 1000 20 58563 0.000000 0.000000 0.000000 0.000000 0.000000 0.000000 0.000000 0020 059082 0.303697 0.678000 0.182677
0020 092499 0.016601 0.020634 0.000725 1500 1500 1500 1000 20 108582 0.000000 0.000000 0.000000 0.000000 0.000000 0.000000 0.000000 0020 109131 -0.951193 0.678000 0.183431
0020 139709 0.016600 0.020617 0.000722 1500 1500 1500 1000 20 158691 0.000000 0.000000 0.000000 0.000000 0.000000 0.000000 0.000000 0020 159210 0.303697 0.678000 0.184035
0020 192261 0.016602 0.020629 0.000706 1500 1500 1500 1000 20 208649 0.000000 0.000000 0.000000 0.000000 0.000000 0.000000 0.000000 0020 209167 0.554693 0.678000 0.184518
0020 240295 0.016632 0.020629 0.000707 1500 1500 1500 1000 20 259003 0.000000 0.000000 0.000000 0.000000 0.000000 0.000000 0.000000 0020 259399 0.303697 0.661050 0.181514
0020 292480 0.016634 0.020627 0.000732 1500 1500 1500 1000 20 309052 0.000000 0.000000 0.000000 0.000000 0.000000 0.000000 0.000000 0020 309448 0.303697 0.678000 0.182502
0020 339508 0.016649 0.020636 0.000724 1500 1500 1500 1000 20 359222 0.000000 0.000000 0.000000 0.000000 0.000000 0.000000 0.000000 0020 359619 1.140374 0.678000 0.183291
0020 392334 0.016652 0.020643 0.000742 1500 1500 1500 1000 20 409149 0.000000 0.000000 0.000000 0.000000 0.000000 0.000000 0.000000 0020 409546 -0.700227 0.661050 0.180533
0020 439484 0.016662 0.020671 0.000753 1500 1500 1500 1000 20 459167 0.000000 0.000000 0.000000 0.000000 0.000000 0.000000 0.000000 0020 459564 -0.198277 0.678000 0.181716
0020 492462 0.016665 0.020687 0.000768 1500 1500 1500 1000 20 509186 0.000000 0.000000 0.000000 0.000000 0.000000 0.000000 0.000000 0020 509583 0.052707 0.678000 0.182663
0020 539337 0.016653 0.020682 0.000787 1500 1500 1500 1000 20 559174 0.000000 0.000000 0.000000 0.000000 0.000000 0.000000 0.000000 0020 559570 0.554693 0.678000 0.183421
0020 592255 0.016661 0.020695 0.000813 1500 1500 1500 1000 20 609222 0.000000 0.000000 0.000000 0.000000 0.000000 0.000000 0.000000 0020 610352 0.303697 0.678000 0.184026
0020 639404 0.016626 0.020689 0.000821 1500 1500 1500 1000 20 659241 0.000000 0.000000 0.000000 0.000000 0.000000 0.000000 0.000000 0020 659637 -0.198277 0.678000 0.181121
0020 692444 0.016633 0.020698 0.000845 1500 1500 1500 1000 20 709229 0.000000 0.000000 0.000000 0.000000 0.000000 0.000000 0.000000 0020 709625 -0.700227 0.678000 0.182187
0020 739471 0.016658 0.020700 0.000863 1500 1500 1500 1000 20 759308 0.000000 0.000000 0.000000 0.000000 0.000000 0.000000 0.000000 0020 759705 0.303697 0.678000 0.183040
0020 793060 0.016640 0.020714 0.000854 1500 1500 1500 1000 20 809509 0.000000 0.000000 0.000000 0.000000 0.000000 0.000000 0.000000 0020 810486 0.889364 0.678000 0.183722
0020 839539 0.016638 0.020710 0.000857 1500 1500 1500 1000 20 859528 0.000000 0.000000 0.000000 0.000000 0.000000 0.000000 0.000000 0020 860291 -0.449255 0.661050 0.180877
0020 892456 0.016648 0.020709 0.000871 1500 1500 1500 1000 20 909546 0.000000 0.000000 0.000000 0.000000 0.000000 0.000000 0.000000 0020 910553 0.052707 0.678000 0.181992
0020 939667 0.016637 0.020710 0.000897 1500 1500 1500 1000 20 959534 0.000000 0.000000 0.000000 0.000000 0.000000 0.000000 0.000000 0020 960236 0.889364 0.678000 0.179493
0020 992340 0.016641 0.020713 0.000911 1500 1500 1500 1000 21 9521 0.000000 0.000000 0.000000 0.000000 0.000000 0.000000 0.000000 0021 010162 -0.198277 0.678000 0.180885
0021 039398 0.016625 0.020692 0.000918 1500 1500 1500 1000 21 59540 0.000000 0.000000 0.000000 0.000000 0.000000 0.000000 0.000000 0021 060242 -0.198277 0.678000 0.181998
0021 092438 0.016610 0.020714 0.000934 1500 1500 1500 1000 21 109619 0.000000 0.000000 0.000000 0.000000 0.000000 0.000000 0.000000 0021 110352 0.052707 0.678000 0.182888
0021 139008 0.016593 0.020718 0.000978 1500 1500 1500 1000 21 159607 0.000000 0.000000 0.000000 0.000000 0.000000 0.000000 0.000000 0021 160248 0.303697 0.678000 0.183601
0021 192963 0.016598 0.020681 0.001001 1500 1500 1500 1000 21 209595 0.000000 0.000000 0.000000 0.000000 0.000000 0.000000 0.000000 0021 210266 1.140374 0.678000 0.184170
0021 239075 0.016594 0.020699 0.000990 1500 1500 1500 1000 21 259613 0.000000 0.000000 0.000000 0.000000 0.000000 0.000000 0.000000 0021 260376 -0.198277 0.678000 0.181236
0021 292358 0.016574 0.020697 0.000988 1500 1500 1500 1000 21 309570 0.000000 0.000000 0.000000 0.000000 0.000000 0.000000 0.000000 0021 310577 0.303697 0.678000 0.183113
0021 339111 0.016550 0.020659 0.001007 1500 1500 1500 1000 21 359497 0.000000 0.000000 0.000000 0.000000 0.000000 0.000000 0.000000 0021 365265 -0.951193 0.678000 0.183781
0021 392242 0.016552 0.020664 0.001000 1500 1500 1500 1000 21 409485 0.000000 0.000000 0.000000 0.000000 0.000000 0.000000 0.000000 0021 415314 -0.198277 0.678000 0.184315
0021 439178 0.016586 0.020669 0.001010 1500 1500 1500 1000 21 459534 0.000000 0.000000 0.000000 0.000000 0.000000 0.000000 0.000000 0021 465271 1.140374 0.678000 0.181352
0021 492371 0.016557 0.020685 0.001022 1500 1500 1500 1000 21 509766 0.000000 0.000000 0.000000 0.000000 0.000000 0.000000 0.000000 0021 515564 0.303697 0.678000 0.182371
0021 539063 0.016574 0.020684 0.001016 1500 1500 1500 1000 21 560059 0.000000 0.000000 0.000000 0.000000 0.000000 0.000000 0.000000 0021 560455 -0.449255 0.678000 0.179797
0021 592957 0.016579 0.020676 0.001019 1500 1500 1500 1000 21 610107 0.000000 0.000000 0.000000 0.000000 0.000000 0.000000 0.000000 0021 610596 0.052707 0.678000 0.181128
0021 639099 0.016587 0.020690 0.001029 1500 1500 1500 1000 21 660156 0.000000 0.000000 0.000000 0.000000 0.000000 0.000000 0.000000 0021 660553 -0.198277 0.678000 0.182192
0021 692383 0.016575 0.020703 0.001048 1500 1500 1500 1000 21 710175 0.000000 0.000000 0.000000 0.000000 0.000000 0.000000 0.000000 0021 710571 -0.198277 0.678000 0.183044
0021 739044 0.016574 0.020692 0.001079 1500 1500 1500 1000 21 760345 0.000000 0.000000 0.000000 0.000000 0.000000 0.000000 0.000000 0021 760742 0.303697 0.678000 0.183725
0021 792175 0.016557 0.020684 0.001096 1500 1500 1500 1000 21 810455 0.000000 0.000000 0.000000 0.000000 0.000000 0.000000 0.000000 0021 810974 -0.700227 0.678000 0.184270
0021 839050 0.016528 0.020690 0.001078 1500 1500 1500 1000 21 860565 0.000000 0.000000 0.000000 0.000000 0.000000 0.000000 0.000000 0021 861084 0.052707 0.678000 0.184706
0021 891052 0.016519 0.020690 0.001137 1500 1500 1500 1000 21 910614 0.000000 0.000000 0.000000 0.000000 0.000000 0.000000 0.000000 0021 911133 -0.449255 0.678000 0.185055
0021 939117 0.016538 0.020723 0.001132 1500 1500 1500 1000 21 960693 0.000000 0.000000 0.000000 0.000000 0.000000 0.000000 0.000000 0021 961212 -0.198277 0.678000 0.185334
0021 992126 0.016529 0.020697 0.001142 1500 1500 1500 1000 22 10803 0.000000 0.000000 0.000000 0.000000 0.000000 0.000000 0.000000 0022 011688 0.554693 0.678000 0.185557
0022 039032 0.016544 0.020666 0.001143 1500 1500 1500 1000 22 60883 0.000000 0.000000 0.000000 0.000000 0.000000 0.000000 0.000000 0022 061279 -0.198277 0.678000 0.185736
0022 092377 0.016542 0.020654 0.001165 1500 1500 1500 1000 22 110992 0.000000 0.000000 0.000000 0.000000 0.000000 0.000000 0.000000 0022 111816 0.554693 0.678000 0.185879
0022 139221 0.016518 0.020664 0.001171 1500 1500 1500 1000 22 161102 0.000000 0.000000 0.000000 0.000000 0.000000 0.000000 0.000000 0022 161499 1.391390 0.678000 0.185993
0022 192169 0.016543 0.020665 0.001186 1500 1500 1500 1000 22 210999 0.000000 0.000000 0.000000 0.000000 0.000000 0.000000 0.000000 0022 212006 0.554693 0.678000 0.186084
0022 238983 0.016550 0.020662 0.001206 1500 1500 1500 1000 22 261017 0.000000 0.000000 0.000000 0.000000 0.000000 0.000000 0.000000 0022 261414 0.303697 0.678000 0.186157
0022 292358 0.016552 0.020692 0.001200 1500 1500 1500 1000 22 311005 0.000000 0.000000 0.000000 0.000000 0.000000 0.000000 0.000000 0022 311401 0.303697 0.678000 0.186216
0022 339386 0.016557 0.020723 0.001205 1500 1500 1500 1000 22 361084 0.000000 0.000000 0.000000 0.000000 0.000000 0.000000 0.000000 0022 361481 0.554693 0.678000 0.186263
0022 392181 0.016558 0.020710 0.001193 1500 1500 1500 1000 22 411194 0.000000 0.000000 0.000000 0.000000 0.000000 0.000000 0.000000 0022 412109 -0.449255 0.678000 0.186300
0022 439240 0.016565 0.020693 0.001200 1500 1500 1500 1000 22 461365 0.000000 0.000000 0.000000 0.000000 0.000000 0.000000 0.000000 0022 462036 0.303697 0.678000 0.186330
0022 492310 0.016536 0.020695 0.001213 1500 1500 1500 1000 22 511444 0.000000 0.000000 0.000000 0.000000 0.000000 0.000000 0.000000 0022 511963 0.052707 0.678000 0.186354
0022 538879 0.016543 0.020651 0.001215 1500 1500 1500 1000 22 561523 0.000000 0.000000 0.000000 0.000000 0.000000 0.000000 0.000000 0022 562042 0.052707 0.678000 0.186373
0022 592072 0.016559 0.020639 0.001212 1500 1500 1500 1000 22 611542 0.000000 0.000000 0.000000 0.000000 0.000000 0.000000 0.000000 0022 612061 -0.198277 0.678000 0.186389
0022 638947 0.016554 0.020630 0.001225 1500 1500 1500 1000 22 661652 0.000000 0.000000 0.000000 0.000000 0.000000 0.000000 0.000000 0022 662140 -0.700227 0.678000 0.186401
0022 692322 0.016515 0.020612 0.001246 1500 1500 1500 1000 22 711609 0.000000 0.000000 0.000000 0.000000 0.000000 0.000000 0.000000 0022 712219 0.052707 0.661050 0.186411
0022 738892 0.016492 0.020615 0.001241 1500 1500 1500 1000 22 761658 0.000000 0.000000 0.000000 0.000000 0.000000 0.000000 0.000000 0022 762177 0.052707 0.678000 0.186419
0022 792175 0.016486 0.020600 0.001249 1500 1500 1500 1000 22 811584 0.000000 0.000000 0.000000 0.000000 0.000000 0.000000 0.000000 0022 812103 -0.951193 0.678000 0.186425
0022 838928 0.016492 0.020606 0.001259 1500 1500 1500 1000 22 861633 0.000000 0.000000 0.000000 0.000000 0.000000 0.000000 0.000000 0022 862152 -1.202153 0.678000 0.186430
0022 892303 0.016473 0.020597 0.001250 1500 1500 1500 1000 22 911621 0.000000 0.000000 0.000000 0.000000 0.000000 0.000000 0.000000 0022 912109 -0.700227 0.678000 0.186434
0022 939056 0.016517 0.020617 0.001273 1500 1500 1500 1000 22 961884 0.000000 0.000000 0.000000 0.000000 0.000000 0.000000 0.000000 0022 962280 -0.700227 0.678000 0.186437
0022 992065 0.016492 0.020612 0.001285 1500 1500 1500 1000 23 11902 0.000000 0.000000 0.000000 0.000000 0.000000 0.000000 0.000000 0023 012299 0.303697 0.678000 0.183050
0023 038940 0.016489 0.020594 0.001282 1500 1500 1500 1000 23 61951 0.000000 0.000000 0.000000 0.000000 0.000000 0.000000 0.000000 0023 062347 0.554693 0.678000 0.183730
0023 092377 0.016509 0.020614 0.001300 1500 1500 1500 1000 23 111969 0.000000 0.000000 0.000000 0.000000 0.000000 0.000000 0.000000 0023 112335 -0.198277 0.678000 0.184274
0023 139160 0.016502 0.020632 0.001287 1500 1500 1500 1000 23 162048 0.000000 0.000000 0.000000 0.000000 0.000000 0.000000 0.000000 0023 162445 0.052707 0.678000 0.181319
0023 192078 0.016522 0.020622 0.001286 1500 1500 1500 1000 23 212006 0.000000 0.000000 0.000000 0.000000 0.000000 0.000000 0.000000 0023 212891 1.642413 0.678000 0.182345
0023 238861 0.016538 0.020612 0.001292 1500 1500 1500 1000 23 262054 0.000000 0.000000 0.000000 0.000000 0.000000 0.000000 0.000000 0023 262451 0.303697 0.678000 0.183166
0023 292358 0.016550 0.020611 0.001278 1500 1500 1500 1000 23 311981 0.000000 0.000000 0.000000 0.000000 0.000000 0.000000 0.000000 0023 312378 -0.449255 0.678000 0.183823
0023 338928 0.016541 0.020617 0.001306 1500 1500 1500 1000 23 362061 0.000000 0.000000 0.000000 0.000000 0.000000 0.000000 0.000000 0023 363068 -0.449255 0.678000 0.184348
0023 392059 0.016549 0.020630 0.001323 1500 1500 1500 1000 23 411987 0.000000 0.000000 0.000000 0.000000 0.000000 0.000000 0.000000 0023 412384 0.638360 0.678000 0.184769
0023 439056 0.016565 0.020645 0.001328 1500 1500 1500 1000 23 462097 0.000000 0.000000 0.000000 0.000000 0.000000 0.000000 0.000000 0023 462494 -0.449255 0.678000 0.185105
0023 492340 0.016584 0.020643 0.001342 1500 1500 1500 1000 23 511993 0.000000 0.000000 0.000000 0.000000 0.000000 0.000000 0.000000 0023 512390 0.303697 0.661050 0.185374
0023 538879 0.016582 0.020636 0.001330 1500 1500 1500 1000 23 562073 0.000000 0.000000 0.000000 0.000000 0.000000 0.000000 0.000000 0023 562469 -0.449255 0.678000 0.182199
0023 592010 0.016593 0.020624 0.001350 1500 1500 1500 1000 23 612000 0.000000 0.000000 0.000000 0.000000 0.000000 0.000000 0.000000 0023 612915 0.638360 0.678000 0.183049
0023 638885 0.016589 0.020612 0.001363 1500 1500 1500 1000 23 661987 0.000000 0.000000 0.000000 0.000000 0.000000 0.000000 0.000000 0023 662384 1.642413 0.678000 0.183729
0023 692230 0.016588 0.020609 0.001385 1500 1500 1500 1000 23 712219 0.000000 0.000000 0.000000 0.000000 0.000000 0.000000 0.000000 0023 712677 0.303697 0.678000 0.180884
0023 738892 0.016588 0.020575 0.001370 1500 1500 1500 1000 23 762329 0.000000 0.000000 0.000000 0.000000 0.000000 0.000000 0.000000 0023 762848 0.052707 0.678000 0.178607
0023 792023 0.016576 0.020558 0.001391 1500 1500 1500 1000 23 812256 0.000000 0.000000 0.000000 0.000000 0.000000 0.000000 0.000000 0023 812836 0.638360 0.678000 0.180175
0023 838898 0.016562 0.020528 0.001395 1500 1500 1500 1000 23 862274 0.000000 0.000000 0.000000 0.000000 0.000000 0.000000 0.000000 0023 862671 0.889364 0.678000 0.181430
0023 892273 0.016551 0.020524 0.001416 1500 1500 1500 1000 23 912201 0.000000 0.000000 0.000000 0.000000 0.000000 0.000000 0.000000 0023 913086 0.638360 0.678000 0.182434
0023 939056 0.016553 0.020540 0.001446 1500 1500 1500 1000 23 962311 0.000000 0.000000 0.000000 0.000000 0.000000 0.000000 0.000000 0023 962799 0.303697 0.678000 0.183237
0023 991974 0.016565 0.020578 0.001448 1500 1500 1500 1000 24 12482 0.000000 0.000000 0.000000 0.000000 0.000000 0.000000 0.000000 0024 013367 0.638360 0.678000 0.183880
0024 038910 0.016589 0.020600 0.001438 1500 1500 1500 1000 24 62439 0.000000 0.000000 0.000000 0.000000 0.000000 0.000000 0.000000 0024 062958 1.893441 0.678000 0.184394
0024 090973 0.016617 0.020593 0.001460 1500 1500 1500 1000 24 112488 0.000000 0.000000 0.000000 0.000000 0.000000 0.000000 0.000000 0024 113037 -0.198277 0.678000 0.181415
0024 138947 0.016639 0.020632 0.001484 1500 1500 1500 1000 24 162598 0.000000 0.000000 0.000000 0.000000 0.000000 0.000000 0.000000 0024 163116 0.554693 0.678000 0.182422
0024 191803 0.016645 0.020613 0.001511 1500 1500 1500 1000 24 212891 0.000000 0.000000 0.000000 0.000000 0.000000 0.000000 0.000000 0024 213287 0.638360 0.678000 0.183228
0024 238800 0.016670 0.020618 0.001519 1500 1500 1500 1000 24 262939 0.000000 0.000000 0.000000 0.000000 0.000000 0.000000 0.000000 0024 263336 0.052707 0.678000 0.180482
0024 291016 0.016684 0.020602 0.001520 1500 1500 1500 1000 24 313171 0.000000 0.000000 0.000000 0.000000 0.000000 0.000000 0.000000 0024 314026 0.052707 0.678000 0.178286
0024 338684 0.016704 0.020592 0.001541 1500 1500 1500 1000 24 363281 0.000000 0.000000 0.000000 0.000000 0.000000 0.000000 0.000000 0024 363678 -0.449255 0.678000 0.176529
0024 392059 0.016688 0.020618 0.001543 1500 1500 1500 1000 24 413300 0.000000 0.000000 0.000000 0.000000 0.000000 0.000000 0.000000 0024 413818 0.638360 0.678000 0.178513
0024 439026 0.016682 0.020632 0.001538 1500 1500 1500 1000 24 463409 0.000000 0.000000 0.000000 0.000000 0.000000 0.000000 0.000000 0024 463959 0.052707 0.678000 0.180100
0024 492249 0.016683 0.020657 0.001545 1500 1500 1500 1000 24 513550 0.000000 0.000000 0.000000 0.000000 0.000000 0.000000 0.000000 0024 514069 0.638360 0.678000 0.177980
0024 538849 0.016678 0.020621 0.001578 1500 1500 1500 1000 24 563690 0.000000 0.000000 0.000000 0.000000 0.000000 0.000000 0.000000 0024 564178 1.140374 0.678000 0.179674
0024 592316 0.016663 0.020652 0.001596 1500 1500 1500 1000 24 613678 0.000000 0.000000 0.000000 0.000000 0.000000 0.000000 0.000000 0024 614166 1.140374 0.678000 0.177639
0024 638824 0.016686 0.020658 0.001589 1500 1500 1500 1000 24 663879 0.000000 0.000000 0.000000 0.000000 0.000000 0.000000 0.000000 0024 664276 0.303697 0.678000 0.179401
0024 692139 0.016693 0.020669 0.001566 1500 1500 1500 1000 24 713959 0.000000 0.000000 0.000000 0.000000 0.000000 0.000000 0.000000 0024 714325 0.638360 0.678000 0.177421
0024 738800 0.016711 0.020686 0.001544 1500 1500 1500 1000 24 764008 0.000000 0.000000 0.000000 0.000000 0.000000 0.000000 0.000000 0024 764404 -0.449255 0.678000 0.179227
0024 792053 0.016674 0.020686 0.001543 1500 1500 1500 1000 24 814056 0.000000 0.000000 0.000000 0.000000 0.000000 0.000000 0.000000 0024 814453 0.638360 0.678000 0.180672
0024 838654 0.016685 0.020690 0.001587 1500 1500 1500 1000 24 864227 0.000000 0.000000 0.000000 0.000000 0.000000 0.000000 0.000000 0024 864624 0.638360 0.678000 0.181827
0024 892151 0.016663 0.020710 0.001594 1500 1500 1500 1000 24 914429 0.000000 0.000000 0.000000 0.000000 0.000000 0.000000 0.000000 0024 915161 1.140374 0.678000 0.179362
0024 938965 0.016664 0.020714 0.001594 1500 1500 1500 1000 24 964569 0.000000 0.000000 0.000000 0.000000 0.000000 0.000000 0.000000 0024 965088 0.303697 0.678000 0.180779
0024 992523 0.016650 0.020698 0.001603 1500 1500 1500 1000 25 14496 0.000000 0.000000 0.000000 0.000000 0.000000 0.000000 0.000000 0025 015167 -0.198277 0.678000 0.181914
0025 038635 0.016613 0.020726 0.001610 1500 1500 1500 1000 25 64606 0.000000 0.000000 0.000000 0.000000 0.000000 0.000000 0.000000 0025 065094 0.638360 0.678000 0.182821
0025 092133 0.016603 0.020737 0.001587 1500 1500 1500 1000 25 114838 0.000000 0.000000 0.000000 0.000000 0.000000 0.000000 0.000000 0025 115326 -0.198277 0.678000 0.180157
0025 139008 0.016574 0.020701 0.001585 1500 1500 1500 1000 25 165009 0.000000 0.000000 0.000000 0.000000 0.000000 0.000000 0.000000 0025 165405 0.052707 0.678000 0.181415
0025 191925 0.016580 0.020719 0.001583 1500 1500 1500 1000 25 215210 0.000000 0.000000 0.000000 0.000000 0.000000 0.000000 0.000000 0025 215607 0.052707 0.678000 0.182422
0025 238617 0.016593 0.020708 0.001581 1500 1500 1500 1000 25 265289 0.000000 0.000000 0.000000 0.000000 0.000000 0.000000 0.000000 0025 265808 0.638360 0.678000 0.179838
0025 292053 0.016596 0.020695 0.001594 1500 1500 1500 1000 25 315521 0.000000 0.000000 0.000000 0.000000 0.000000 0.000000 0.000000 0025 316040 0.638360 0.678000 0.181160
0025 338654 0.016609 0.020682 0.001613 1500 1500 1500 1000 25 365601 0.000000 0.000000 0.000000 0.000000 0.000000 0.000000 0.000000 0025 366089 0.303697 0.678000 0.182218
0025 391907 0.016622 0.020697 0.001624 1500 1500 1500 1000 25 415924 0.000000 0.000000 0.000000 0.000000 0.000000 0.000000 0.000000 0025 416321 0.889364 0.678000 0.183065
0025 438934 0.016626 0.020671 0.001644 1500 1500 1500 1000 25 465881 0.000000 0.000000 0.000000 0.000000 0.000000 0.000000 0.000000 0025 466278 -0.449255 0.678000 0.183742
0025 490784 0.016631 0.020655 0.001665 1500 1500 1500 1000 25 515900 0.000000 0.000000 0.000000 0.000000 0.000000 0.000000 0.000000 0025 516296 0.052707 0.678000 0.184283
0025 538788 0.016654 0.020657 0.001651 1500 1500 1500 1000 25 565948 0.000000 0.000000 0.000000 0.000000 0.000000 0.000000 0.000000 0025 566376 0.052707 0.678000 0.184717
0025 591980 0.016648 0.020655 0.001666 1500 1500 1500 1000 25 616089 0.000000 0.000000 0.000000 0.000000 0.000000 0.000000 0.000000 0025 616516 0.889364 0.661050 0.181673
0025 638733 0.016678 0.020690 0.001697 1500 1500 1500 1000 25 666138 0.000000 0.000000 0.000000 0.000000 0.000000 0.000000 0.000000 0025 666534 0.889364 0.678000 0.182629
0025 692139 0.016673 0.020723 0.001690 1500 1500 1500 1000 25 716248 0.000000 0.000000 0.000000 0.000000 0.000000 0.000000 0.000000 0025 716644 -0.198277 0.678000 0.183393
0025 738708 0.016658 0.020745 0.001704 1500 1500 1500 1000 25 766266 0.000000 0.000000 0.000000 0.000000 0.000000 0.000000 0.000000 0025 766907 0.303697 0.678000 0.184004
0025 792114 0.016651 0.020751 0.001696 1500 1500 1500 1000 25 816345 0.000000 0.000000 0.000000 0.000000 0.000000 0.000000 0.000000 0025 816895 0.303697 0.678000 0.184493
0025 838715 0.016655 0.020736 0.001717 1500 1500 1500 1000 25 866394 0.000000 0.000000 0.000000 0.000000 0.000000 0.000000 0.000000 0025 866913 0.303697 0.678000 0.184885
0025 890808 0.016673 0.020734 0.001738 1500 1500 1500 1000 25 916534 0.000000 0.000000 0.000000 0.000000 0.000000 0.000000 0.000000 0025 917053 -0.198277 0.678000 0.185198
0025 938904 0.016711 0.020753 0.001749 1500 1500 1500 1000 25 966492 0.000000 0.000000 0.000000 0.000000 0.000000 0.000000 0.000000 0025 967010 0.052707 0.678000 0.185448
0025 991943 0.016688 0.020729 0.001784 1500 1500 1500 1000 26 16724 0.000000 0.000000 0.000000 0.000000 0.000000 0.000000 0.000000 0026 017120 -0.449255 0.678000 0.185649
0026 038727 0.016692 0.020748 0.001786 1500 1500 1500 1000 26 66833 0.000000 0.000000 0.000000 0.000000 0.000000 0.000000 0.000000 0026 067230 -0.198277 0.678000 0.185809
0026 092010 0.016670 0.020736 0.001792 1500 1500 1500 1000 26 116852 0.000000 0.000000 0.000000 0.000000 0.000000 0.000000 0.000000 0026 117249 0.889364 0.661050 0.182547
0026 138977 0.016688 0.020766 0.001790 1500 1500 1500 1000 26 166840 0.000000 0.000000 0.000000 0.000000 0.000000 0.000000 0.000000 0026 167236 -0.198277 0.678000 0.183328
0026 191895 0.016629 0.020782 0.001800 1500 1500 1500 1000 26 216858 0.000000 0.000000 0.000000 0.000000 0.000000 0.000000 0.000000 0026 217255 1.140374 0.678000 0.180562
0026 238708 0.016624 0.020834 0.001795 1500 1500 1500 1000 26 266846 0.000000 0.000000 0.000000 0.000000 0.000000 0.000000 0.000000 0026 267242 0.052707 0.678000 0.181740
0026 292114 0.016600 0.020858 0.001817 1500 1500 1500 1000 26 316803 0.000000 0.000000 0.000000 0.000000 0.000000 0.000000 0.000000 0026 317230 0.052707 0.678000 0.182682
0026 338654 0.016627 0.020857 0.001834 1500 1500 1500 1000 26 366791 0.000000 0.000000 0.000000 0.000000 0.000000 0.000000 0.000000 0026 367218 -0.951193 0.678000 0.183435
0026 392029 0.016609 0.020853 0.001847 1500 1500 1500 1000 26 416840 0.000000 0.000000 0.000000 0.000000 0.000000 0.000000 0.000000 0026 417236 -0.198277 0.678000 0.180648
0026 438843 0.016620 0.020832 0.001880 1500 1500 1500 1000 26 466858 0.000000 0.000000 0.000000 0.000000 0.000000 0.000000 0.000000 0026 467255 0.052707 0.678000 0.178419
0026 492035 0.016616 0.020818 0.001884 1500 1500 1500 1000 26 517059 0.000000 0.000000 0.000000 0.000000 0.000000 0.000000 0.000000 0026 517456 0.303697 0.678000 0.180025
0026 538696 0.016642 0.020812 0.001894 1500 1500 1500 1000 26 567047 0.000000 0.000000 0.000000 0.000000 0.000000 0.000000 0.000000 0026 567444 0.303697 0.678000 0.181310
0026 591522 0.016618 0.020808 0.001912 1500 1500 1500 1000 26 617096 0.000000 0.000000 0.000000 0.000000 0.000000 0.000000 0.000000 0026 617493 0.638360 0.661050 0.178948
0026 638458 0.016627 0.020834 0.001904 1500 1500 1500 1000 26 667053 0.000000 0.000000 0.000000 0.000000 0.000000 0.000000 0.000000 0026 667480 0.387362 0.678000 0.177058
0026 692047 0.016620 0.020890 0.001938 1500 1500 1500 1000 26 717072 0.000000 0.000000 0.000000 0.000000 0.000000 0.000000 0.000000 0026 717468 -0.951193 0.678000 0.182327
0026 738678 0.016626 0.020862 0.001950 1500 1500 1500 1000 26 767090 0.000000 0.000000 0.000000 0.000000 0.000000 0.000000 0.000000 0026 767487 0.052707 0.678000 0.179761
0026 791748 0.016645 0.020843 0.001924 1500 1500 1500 1000 26 817169 0.000000 0.000000 0.000000 0.000000 0.000000 0.000000 0.000000 0026 817657 0.638360 0.678000 0.181099
0026 838684 0.016665 0.020837 0.001911 1500 1500 1500 1000 26 867188 0.000000 0.000000 0.000000 0.000000 0.000000 0.000000 0.000000 0026 867737 0.052707 0.678000 0.178779
0026 891998 0.016656 0.020817 0.001924 1500 1500 1500 1000 26 917267 0.000000 0.000000 0.000000 0.000000 0.000000 0.000000 0.000000 0026 917786 -0.198277 0.678000 0.180313
0026 940033 0.016647 0.020810 0.001907 1500 1500 1500 1000 26 967316 0.000000 0.000000 0.000000 0.000000 0.000000 0.000000 0.000000 0026 967834 -0.198277 0.678000 0.181541
0026 991943 0.016665 0.020780 0.001911 1500 1500 1500 1000 27 17365 0.000000 0.000000 0.000000 0.000000 0.000000 0.000000 0.000000 0027 017883 0.303697 0.678000 0.182523
0027 038513 0.016675 0.020775 0.001901 1500 1500 1500 1000 27 67352 0.000000 0.000000 0.000000 0.000000 0.000000 0.000000 0.000000 0027 067871 0.052707 0.678000 0.179918
0027 091034 0.016700 0.020794 0.001900 1500 1500 1500 1000 27 117432 0.000000 0.000000 0.000000 0.000000 0.000000 0.000000 0.000000 0027 118073 0.052707 0.678000 0.181224
0027 138855 0.016688 0.020796 0.001901 1500 1500 1500 1000 27 167419 0.000000 0.000000 0.000000 0.000000 0.000000 0.000000 0.000000 0027 167938 0.052707 0.678000 0.182270
0027 191437 0.016640 0.020794 0.001934 1500 1500 1500 1000 27 217499 0.000000 0.000000 0.000000 0.000000 0.000000 0.000000 0.000000 0027 217987 -0.449255 0.678000 0.183106
0027 238434 0.016646 0.020806 0.001945 1500 1500 1500 1000 27 267517 0.000000 0.000000 0.000000 0.000000 0.000000 0.000000 0.000000 0027 268036 -0.198277 0.678000 0.183775
0027 291992 0.016680 0.020812 0.001952 1500 1500 1500 1000 27 317627 0.000000 0.000000 0.000000 0.000000 0.000000 0.000000 0.000000 0027 318024 0.638360 0.678000 0.184310
0027 338440 0.016710 0.020830 0.001929 1500 1500 1500 1000 27 367676 0.000000 0.000000 0.000000 0.000000 0.000000 0.000000 0.000000 0027 368225 -0.951193 0.678000 0.184738
0027 391846 0.016727 0.020842 0.001940 1500 1500 1500 1000 27 417786 0.000000 0.000000 0.000000 0.000000 0.000000 0.000000 0.000000 0027 418182 -0.198277 0.678000 0.185080
0027 438873 0.016727 0.020845 0.001948 1500 1500 1500 1000 27 467865 0.000000 0.000000 0.000000 0.000000 0.000000 0.000000 0.000000 0027 468262 -0.198277 0.678000 0.185354
0027 492004 0.016731 0.020870 0.001975 1500 1500 1500 1000 27 518005 0.000000 0.000000 0.000000 0.000000 0.000000 0.000000 0.000000 0027 518402 0.052707 0.678000 0.185573
0027 538513 0.016724 0.020888 0.002006 1500 1500 1500 1000 27 568054 0.000000 0.000000 0.000000 0.000000 0.000000 0.000000 0.000000 0027 568451 -0.449255 0.678000 0.182359
0027 591705 0.016704 0.020877 0.002005 1500 1500 1500 1000 27 618134 0.000000 0.000000 0.000000 0.000000 0.000000 0.000000 0.000000 0027 618866 0.052707 0.678000 0.179787
0027 638458 0.016728 0.020844 0.001990 1500 1500 1500 1000 27 668121 0.000000 0.000000 0.000000 0.000000 0.000000 0.000000 0.000000 0027 668518 0.052707 0.661050 0.177730
0027 691895 0.016705 0.020849 0.002015 1500 1500 1500 1000 27 718140 0.000000 0.000000 0.000000 0.000000 0.000000 0.000000 0.000000 0027 718842 1.391390 0.678000 0.179474
0027 738464 0.016731 0.020870 0.002034 1500 1500 1500 1000 27 768036 0.000000 0.000000 0.000000 0.000000 0.000000 0.000000 0.000000 0027 768433 0.303697 0.678000 0.180869
0027 791656 0.016695 0.020830 0.002028 1500 1500 1500 1000 27 818054 0.000000 0.000000 0.000000 0.000000 0.000000 0.000000 0.000000 0027 818787 -0.198277 0.678000 0.181985
0027 838470 0.016707 0.020813 0.002052 1500 1500 1500 1000 27 868042 0.000000 0.000000 0.000000 0.000000 0.000000 0.000000 0.000000 0027 868469 0.052707 0.678000 0.182878
0027 891907 0.016685 0.020820 0.002053 1500 1500 1500 1000 27 918152 0.000000 0.000000 0.000000 0.000000 0.000000 0.000000 0.000000 0027 918640 -0.449255 0.678000 0.180202
0027 938873 0.016694 0.020781 0.002040 1500 1500 1500 1000 27 968353 0.000000 0.000000 0.000000 0.000000 0.000000 0.000000 0.000000 0027 968872 0.303697 0.678000 0.181452
0027 991730 0.016714 0.020771 0.002051 1500 1500 1500 1000 28 18768 0.000000 0.000000 0.000000 0.000000 0.000000 0.000000 0.000000 0028 019196 1.140374 0.678000 0.179062
0028 038422 0.016771 0.020760 0.002049 1500 1500 1500 1000 28 68756 0.000000 0.000000 0.000000 0.000000 0.000000 0.000000 0.000000 0028 069153 0.052707 0.678000 0.180539
0028 091858 0.016785 0.020774 0.002054 1500 1500 1500 1000 28 118866 0.000000 0.000000 0.000000 0.000000 0.000000 0.000000 0.000000 0028 119263 -1.202153 0.694950 0.181721
0028 139008 0.016781 0.020780 0.002044 1500 1500 1500 1000 28 168823 0.000000 0.000000 0.000000 0.000000 0.000000 0.000000 0.000000 0028 169220 0.303697 0.661050 0.182667
0028 191498 0.016776 0.020786 0.002035 1500 1500 1500 1000 28 218872 0.000000 0.000000 0.000000 0.000000 0.000000 0.000000 0.000000 0028 219269 -0.198277 0.678000 0.180034
0028 238403 0.016795 0.020799 0.002034 1500 1500 1500 1000 28 268829 0.000000 0.000000 0.000000 0.000000 0.000000 0.000000 0.000000 0028 269775 -0.198277 0.678000 0.177927
0028 291870 0.016792 0.020819 0.002036 1500 1500 1500 1000 28 318817 0.000000 0.000000 0.000000 0.000000 0.000000 0.000000 0.000000 0028 319244 -0.198277 0.678000 0.179632
0028 338440 0.016787 0.020820 0.002029 1500 1500 1500 1000 28 368805 0.000000 0.000000 0.000000 0.000000 0.000000 0.000000 0.000000 0028 369202 0.052707 0.678000 0.177605
0028 391785 0.016787 0.020804 0.002032 1500 1500 1500 1000 28 418884 0.000000 0.000000 0.000000 0.000000 0.000000 0.000000 0.000000 0028 419281 -0.449255 0.678000 0.179374
0028 438904 0.016791 0.020798 0.002027 1500 1500 1500 1000 28 468811 0.000000 0.000000 0.000000 0.000000 0.000000 0.000000 0.000000 0028 469208 0.387362 0.661050 0.180789
0028 491913 0.016758 0.020794 0.002043 1500 1500 1500 1639 28 518860 0.000000 0.000000 0.000000 0.000000 0.000000 0.050000 -2.924734 0028 519257 0.052707 0.678000 0.178531
0028 538422 0.016730 0.020797 0.002060 1500 1500 1500 1658 28 568817 0.000000 0.000000 0.000000 0.000000 0.000000 0.100000 -1.016936 0028 569214 0.303697 0.678000 0.180115
0028 591492 0.016731 0.020791 0.002077 1500 1500 1500 1671 28 618866 0.001388 -0.000003 0.000000 0.000000 0.000000 0.150000 0.429741 0028 619263 0.052707 0.678000 0.177992
0028 638397 0.016754 0.020837 0.002072 1500 1500 1500 1680 28 668823 0.001388 -0.000003 0.000000 0.000000 0.000000 0.200000 1.423033 0028 669220 -0.198277 0.678000 0.177992
0028 691956 0.016688 0.020277 0.000608 1500 1500 1500 1685 28 718872 0.005063 -0.000008 0.000000 0.000000 0.000000 0.250000 2.030456 0028 719269 -0.198277 0.694950 0.183074
0028 738342 0.016469 0.021565 -0.003237 1500 1500 1500 1690 28 768799 0.005063 -0.000008 0.000000 0.000000 0.000000 0.300000 2.735127 0028 769196 0.052707 0.661050 0.176969
0028 791687 0.016128 0.022093 -0.002121 1500 1500 1500 1693 28 818878 0.010989 -0.000012 0.000000 0.000000 0.000000 0.350000 3.120621 0028 819275 0.889364 0.627150 0.176969
0028 838379 0.016562 0.023890 -0.000230 1500 1500 1500 1696 28 869019 0.010989 -0.000012 0.000000 0.000000 0.000000 0.400000 3.529348 0028 869934 -0.449255 0.644100 0.172085
0028 892365 0.014693 0.023402 -0.004655 1500 1500 1500 1698 28 918976 0.019133 -0.000006 0.000000 0.000000 0.000000 0.450000 3.823691 0028 919373 0.889364 0.661050 0.168178
0028 938660 0.011731 0.017979 -0.008139 1500 1500 1500 1699 28 969116 0.019133 -0.000006 0.000000 0.000000 0.000000 0.500000 3.964729 0028 970154 -0.198277 0.661050 0.168443
0028 991638 0.006956 0.017067 -0.007265 1500 1500 1500 1698 29 19073 0.029459 0.000013 0.000000 0.000000 0.000000 0.550000 3.860844 0029 019592 0.052707 0.745800 0.178824
0029 038361 0.004264 0.014684 -0.005090 1500 1500 1500 1700 29 69244 0.029459 0.000013 0.000000 0.000000 0.000000 0.600000 4.088777 0029 070129 1.140374 0.661050 0.176959
0029 091888 0.004103 0.013141 -0.002748 1500 1500 1500 1702 29 119232 0.041933 0.000043 0.000000 0.000000 0.000000 0.650000 4.345768 0029 119781 0.303697 0.694950 0.172077
0029 138794 0.002538 0.011182 -0.002891 1500 1500 1500 1700 29 169250 0.041933 0.000043 0.000000 0.000000 0.000000 0.700000 4.148206 0029 170135 -0.198277 0.711900 0.185122
0029 191711 0.003187 0.013363 -0.003461 1500 1500 1500 1702 29 219482 0.056523 0.000080 0.000000 0.000000 0.000000 0.750000 4.321208 0029 220001 -0.449255 0.661050 0.185388
0029 238312 0.001598 0.010514 -0.005621 1500 1500 1500 1702 29 269592 0.056523 0.000080 0.000000 0.000000 0.000000 0.800000 4.393980 0029 269989 -0.198277 0.694950 0.188990
0029 291779 0.002593 0.013320 -0.006093 1500 1500 1500 1703 29 319672 0.073196 0.000128 0.000000 0.000000 0.000000 0.850000 4.564206 0029 320099 0.052707 0.661050 0.188482
0029 338379 0.001788 0.011007 -0.006784 1500 1500 1500 1704 29 369873 0.073196 0.000128 0.000000 0.000000 0.000000 0.900000 4.631945 0029 370270 -0.198277 0.694950 0.191466
0029 391754 0.002039 0.011428 -0.006015 1500 1500 1500 1705 29 420013 0.091920 0.000189 0.000000 0.000000 0.000000 0.950000 4.873314 0029 420532 0.889364 0.644100 0.187072
0029 438599 0.001979 0.010369 -0.006701 1500 1500 1500 1706 29 470184 0.091920 0.000189 0.000000 0.000000 0.000000 1.000000 4.975327 0029 470703 -0.449255 0.644100 0.186948
0029 493225 0.001083 0.009181 -0.005759 1500 1500 1500 1701 29 520264 0.112663 0.000262 0.000000 0.000000 0.000000 1.000000 4.090518 0029 520782 -0.700227 0.661050 0.180068
0029 538269 0.002821 0.009943 -0.006725 1500 1500 1500 1695 29 570282 0.112663 0.000262 0.000000 0.000000 0.000000 1.000000 3.289382 0029 570801 -0.198277 0.694950 0.181345
0029 592255 0.000552 0.007346 -0.006611 1500 1500 1500 1692 29 620270 0.135393 0.000349 0.000000 0.000000 0.000000 1.000000 2.810826 0029 620789 -0.198277 0.661050 0.178976
0029 638275 0.003432 0.007524 -0.005673 1500 1500 1500 1689 29 670258 0.135393 0.000349 0.000000 0.000000 0.000000 1.000000 2.389232 0029 670776 0.052707 0.678000 0.180471
0029 690521 0.002456 0.001994 -0.001903 1500 1500 1500 1687 29 720306 0.160080 0.000443 0.000000 0.000000 0.000000 1.000000 2.022949 0029 720825 0.303697 0.694950 0.185056
0029 738251 0.004411 0.000659 0.001037 1500 1500 1500 1686 29 770294 0.160080 0.000443 0.000000 0.000000 0.000000 1.000000 1.939156 0029 770813 0.052707 0.678000 0.181945
0029 791718 0.004226 -0.005327 0.001195 1500 1500 1500 1685 29 820526 0.186695 0.000536 0.000000 0.000000 0.000000 1.000000 1.790928 0029 820923 -0.198277 0.678000 0.182846
0029 838318 0.006512 -0.008232 0.000315 1500 1500 1500 1685 29 870728 0.186695 0.000536 0.000000 0.000000 0.000000 1.000000 1.690769 0029 871124 0.303697 0.644100 0.183567
0029 891846 0.005783 -0.012209 -0.001057 1500 1500 1500 1685 29 920715 0.215206 0.000628 0.000000 0.000000 0.000000 1.000000 1.700677 0029 921112 0.303697 0.678000 0.180754
0029 938538 0.008586 -0.012364 -0.001401 1500 1500 1500 1685 29 970734 0.215206 0.000628 0.000000 0.000000 0.000000 1.000000 1.696371 0029 971588 -0.449255 0.644100 0.178503
0029 991699 0.006124 -0.012400 -0.000573 1500 1500 1500 1685 30 20721 0.245585 0.000720 0.000000 0.000000 0.000000 1.000000 1.684362 0030 021118 0.889364 0.661050 0.176702
0030 038269 0.007369 -0.009868 -0.001287 1500 1500 1500 1684 30 70953 0.245585 0.000720 0.000000 0.000000 0.000000 1.000000 1.591622 0030 071930 -0.198277 0.661050 0.178652
0030 091766 0.005682 -0.011584 -0.000570 1500 1500 1500 1685 30 121094 0.277802 0.000813 0.000000 0.000000 0.000000 1.000000 1.611633 0030 121643 0.387362 0.627150 0.176821
0030 138763 0.007303 -0.012534 -0.001138 1500 1500 1500 1683 30 171021 0.277802 0.000813 0.000000 0.000000 0.000000 1.000000 1.386909 0030 171906 1.140374 0.694950 0.185527
0030 191681 0.006736 -0.012152 -0.000379 1500 1500 1500 1683 30 221008 0.311830 0.000904 0.000000 0.000000 0.000000 1.000000 1.418669 0030 221527 -0.951193 0.644100 0.185712
0030 238220 0.006173 -0.013188 -0.001263 1500 1500 1500 1684 30 271149 0.311830 0.000904 0.000000 0.000000 0.000000 1.000000 1.518778 0030 272064 -0.198277 0.661050 0.182469
0030 291779 0.007334 -0.010722 -0.000567 1500 1500 1500 1684 30 321594 0.347641 0.000996 0.000000 0.000000 0.000000 1.000000 1.498758 0030 322388 0.638360 0.661050 0.183266
0030 338257 0.005627 -0.012676 -0.000905 1500 1500 1500 1683 30 371918 0.347641 0.000996 0.000000 0.000000 0.000000 1.000000 1.256507 0030 372314 0.387362 0.678000 0.194072
0030 392334 0.008055 -0.011541 -0.000850 1500 1500 1500 1684 30 422028 0.385206 0.001087 0.000000 0.000000 0.000000 1.000000 1.438674 0030 422577 -0.449255 0.644100 0.189158
0030 438263 0.005607 -0.013157 -0.000643 1500 1500 1500 1685 30 472076 0.385206 0.001087 0.000000 0.000000 0.000000 1.000000 1.469413 0030 472626 0.052707 0.661050 0.188616
0030 491791 0.007567 -0.011388 -0.001539 1500 1500 1500 1684 30 522156 0.424499 0.001181 0.000000 0.000000 0.000000 1.000000 1.411627 0030 522766 0.303697 0.644100 0.191573
0030 538208 0.006398 -0.011819 -0.000698 1500 1500 1500 1682 30 572296 0.424499 0.001181 0.000000 0.000000 0.000000 1.000000 1.074433 0030 572815 0.387362 0.711900 0.207498
0030 592285 0.006150 -0.013337 -0.000674 1500 1500 1500 1683 30 622589 0.465493 0.001275 0.000000 0.000000 0.000000 1.000000 1.191942 0030 623077 0.052707 0.644100 0.207498
0030 638245 0.005540 -0.012573 -0.000049 1500 1500 1500 1684 30 672699 0.465493 0.001275 0.000000 0.000000 0.000000 1.000000 1.369989 0030 673096 0.052707 0.694950 0.203289
0030 691864 0.004365 -0.011681 -0.000359 1500 1500 1500 1685 30 722778 0.508162 0.001369 0.000000 0.000000 0.000000 1.000000 1.477800 0030 723175 -0.449255 0.661050 0.199921
0030 738220 0.005679 -0.010161 -0.000016 1500 1500 1500 1686 30 772766 0.508162 0.001369 0.000000 0.000000 0.000000 1.000000 1.539811 0030 773163 0.387362 0.678000 0.197227
0030 791840 0.003819 -0.011936 0.000024 1500 1500 1500 1687 30 822815 0.552479 0.001461 0.000000 0.000000 0.000000 1.000000 1.649591 0030 823212 1.140374 0.644100 0.191681
0030 839111 0.005280 -0.012246 0.000168 1500 1500 1500 1688 30 872955 0.552479 0.001461 0.000000 0.000000 0.000000 1.000000 1.704278 0030 873352 0.889364 0.661050 0.187245
0030 891815 0.004541 -0.011033 0.000735 1500 1500 1500 1689 30 923126 0.598420 0.001551 0.000000 0.000000 0.000000 1.000000 1.801972 0030 923676 -0.198277 0.627150 0.180306
0030 938263 0.004801 -0.011884 -0.000869 1500 1500 1500 1688 30 973175 0.598420 0.001551 0.000000 0.000000 0.000000 1.000000 1.688349 0030 973724 0.638360 0.661050 0.181535
0030 991577 0.005697 -0.009828 0.000044 1500 1500 1500 1686 31 23224 0.645959 0.001640 0.000000 0.000000 0.000000 1.000000 1.459445 0031 023743 0.638360 0.678000 0.189298
0031 038177 0.003975 -0.012730 -0.000404 1500 1500 1500 1687 31 73303 0.645959 0.001640 0.000000 0.000000 0.000000 1.000000 1.561652 0031 073822 -0.198277 0.644100 0.185338
0031 093109 0.005908 -0.010846 -0.000539 1500 1500 1500 1688 31 123505 0.695072 0.001727 0.000000 0.000000 0.000000 1.000000 1.617374 0031 123901 0.889364 0.627150 0.182171
0031 138641 0.003951 -0.011020 -0.000162 1500 1500 1500 1687 31 173706 0.695072 0.001727 0.000000 0.000000 0.000000 1.000000 1.566582 0031 174103 -0.700227 0.661050 0.183027
0031 191559 0.005662 -0.009668 -0.000643 1500 1500 1500 1687 31 223694 0.745734 0.001814 0.000000 0.000000 0.000000 1.000000 1.534447 0031 224091 0.052707 0.661050 0.183711
0031 238098 0.003962 -0.010224 0.000230 1500 1500 1500 1687 31 273743 0.745734 0.001814 0.000000 0.000000 0.000000 1.000000 1.514689 0031 274231 0.638360 0.644100 0.184259
0031 291687 0.004651 -0.011798 -0.000582 1500 1500 1500 1688 31 323761 0.797921 0.001902 0.000000 0.000000 0.000000 1.000000 1.580187 0031 324158 0.136370 0.644100 0.181307
0031 339691 0.005780 -0.008921 0.000294 1500 1500 1500 1687 31 373749 0.797921 0.001902 0.000000 0.000000 0.000000 1.000000 1.459961 0031 374146 -0.700227 0.694950 0.185726
0031 392212 0.003926 -0.012559 0.000270 1500 1500 1500 1687 31 423920 0.851609 0.001988 0.000000 0.000000 0.000000 1.000000 1.470599 0031 424316 0.638360 0.661050 0.185871
0031 438202 0.005360 -0.011273 -0.000224 1500 1500 1500 1688 31 473969 0.851609 0.001988 0.000000 0.000000 0.000000 1.000000 1.478624 0031 474487 0.638360 0.644100 0.185986
0031 491638 0.004489 -0.012575 0.000863 1500 1500 1500 1688 31 524109 0.906777 0.002072 0.000000 0.000000 0.000000 1.000000 1.484705 0031 524750 0.889364 0.644100 0.186079
0031 539764 0.004725 -0.013145 -0.000223 1500 1500 1500 1689 31 574158 0.906777 0.002072 0.000000 0.000000 0.000000 1.000000 1.643611 0031 574707 -0.198277 0.644100 0.179373
0031 591522 0.005423 -0.011399 0.000470 1500 1500 1500 1689 31 624329 0.963399 0.002152 0.000000 0.000000 0.000000 1.000000 1.573769 0031 624817 1.140374 0.678000 0.180789
0031 638153 0.004027 -0.012730 -0.000213 1500 1500 1500 1688 31 674255 0.963399 0.002152 0.000000 0.000000 0.000000 1.000000 1.453397 0031 674774 -0.700227 0.661050 0.185311
0031 691650 0.006359 -0.009641 0.000436 1500 1500 1500 1688 31 724457 1.021455 0.002231 0.000000 0.000000 0.000000 1.000000 1.464346 0031 724854 0.638360 0.678000 0.185539
0031 739716 0.004280 -0.013851 0.000013 1500 1500 1500 1688 31 774567 1.021455 0.002231 0.000000 0.000000 0.000000 1.000000 1.395782 0031 774963 1.140374 0.711900 0.189111
0031 791260 0.007044 -0.011147 -0.000434 1500 1500 1500 1688 31 824707 1.080922 0.002308 0.000000 0.000000 0.000000 1.000000 1.362061 0031 825104 0.638360 0.661050 0.191969
0031 838104 0.004852 -0.012447 0.000244 1500 1500 1500 1687 31 874756 1.080922 0.002308 0.000000 0.000000 0.000000 1.000000 1.272738 0031 875153 1.140374 0.779700 0.197645
0031 890320 0.006525 -0.012339 -0.000116 1500 1500 1500 1689 31 924896 1.141778 0.002385 0.000000 0.000000 0.000000 1.000000 1.464311 0031 925293 1.140374 0.644100 0.192016
0031 938110 0.005695 -0.011895 0.000452 1500 1500 1500 1690 31 975159 1.141778 0.002385 0.000000 0.000000 0.000000 1.000000 1.575920 0031 975922 0.136370 0.661050 0.187513
0031 991180 0.005246 -0.011975 -0.000290 1500 1500 1500 1690 32 25238 1.204002 0.002461 0.000000 0.000000 0.000000 1.000000 1.558911 0032 025879 0.889364 0.661050 0.187300
0032 038086 0.005674 -0.009251 -0.000191 1500 1500 1500 1691 32 75592 1.204002 0.002461 0.000000 0.000000 0.000000 1.000000 1.700434 0032 076080 -0.700227 0.627150 0.180350
0032 090302 0.003957 -0.011306 -0.000316 1500 1500 1500 1689 32 125732 1.267572 0.002537 0.000000 0.000000 0.000000 1.000000 1.463171 0032 126251 -0.198277 0.762750 0.188350
0032 138580 0.006733 -0.010938 -0.000549 1500 1500 1500 1690 32 176025 1.267572 0.002537 0.000000 0.000000 0.000000 1.000000 1.560472 0032 176697 -0.198277 0.644100 0.184580
0032 192078 0.004249 -0.012061 0.000309 1500 1500 1500 1690 32 226135 1.332468 0.002611 0.000000 0.000000 0.000000 1.000000 1.459239 0032 226807 0.638360 0.678000 0.188344
0032 241211 0.004734 -0.012332 -0.000773 1500 1500 1500 1690 32 276459 1.332468 0.002611 0.000000 0.000000 0.000000 1.000000 1.480557 0032 276825 -0.198277 0.661050 0.187965
0032 291626 0.004357 -0.010663 -0.000084 1500 1500 1500 1690 32 326630 1.398669 0.002684 0.000000 0.000000 0.000000 1.000000 1.484054 0032 327362 0.387362 0.678000 0.188098
0032 339569 0.003344 -0.012584 -0.000894 1500 1500 1500 1690 32 376740 1.398669 0.002684 0.000000 0.000000 0.000000 1.000000 1.496943 0032 377136 0.387362 0.644100 0.187768
0032 391022 0.003771 -0.012234 -0.000721 1500 1500 1500 1690 32 426727 1.466155 0.002757 0.000000 0.000000 0.000000 1.000000 1.427508 0032 427155 0.136370 0.678000 0.190895
0032 438171 0.002058 -0.011584 -0.000182 1500 1500 1500 1689 32 476837 1.466155 0.002757 0.000000 0.000000 0.000000 1.000000 1.314258 0032 477448 0.889364 0.694950 0.196786
