0005 572448 0.017679 0.023808 -0.423423 1500 1500 1500 950 5 586853 0.000000 0.000000 0.000000 0.000000 0.000000 0.000000 0.000000 0005 587554 -0.445072 0.678000 0.033900
0005 618988 0.017686 0.023792 -0.423452 1500 1500 1500 950 5 636901 0.000000 0.000000 0.000000 0.000000 0.000000 0.000000 0.000000 0005 637420 0.307880 0.661050 0.064410
0005 672149 0.017679 0.023761 -0.423446 1500 1500 1500 950 5 687011 0.000000 0.000000 0.000000 0.000000 0.000000 0.000000 0.000000 0005 688079 -0.696044 0.678000 0.088818
0005 718994 0.017717 0.023745 -0.423426 1500 1500 1500 950 5 736999 0.000000 0.000000 0.000000 0.000000 0.000000 0.000000 0.000000 0005 737426 0.391545 0.678000 0.108344
0005 771118 0.017726 0.023737 -0.423456 1500 1500 1500 950 5 787048 0.000000 0.000000 0.000000 0.000000 0.000000 0.000000 0.000000 0005 787658 -0.194094 0.678000 0.123966
0005 818969 0.017707 0.023727 -0.423491 1500 1500 1500 950 5 837036 0.000000 0.000000 0.000000 0.000000 0.000000 0.000000 0.000000 0005 837432 1.144557 0.678000 0.136462
0005 872253 0.017701 0.023719 -0.423516 1500 1500 1500 950 5 887054 0.000000 0.000000 0.000000 0.000000 0.000000 0.000000 0.000000 0005 887664 -0.445072 0.678000 0.143070
0005 919067 0.017727 0.023695 -0.423534 1500 1500 1500 950 5 937194 0.000000 0.000000 0.000000 0.000000 0.000000 0.000000 0.000000 0005 937591 0.056890 0.678000 0.151746
0005 972381 0.017714 0.023659 -0.423547 1500 1500 1500 950 5 987243 0.000000 0.000000 0.000000 0.000000 0.000000 0.000000 0.000000 0005 987976 0.893547 0.678000 0.158687
0006 020355 0.017753 0.023658 -0.423560 1500 1500 1500 950 6 37261 0.000000 0.000000 0.000000 0.000000 0.000000 0.000000 0.000000 0006 037750 -0.445072 0.661050 0.160849
0006 072876 0.017728 0.023672 -0.423598 1500 1500 1500 950 6 87310 0.000000 0.000000 0.000000 0.000000 0.000000 0.000000 0.000000 0006 087860 0.391545 0.678000 0.165970
0006 119018 0.017751 0.023635 -0.423610 1500 1500 1500 950 6 137237 0.000000 0.000000 0.000000 0.000000 0.000000 0.000000 0.000000 0006 137756 0.642543 0.678000 0.170066
0006 172363 0.017712 0.023612 -0.423648 1500 1500 1500 950 6 187377 0.000000 0.000000 0.000000 0.000000 0.000000 0.000000 0.000000 0006 187927 -0.194094 0.678000 0.173342
0006 218994 0.017724 0.023638 -0.423657 1500 1500 1500 950 6 237365 0.000000 0.000000 0.000000 0.000000 0.000000 0.000000 0.000000 0006 237884 0.642543 0.678000 0.175964
0006 272155 0.017711 0.023680 -0.423676 1500 1500 1500 950 6 287475 0.000000 0.000000 0.000000 0.000000 0.000000 0.000000 0.000000 0006 287994 -0.445072 0.678000 0.178061
0006 318969 0.017683 0.023671 -0.423697 1500 1500 1500 950 6 337402 0.000000 0.000000 0.000000 0.000000 0.000000 0.000000 0.000000 0006 337951 0.391545 0.661050 0.176349
0006 372345 0.017721 0.023661 -0.423718 1500 1500 1500 950 6 387725 0.000000 0.000000 0.000000 0.000000 0.000000 0.000000 0.000000 0006 388122 -0.194094 0.678000 0.174979
0006 418975 0.017722 0.023679 -0.423742 1500 1500 1500 950 6 437713 0.000000 0.000000 0.000000 0.000000 0.000000 0.000000 0.000000 0006 438110 0.391545 0.678000 0.173883
0006 473327 0.017703 0.023646 -0.423757 1500 1500 1500 950 6 487915 0.000000 0.000000 0.000000 0.000000 0.000000 0.000000 0.000000 0006 488311 0.642543 0.678000 0.176397
0006 518859 0.017700 0.023661 -0.423789 1500 1500 1500 950 6 537902 0.000000 0.000000 0.000000 0.000000 0.000000 0.000000 0.000000 0006 538299 -0.194094 0.678000 0.178407
0006 572296 0.017712 0.023664 -0.423789 1500 1500 1500 950 6 587982 0.000000 0.000000 0.000000 0.000000 0.000000 0.000000 0.000000 0006 588378 0.893547 0.678000 0.180016
0006 619018 0.017727 0.023650 -0.423834 1500 1500 1500 950 6 638031 0.000000 0.000000 0.000000 0.000000 0.000000 0.000000 0.000000 0006 638397 0.056890 0.678000 0.181303
0006 673004 0.017722 0.023653 -0.423855 1500 1500 1500 950 6 687957 0.000000 0.000000 0.000000 0.000000 0.000000 0.000000 0.000000 0006 688446 -1.197970 0.678000 0.182332
0006 718841 0.017728 0.023662 -0.423887 1500 1500 1500 950 6 738128 0.000000 0.000000 0.000000 0.000000 0.000000 0.000000 0.000000 0006 739105 0.642543 0.678000 0.179766
0006 772399 0.017723 0.023662 -0.423916 1500 1500 1500 950 6 788177 0.000000 0.000000 0.000000 0.000000 0.000000 0.000000 0.000000 0006 788574 0.642543 0.678000 0.181103
0006 818847 0.017763 0.023688 -0.423949 1500 1500 1500 950 6 838104 0.000000 0.000000 0.000000 0.000000 0.000000 0.000000 0.000000 0006 838531 0.642543 0.678000 0.178782
0006 873107 0.017754 0.023687 -0.423961 1500 1500 1500 950 6 888183 0.000000 0.000000 0.000000 0.000000 0.000000 0.000000 0.000000 0006 888580 0.056890 0.678000 0.180316
0006 919067 0.017748 0.023690 -0.423994 1500 1500 1500 950 6 938110 0.000000 0.000000 0.000000 0.000000 0.000000 0.000000 0.000000 0006 938507 0.056890 0.678000 0.181543
0006 972290 0.017727 0.023695 -0.424014 1500 1500 1500 950 6 988189 0.000000 0.000000 0.000000 0.000000 0.000000 0.000000 0.000000 0006 988830 -0.696044 0.678000 0.179134
0007 019226 0.017738 0.023710 -0.424021 1500 1500 1500 950 7 38116 0.000000 0.000000 0.000000 0.000000 0.000000 0.000000 0.000000 0007 038513 0.642543 0.678000 0.180597
0007 072876 0.017711 0.023706 -0.424036 1500 1500 1500 950 7 88287 0.000000 0.000000 0.000000 0.000000 0.000000 0.000000 0.000000 0007 088836 0.391545 0.678000 0.178378
0007 118865 0.017674 0.023741 -0.424047 1500 1500 1500 950 7 138183 0.000000 0.000000 0.000000 0.000000 0.000000 0.000000 0.000000 0007 138763 0.056890 0.678000 0.179992
0007 172302 0.017673 0.023745 -0.424093 1500 1500 1500 950 7 188201 0.000000 0.000000 0.000000 0.000000 0.000000 0.000000 0.000000 0007 188720 -0.194094 0.678000 0.181284
0007 218780 0.017688 0.023753 -0.424109 1500 1500 1500 950 7 238403 0.000000 0.000000 0.000000 0.000000 0.000000 0.000000 0.000000 0007 239501 0.056890 0.678000 0.178927
0007 273071 0.017681 0.023773 -0.424127 1500 1500 1500 950 7 288421 0.000000 0.000000 0.000000 0.000000 0.000000 0.000000 0.000000 0007 288940 0.642543 0.678000 0.180432
0007 318847 0.017672 0.023776 -0.424167 1500 1500 1500 950 7 338592 0.000000 0.000000 0.000000 0.000000 0.000000 0.000000 0.000000 0007 339569 -0.445072 0.678000 0.181635
0007 370849 0.017677 0.023787 -0.424185 1500 1500 1500 950 7 388580 0.000000 0.000000 0.000000 0.000000 0.000000 0.000000 0.000000 0007 389068 0.056890 0.678000 0.179208
0007 419006 0.017672 0.023801 -0.424198 1500 1500 1500 950 7 438812 0.000000 0.000000 0.000000 0.000000 0.000000 0.000000 0.000000 0007 439819 -0.194094 0.678000 0.180657
0007 472839 0.017664 0.023799 -0.424239 1500 1500 1500 950 7 488922 0.000000 0.000000 0.000000 0.000000 0.000000 0.000000 0.000000 0007 489318 0.391545 0.678000 0.181815
0007 518829 0.017651 0.023815 -0.424271 1500 1500 1500 950 7 538879 0.000000 0.000000 0.000000 0.000000 0.000000 0.000000 0.000000 0007 539855 0.642543 0.678000 0.182742
0007 572265 0.017653 0.023848 -0.424295 1500 1500 1500 950 7 588897 0.000000 0.000000 0.000000 0.000000 0.000000 0.000000 0.000000 0007 589324 0.056890 0.678000 0.183484
0007 618835 0.017673 0.023834 -0.424324 1500 1500 1500 950 7 638916 0.000000 0.000000 0.000000 0.000000 0.000000 0.000000 0.000000 0007 639770 0.893547 0.678000 0.184077
0007 672821 0.017672 0.023814 -0.424312 1500 1500 1500 950 7 688964 0.000000 0.000000 0.000000 0.000000 0.000000 0.000000 0.000000 0007 689361 -1.197970 0.678000 0.184552
0007 718841 0.017706 0.023814 -0.424345 1500 1500 1000 950 7 738952 0.000000 0.000000 0.000000 0.000000 0.000000 0.000000 0.000000 0007 739349 -0.696044 0.678000 0.184931
0007 772247 0.017704 0.023800 -0.000034 1500 1500 1000 950 7 788940 0.000000 0.000000 0.000000 0.000000 0.000000 0.000000 0.000000 0007 789337 0.642543 0.678000 0.185235
0007 818878 0.018111 0.023379 -0.000077 1500 1500 1000 950 7 838958 0.000000 0.000000 0.000000 0.000000 0.000000 0.000000 0.000000 0007 839447 -0.194094 0.678000 0.182088
0007 872070 0.018665 0.023372 -0.000098 1500 1500 1000 950 7 888916 0.000000 0.000000 0.000000 0.000000 0.000000 0.000000 0.000000 0007 889312 0.056890 0.678000 0.182960
0007 918975 0.018545 0.022607 -0.000138 1500 1500 1000 950 7 938873 0.000000 0.000000 0.000000 0.000000 0.000000 0.000000 0.000000 0007 939300 0.056890 0.678000 0.183658
0007 972168 0.018368 0.022383 -0.000146 1500 1500 1000 950 7 988952 0.000000 0.000000 0.000000 0.000000 0.000000 0.000000 0.000000 0007 989349 -0.947010 0.678000 0.184217
0008 018829 0.018516 0.022604 -0.000150 1500 1500 1000 950 8 38879 0.000000 0.000000 0.000000 0.000000 0.000000 0.000000 0.000000 0008 039337 0.056890 0.678000 0.184663
0008 071960 0.018710 0.022529 -0.000148 1500 1500 1000 950 8 88958 0.000000 0.000000 0.000000 0.000000 0.000000 0.000000 0.000000 0008 089355 0.056890 0.678000 0.185021
0008 118835 0.018529 0.022721 -0.000145 1500 1500 1000 950 8 138885 0.000000 0.000000 0.000000 0.000000 0.000000 0.000000 0.000000 0008 139373 -0.947010 0.678000 0.181917
0008 170990 0.018825 0.022445 -0.000135 1500 1500 1000 950 8 189025 0.000000 0.000000 0.000000 0.000000 0.000000 0.000000 0.000000 0008 189422 0.642543 0.678000 0.182823
0008 218841 0.018982 0.022174 -0.000121 1500 1500 1000 950 8 239196 0.000000 0.000000 0.000000 0.000000 0.000000 0.000000 0.000000 0008 239807 -0.194094 0.711900 0.180159
0008 271942 0.019055 0.022544 -0.000118 1500 1500 1000 950 8 289245 0.000000 0.000000 0.000000 0.000000 0.000000 0.000000 0.000000 0008 289733 -0.445072 0.661050 0.178027
0008 318847 0.018966 0.022108 -0.000152 1500 1500 1000 950 8 339141 0.000000 0.000000 0.000000 0.000000 0.000000 0.000000 0.000000 0008 339721 0.056890 0.678000 0.176321
0008 370941 0.018886 0.022354 -0.000165 1500 1500 1000 950 8 389160 0.000000 0.000000 0.000000 0.000000 0.000000 0.000000 0.000000 0008 389556 -0.194094 0.678000 0.178347
0008 418975 0.019023 0.022384 -0.000162 1500 1500 1000 950 8 439086 0.000000 0.000000 0.000000 0.000000 0.000000 0.000000 0.000000 0008 439575 -0.445072 0.678000 0.179968
0008 471984 0.018996 0.022406 -0.000150 1500 1500 1000 950 8 489166 0.000000 0.000000 0.000000 0.000000 0.000000 0.000000 0.000000 0008 489563 -0.445072 0.678000 0.177874
0008 518829 0.019281 0.022304 -0.000152 1500 1500 1000 950 8 539093 0.000000 0.000000 0.000000 0.000000 0.000000 0.000000 0.000000 0008 539581 0.056890 0.678000 0.179589
0008 570587 0.019006 0.022305 -0.000152 1500 1500 1000 950 8 589202 0.000000 0.000000 0.000000 0.000000 0.000000 0.000000 0.000000 0008 589721 -0.194094 0.678000 0.180961
0008 618835 0.018802 0.022443 -0.000166 1500 1500 1000 950 8 639129 0.000000 0.000000 0.000000 0.000000 0.000000 0.000000 0.000000 0008 639709 -0.445072 0.678000 0.182059
0008 671936 0.019340 0.022379 -0.000130 1500 1500 1000 950 8 689209 0.000000 0.000000 0.000000 0.000000 0.000000 0.000000 0.000000 0008 689727 -0.194094 0.678000 0.182937
0008 718780 0.019023 0.022183 -0.000139 1500 1500 1000 950 8 739105 0.000000 0.000000 0.000000 0.000000 0.000000 0.000000 0.000000 0008 739715 -0.445072 0.678000 0.183640
0008 770935 0.019094 0.021928 -0.000148 1500 1500 1000 950 8 789154 0.000000 0.000000 0.000000 0.000000 0.000000 0.000000 0.000000 0008 789550 0.056890 0.678000 0.184202
0008 818817 0.019115 0.021985 -0.000130 1500 1500 1000 950 8 839111 0.000000 0.000000 0.000000 0.000000 0.000000 0.000000 0.000000 0008 839691 -0.445072 0.678000 0.184652
0008 871978 0.019051 0.022030 -0.000129 1500 1500 1000 950 8 889160 0.000000 0.000000 0.000000 0.000000 0.000000 0.000000 0.000000 0008 889587 -0.194094 0.678000 0.181621
0008 918975 0.018992 0.022084 -0.000120 1500 1500 1000 950 8 939086 0.000000 0.000000 0.000000 0.000000 0.000000 0.000000 0.000000 0008 939575 0.056890 0.678000 0.182587
0008 970947 0.018978 0.022108 -0.000127 1500 1500 1000 950 8 989227 0.000000 0.000000 0.000000 0.000000 0.000000 0.000000 0.000000 0008 989715 0.056890 0.678000 0.179970
0009 018829 0.018949 0.022143 -0.000115 1500 1500 1000 950 9 39123 0.000000 0.000000 0.000000 0.000000 0.000000 0.000000 0.000000 0009 039703 0.140553 0.678000 0.181266
0009 071899 0.018954 0.022165 -0.000115 1500 1500 1000 950 9 89172 0.000000 0.000000 0.000000 0.000000 0.000000 0.000000 0.000000 0009 089691 -0.194094 0.694950 0.185693
0009 118835 0.018926 0.022153 -0.000128 1500 1500 1000 950 9 139099 0.000000 0.000000 0.000000 0.000000 0.000000 0.000000 0.000000 0009 140045 -1.197970 0.678000 0.185844
0009 172119 0.018934 0.022166 -0.000132 1500 1500 1000 950 9 189178 0.000000 0.000000 0.000000 0.000000 0.000000 0.000000 0.000000 0009 189575 0.056890 0.678000 0.185965
0009 220031 0.018946 0.022166 -0.000138 1500 1500 1000 950 9 239105 0.000000 0.000000 0.000000 0.000000 0.000000 0.000000 0.000000 0009 240020 0.056890 0.678000 0.186062
0009 272247 0.018950 0.022155 -0.000133 1500 1500 1000 950 9 289123 0.000000 0.000000 0.000000 0.000000 0.000000 0.000000 0.000000 0009 289550 -0.947010 0.678000 0.186140
0009 318725 0.018996 0.022171 -0.000136 1500 1500 1000 950 9 339263 0.000000 0.000000 0.000000 0.000000 0.000000 0.000000 0.000000 0009 340271 -0.445072 0.678000 0.186202
0009 370849 0.018983 0.022161 -0.000142 1500 1500 1000 950 9 389434 0.000000 0.000000 0.000000 0.000000 0.000000 0.000000 0.000000 0009 389923 -0.947010 0.678000 0.186251
0009 419036 0.018960 0.022166 -0.000127 1500 1500 1000 950 9 439605 0.000000 0.000000 0.000000 0.000000 0.000000 0.000000 0.000000 0009 440032 0.056890 0.678000 0.186291
0009 472473 0.018975 0.022137 -0.000142 1500 1500 1000 950 9 489776 0.000000 0.000000 0.000000 0.000000 0.000000 0.000000 0.000000 0009 490173 0.056890 0.678000 0.186323
0009 518707 0.018998 0.022152 -0.000125 1500 1500 1000 950 9 539794 0.000000 0.000000 0.000000 0.000000 0.000000 0.000000 0.000000 0009 540191 0.391545 0.678000 0.186348
0009 570770 0.019042 0.022134 -0.000100 1500 1500 1000 950 9 589813 0.000000 0.000000 0.000000 0.000000 0.000000 0.000000 0.000000 0009 590362 -0.445072 0.678000 0.186369
0009 618804 0.019030 0.022135 -0.000101 1500 1500 1000 950 9 639831 0.000000 0.000000 0.000000 0.000000 0.000000 0.000000 0.000000 0009 640563 0.391545 0.678000 0.186385
0009 672576 0.019028 0.022129 -0.000112 1500 1500 1000 950 9 689758 0.000000 0.000000 0.000000 0.000000 0.000000 0.000000 0.000000 0009 690155 0.391545 0.678000 0.186398
0009 718688 0.018998 0.022142 -0.000113 1500 1500 1000 950 9 739807 0.000000 0.000000 0.000000 0.000000 0.000000 0.000000 0.000000 0009 740692 -0.696044 0.678000 0.186408
0009 771881 0.019018 0.022143 -0.000142 1500 1500 1000 950 9 789764 0.000000 0.000000 0.000000 0.000000 0.000000 0.000000 0.000000 0009 790161 -0.445072 0.661050 0.183027
0009 818695 0.018976 0.022144 -0.000150 1500 1500 1000 950 9 839782 0.000000 0.000000 0.000000 0.000000 0.000000 0.000000 0.000000 0009 840759 -0.696044 0.678000 0.183711
0009 871887 0.018938 0.022147 -0.000144 1500 1500 1000 950 9 889770 0.000000 0.000000 0.000000 0.000000 0.000000 0.000000 0.000000 0009 890197 -0.445072 0.678000 0.184259
0009 918884 0.018945 0.022145 -0.000155 1500 1500 1000 950 9 939788 0.000000 0.000000 0.000000 0.000000 0.000000 0.000000 0.000000 0009 940704 -0.696044 0.678000 0.184697
0009 970703 0.018972 0.022181 -0.000151 1500 1500 1000 950 9 989807 0.000000 0.000000 0.000000 0.000000 0.000000 0.000000 0.000000 0009 990203 0.056890 0.678000 0.185048
0010 020111 0.018989 0.022165 -0.000159 1500 1500 1000 950 10 39733 0.000000 0.000000 0.000000 0.000000 0.000000 0.000000 0.000000 0010 040130 0.391545 0.678000 0.181938
0010 072570 0.018996 0.022163 -0.000161 1500 1500 1000 950 10 89782 0.000000 0.000000 0.000000 0.000000 0.000000 0.000000 0.000000 0010 090576 0.056890 0.678000 0.179451
0010 118743 0.019024 0.022173 -0.000147 1500 1500 1000 950 10 139892 0.000000 0.000000 0.000000 0.000000 0.000000 0.000000 0.000000 0010 140289 -0.445072 0.678000 0.180850
0010 172119 0.018990 0.022193 -0.000147 1500 1500 1000 950 10 190063 0.000000 0.000000 0.000000 0.000000 0.000000 0.000000 0.000000 0010 190551 -0.445072 0.661050 0.178580
0010 218872 0.018999 0.022218 -0.000164 1500 1500 1000 950 10 240112 0.000000 0.000000 0.000000 0.000000 0.000000 0.000000 0.000000 0010 240631 0.056890 0.678000 0.180154
0010 271423 0.019007 0.022211 -0.000167 1500 1500 1000 950 10 290313 0.000000 0.000000 0.000000 0.000000 0.000000 0.000000 0.000000 0010 290863 -0.445072 0.678000 0.181413
0010 318908 0.019035 0.022204 -0.000175 1500 1500 1000 950 10 340332 0.000000 0.000000 0.000000 0.000000 0.000000 0.000000 0.000000 0010 340850 -0.696044 0.678000 0.182421
0010 371948 0.019008 0.022200 -0.000175 1500 1500 1000 950 10 390594 0.000000 0.000000 0.000000 0.000000 0.000000 0.000000 0.000000 0010 390991 -0.696044 0.678000 0.179837
0010 419189 0.019006 0.022200 -0.000179 1500 1500 1000 950 10 440734 0.000000 0.000000 0.000000 0.000000 0.000000 0.000000 0.000000 0010 441131 0.893547 0.678000 0.177769
0010 472412 0.018976 0.022197 -0.000183 1500 1500 1000 950 10 490844 0.000000 0.000000 0.000000 0.000000 0.000000 0.000000 0.000000 0010 491241 0.056890 0.678000 0.179505
0010 518676 0.018949 0.022191 -0.000190 1500 1500 1000 950 10 541015 0.000000 0.000000 0.000000 0.000000 0.000000 0.000000 0.000000 0010 541412 -0.445072 0.661050 0.177504
0010 571960 0.018949 0.022222 -0.000212 1500 1500 1000 950 10 591064 0.000000 0.000000 0.000000 0.000000 0.000000 0.000000 0.000000 0010 591583 0.391545 0.678000 0.175903
0010 620025 0.018932 0.022229 -0.000227 1500 1500 1000 950 10 641113 0.000000 0.000000 0.000000 0.000000 0.000000 0.000000 0.000000 0010 641967 0.893547 0.661050 0.174623
0010 672699 0.018946 0.022193 -0.000220 1500 1500 1000 950 10 691040 0.000000 0.000000 0.000000 0.000000 0.000000 0.000000 0.000000 0010 691589 -0.445072 0.678000 0.176988
0010 719787 0.018932 0.022250 -0.000227 1500 1500 1000 950 10 741088 0.000000 0.000000 0.000000 0.000000 0.000000 0.000000 0.000000 0010 741973 0.391545 0.678000 0.178881
0010 771057 0.018945 0.022209 -0.000258 1500 1500 1000 950 10 791046 0.000000 0.000000 0.000000 0.000000 0.000000 0.000000 0.000000 0010 791656 -0.445072 0.678000 0.180394
0010 818908 0.018949 0.022184 -0.000273 1500 1500 1000 950 10 841033 0.000000 0.000000 0.000000 0.000000 0.000000 0.000000 0.000000 0010 841888 0.056890 0.678000 0.181606
0010 872619 0.018951 0.022207 -0.000288 1500 1500 1000 950 10 890991 0.000000 0.000000 0.000000 0.000000 0.000000 0.000000 0.000000 0010 891418 -0.445072 0.678000 0.182574
0010 918914 0.018975 0.022197 -0.000299 1500 1500 1000 950 10 941131 0.000000 0.000000 0.000000 0.000000 0.000000 0.000000 0.000000 0010 942138 0.056890 0.678000 0.183350
0010 970977 0.018953 0.022173 -0.000300 1500 1500 1000 950 10 991058 0.000000 0.000000 0.000000 0.000000 0.000000 0.000000 0.000000 0010 991668 0.391545 0.678000 0.183970
0011 018798 0.018936 0.022177 -0.000273 1500 1500 1000 950 11 41107 0.000000 0.000000 0.000000 0.000000 0.000000 0.000000 0.000000 0011 041992 0.056890 0.661050 0.181076
0011 071746 0.018922 0.022186 -0.000277 1500 1500 1000 950 11 91095 0.000000 0.000000 0.000000 0.000000 0.000000 0.000000 0.000000 0011 091613 -0.194094 0.678000 0.178761
0011 118896 0.018956 0.022209 -0.000265 1500 1500 1000 950 11 141265 0.000000 0.000000 0.000000 0.000000 0.000000 0.000000 0.000000 0011 142150 0.391545 0.678000 0.180298
0011 170990 0.018945 0.022227 -0.000270 1500 1500 1000 950 11 191528 0.000000 0.000000 0.000000 0.000000 0.000000 0.000000 0.000000 0011 192077 0.307880 0.678000 0.181529
0011 218872 0.018953 0.022242 -0.000298 1500 1500 1000 950 11 241760 0.000000 0.000000 0.000000 0.000000 0.000000 0.000000 0.000000 0011 242157 -0.194094 0.678000 0.182513
0011 272583 0.018963 0.022249 -0.000312 1500 1500 1000 950 11 291931 0.000000 0.000000 0.000000 0.000000 0.000000 0.000000 0.000000 0011 292327 0.056890 0.678000 0.179910
0011 320129 0.018958 0.022243 -0.000320 1500 1500 1000 950 11 342163 0.000000 0.000000 0.000000 0.000000 0.000000 0.000000 0.000000 0011 342712 0.056890 0.678000 0.181218
0011 371887 0.018947 0.022241 -0.000331 1500 1500 1000 950 11 392334 0.000000 0.000000 0.000000 0.000000 0.000000 0.000000 0.000000 0011 392852 0.642543 0.678000 0.182265
0011 419158 0.019006 0.022258 -0.000354 1500 1500 1000 950 11 442352 0.000000 0.000000 0.000000 0.000000 0.000000 0.000000 0.000000 0011 442871 -0.445072 0.678000 0.183102
0011 472320 0.019038 0.022249 -0.000347 1500 1500 1000 950 11 492675 0.000000 0.000000 0.000000 0.000000 0.000000 0.000000 0.000000 0011 493133 0.056890 0.678000 0.183771
0011 518615 0.019068 0.022231 -0.000336 1500 1500 1000 950 11 542755 0.000000 0.000000 0.000000 0.000000 0.000000 0.000000 0.000000 0011 543151 0.642543 0.678000 0.184307
0011 572021 0.019079 0.022217 -0.000335 1500 1500 1000 950 11 592865 0.000000 0.000000 0.000000 0.000000 0.000000 0.000000 0.000000 0011 594665 -0.194094 0.678000 0.184736
0011 619995 0.019059 0.022186 -0.000345 1500 1500 1000 950 11 642883 0.000000 0.000000 0.000000 0.000000 0.000000 0.000000 0.000000 0011 643280 0.893547 0.678000 0.185079
0011 672363 0.019089 0.022162 -0.000340 1500 1500 1000 950 11 693054 0.000000 0.000000 0.000000 0.000000 0.000000 0.000000 0.000000 0011 693573 0.056890 0.678000 0.181963
0011 718536 0.019094 0.022169 -0.000339 1500 1500 1000 950 11 743286 0.000000 0.000000 0.000000 0.000000 0.000000 0.000000 0.000000 0011 743804 0.056890 0.678000 0.182860
0011 771942 0.019099 0.022194 -0.000344 1500 1500 1000 950 11 793365 0.000000 0.000000 0.000000 0.000000 0.000000 0.000000 0.000000 0011 793884 -0.696044 0.678000 0.183578
0011 818389 0.019104 0.022224 -0.000328 1500 1500 1000 950 11 843292 0.000000 0.000000 0.000000 0.000000 0.000000 0.000000 0.000000 0011 843841 -0.445072 0.678000 0.184153
0011 872314 0.019113 0.022213 -0.000329 1500 1500 1000 950 11 893402 0.000000 0.000000 0.000000 0.000000 0.000000 0.000000 0.000000 0011 893920 -0.445072 0.678000 0.181222
0011 918701 0.019096 0.022214 -0.000309 1500 1500 1000 950 11 943328 0.000000 0.000000 0.000000 0.000000 0.000000 0.000000 0.000000 0011 943847 -0.194094 0.678000 0.182268
0011 971862 0.019097 0.022220 -0.000287 1500 1500 1000 950 11 993377 0.000000 0.000000 0.000000 0.000000 0.000000 0.000000 0.000000 0011 993865 0.642543 0.678000 0.183104
0012 018585 0.019109 0.022176 -0.000285 1500 1500 1000 950 12 43670 0.000000 0.000000 0.000000 0.000000 0.000000 0.000000 0.000000 0012 044067 -0.696044 0.678000 0.180383
0012 072265 0.019100 0.022201 -0.000304 1500 1500 1000 950 12 93811 0.000000 0.000000 0.000000 0.000000 0.000000 0.000000 0.000000 0012 094207 -1.197970 0.678000 0.181597
0012 119751 0.019098 0.022210 -0.000259 1500 1500 1000 950 12 143798 0.000000 0.000000 0.000000 0.000000 0.000000 0.000000 0.000000 0012 144195 -0.194094 0.678000 0.182567
0012 171722 0.019097 0.022213 -0.000253 1500 1500 1000 950 12 193756 0.000000 0.000000 0.000000 0.000000 0.000000 0.000000 0.000000 0012 194152 -0.445072 0.678000 0.183344
0012 218597 0.019114 0.022201 -0.000268 1500 1500 1000 950 12 244049 0.000000 0.000000 0.000000 0.000000 0.000000 0.000000 0.000000 0012 244812 0.307880 0.678000 0.180575
0012 272216 0.019130 0.022187 -0.000274 1500 1500 1000 950 12 294006 0.000000 0.000000 0.000000 0.000000 0.000000 0.000000 0.000000 0012 294433 0.307880 0.678000 0.181750
0012 318420 0.019172 0.022160 -0.000271 1500 1500 1000 950 12 344055 0.000000 0.000000 0.000000 0.000000 0.000000 0.000000 0.000000 0012 344848 -1.448924 0.678000 0.182690
0012 371765 0.019179 0.022154 -0.000281 1500 1500 1000 950 12 394195 0.000000 0.000000 0.000000 0.000000 0.000000 0.000000 0.000000 0012 394989 -0.696044 0.678000 0.183442
0012 419769 0.019176 0.022143 -0.000283 1500 1500 1000 950 12 444122 0.000000 0.000000 0.000000 0.000000 0.000000 0.000000 0.000000 0012 444824 -0.194094 0.678000 0.184044
0012 471679 0.019157 0.022187 -0.000304 1500 1500 1000 950 12 494232 0.000000 0.000000 0.000000 0.000000 0.000000 0.000000 0.000000 0012 494934 0.056890 0.678000 0.181135
0012 518371 0.019133 0.022187 -0.000329 1500 1500 1000 950 12 544250 0.000000 0.000000 0.000000 0.000000 0.000000 0.000000 0.000000 0012 544952 -0.947010 0.678000 0.178808
0012 570373 0.019158 0.022191 -0.000330 1500 1500 1500 1000 12 594360 0.000000 0.000000 0.000000 0.000000 0.000000 0.000000 0.000000 0012 594970 -0.194094 0.678000 0.180336
0012 618530 0.019152 0.022216 -0.000347 1500 1500 1500 1000 12 644714 0.000000 0.000000 0.000000 0.000000 0.000000 0.000000 0.000000 0012 645202 -0.194094 0.678000 0.178169
0012 672241 0.019174 0.022216 -0.000368 1500 1500 1500 1000 12 694763 0.000000 0.000000 0.000000 0.000000 0.000000 0.000000 0.000000 0012 695159 0.642543 0.678000 0.179825
0012 718414 0.019177 0.022209 -0.000376 1500 1500 1500 1000 12 744995 0.000000 0.000000 0.000000 0.000000 0.000000 0.000000 0.000000 0012 746002 -0.696044 0.661050 0.178820
0012 771667 0.019180 0.022217 -0.000349 1500 1500 1500 1000 12 795105 0.000000 0.000000 0.000000 0.000000 0.000000 0.000000 0.000000 0012 800750 0.642543 0.661050 0.180346
0012 818511 0.019151 0.022179 -0.000357 1500 1500 1500 1000 12 845184 0.000000 0.000000 0.000000 0.000000 0.000000 0.000000 0.000000 0012 850891 0.893547 0.661050 0.178177
0012 872528 0.019150 0.022164 -0.000378 1500 1500 1500 1000 12 895263 0.000000 0.000000 0.000000 0.000000 0.000000 0.000000 0.000000 0012 901062 0.642543 0.678000 0.179832
0012 918640 0.019132 0.022154 -0.000389 1500 1500 1500 1000 12 945343 0.000000 0.000000 0.000000 0.000000 0.000000 0.000000 0.000000 0012 951080 0.056890 0.678000 0.181155
0012 970489 0.019106 0.022172 -0.000386 1500 1500 1500 1000 12 995513 0.000000 0.000000 0.000000 0.000000 0.000000 0.000000 0.000000 0012 995910 -0.194094 0.678000 0.182214
0013 018402 0.019085 0.022190 -0.000390 1500 1500 1500 1000 13 45715 0.000000 0.000000 0.000000 0.000000 0.000000 0.000000 0.000000 0013 046112 -0.947010 0.678000 0.183061
0013 072326 0.019069 0.022204 -0.000378 1500 1500 1500 1000 13 95886 0.000000 0.000000 0.000000 0.000000 0.000000 0.000000 0.000000 0013 096282 -0.194094 0.678000 0.183739
0013 118530 0.019073 0.022192 -0.000383 1500 1500 1500 1000 13 145843 0.000000 0.000000 0.000000 0.000000 0.000000 0.000000 0.000000 0013 146240 0.056890 0.678000 0.180891
0013 171844 0.019078 0.022173 -0.000398 1500 1500 1500 1000 13 195953 0.000000 0.000000 0.000000 0.000000 0.000000 0.000000 0.000000 0013 196472 0.056890 0.678000 0.182003
0013 218261 0.019120 0.022174 -0.000383 1500 1500 1500 1000 13 246093 0.000000 0.000000 0.000000 0.000000 0.000000 0.000000 0.000000 0013 246856 0.642543 0.678000 0.182892
0013 271911 0.019124 0.022203 -0.000408 1500 1500 1500 1000 13 296173 0.000000 0.000000 0.000000 0.000000 0.000000 0.000000 0.000000 0013 296691 0.056890 0.678000 0.180214
0013 318267 0.019146 0.022175 -0.000407 1500 1500 1500 1000 13 346282 0.000000 0.000000 0.000000 0.000000 0.000000 0.000000 0.000000 0013 346771 0.307880 0.678000 0.181461
0013 370391 0.019147 0.022147 -0.000399 1500 1500 1500 1000 13 396209 0.000000 0.000000 0.000000 0.000000 0.000000 0.000000 0.000000 0013 396728 0.642543 0.678000 0.182459
0013 418579 0.019155 0.022119 -0.000400 1500 1500 1500 1000 13 446258 0.000000 0.000000 0.000000 0.000000 0.000000 0.000000 0.000000 0013 446746 -0.696044 0.678000 0.183257
0013 471771 0.019171 0.022097 -0.000389 1500 1500 1500 1000 13 496429 0.000000 0.000000 0.000000 0.000000 0.000000 0.000000 0.000000 0013 496917 -0.194094 0.678000 0.183896
0013 519683 0.019194 0.022098 -0.000366 1500 1500 1500 1000 13 546569 0.000000 0.000000 0.000000 0.000000 0.000000 0.000000 0.000000 0013 546997 0.056890 0.678000 0.184407
0013 571960 0.019202 0.022114 -0.000376 1500 1500 1500 1000 13 596588 0.000000 0.000000 0.000000 0.000000 0.000000 0.000000 0.000000 0013 597015 -0.194094 0.678000 0.184815
0013 618286 0.019194 0.022118 -0.000369 1500 1500 1500 1000 13 646606 0.000000 0.000000 0.000000 0.000000 0.000000 0.000000 0.000000 0013 647003 0.056890 0.678000 0.185142
0013 671264 0.019205 0.022115 -0.000364 1500 1500 1500 1000 13 696594 0.000000 0.000000 0.000000 0.000000 0.000000 0.000000 0.000000 0013 696990 -0.947010 0.678000 0.185404
0013 718414 0.019198 0.022128 -0.000358 1500 1500 1500 1000 13 746643 0.000000 0.000000 0.000000 0.000000 0.000000 0.000000 0.000000 0013 747039 0.307880 0.678000 0.185613
0013 772064 0.019202 0.022133 -0.000347 1500 1500 1500 1000 13 796783 0.000000 0.000000 0.000000 0.000000 0.000000 0.000000 0.000000 0013 797210 -1.197970 0.678000 0.182390
0013 818267 0.019226 0.022120 -0.000342 1500 1500 1500 1000 13 846862 0.000000 0.000000 0.000000 0.000000 0.000000 0.000000 0.000000 0013 847259 -0.696044 0.678000 0.183202
0013 872009 0.019244 0.022138 -0.000343 1500 1500 1500 1000 13 896911 0.000000 0.000000 0.000000 0.000000 0.000000 0.000000 0.000000 0013 897430 0.307880 0.661050 0.180462
0013 918273 0.019254 0.022156 -0.000341 1500 1500 1500 1000 13 946960 0.000000 0.000000 0.000000 0.000000 0.000000 0.000000 0.000000 0013 947509 0.642543 0.678000 0.181659
0013 971984 0.019242 0.022194 -0.000350 1500 1500 1500 1000 13 997009 0.000000 0.000000 0.000000 0.000000 0.000000 0.000000 0.000000 0013 997558 -0.194094 0.678000 0.182618
0014 018219 0.019225 0.022217 -0.000350 1500 1500 1500 1000 14 47058 0.000000 0.000000 0.000000 0.000000 0.000000 0.000000 0.000000 0014 047576 -0.194094 0.678000 0.183384
0014 071167 0.019219 0.022211 -0.000361 1500 1500 1500 1000 14 97076 0.000000 0.000000 0.000000 0.000000 0.000000 0.000000 0.000000 0014 097595 -0.194094 0.678000 0.180607
0014 118194 0.019187 0.022210 -0.000349 1500 1500 1500 1000 14 147186 0.000000 0.000000 0.000000 0.000000 0.000000 0.000000 0.000000 0014 147705 0.056890 0.678000 0.181776
0014 171875 0.019178 0.022193 -0.000335 1500 1500 1500 1000 14 197204 0.000000 0.000000 0.000000 0.000000 0.000000 0.000000 0.000000 0014 197723 -0.696044 0.678000 0.179321
0014 218231 0.019155 0.022189 -0.000348 1500 1500 1500 1000 14 247528 0.000000 0.000000 0.000000 0.000000 0.000000 0.000000 0.000000 0014 247924 0.642543 0.678000 0.177357
0014 271881 0.019145 0.022178 -0.000341 1500 1500 1500 1000 14 297576 0.000000 0.000000 0.000000 0.000000 0.000000 0.000000 0.000000 0014 298004 -0.194094 0.678000 0.175785
0014 319458 0.019166 0.022150 -0.000351 1500 1500 1500 1000 14 347595 0.000000 0.000000 0.000000 0.000000 0.000000 0.000000 0.000000 0014 348144 0.056890 0.678000 0.177918
0014 372009 0.019158 0.022142 -0.000371 1500 1500 1500 1000 14 397583 0.000000 0.000000 0.000000 0.000000 0.000000 0.000000 0.000000 0014 397979 -0.445072 0.678000 0.179625
0014 419860 0.019140 0.022131 -0.000369 1500 1500 1500 1000 14 447540 0.000000 0.000000 0.000000 0.000000 0.000000 0.000000 0.000000 0014 448120 0.642543 0.678000 0.180990
0014 471801 0.019139 0.022132 -0.000385 1500 1500 1500 1000 14 497558 0.000000 0.000000 0.000000 0.000000 0.000000 0.000000 0.000000 0014 497985 0.642543 0.678000 0.178692
0014 519561 0.019157 0.022131 -0.000366 1500 1500 1500 1000 14 547576 0.000000 0.000000 0.000000 0.000000 0.000000 0.000000 0.000000 0014 548187 0.056890 0.678000 0.180243
0014 570220 0.019156 0.022108 -0.000362 1500 1500 1500 1000 14 597656 0.000000 0.000000 0.000000 0.000000 0.000000 0.000000 0.000000 0014 598175 -0.445072 0.678000 0.178095
0014 618225 0.019175 0.022103 -0.000359 1500 1500 1500 1000 14 647705 0.000000 0.000000 0.000000 0.000000 0.000000 0.000000 0.000000 0014 648101 -0.194094 0.678000 0.176376
0014 671997 0.019156 0.022110 -0.000322 1500 1500 1500 1000 14 697784 0.000000 0.000000 0.000000 0.000000 0.000000 0.000000 0.000000 0014 698181 0.307880 0.678000 0.175001
0014 718231 0.019177 0.022075 -0.000332 1500 1500 1500 1000 14 747894 0.000000 0.000000 0.000000 0.000000 0.000000 0.000000 0.000000 0014 748413 0.307880 0.678000 0.177290
0014 771636 0.019189 0.022038 -0.000332 1500 1500 1500 1000 14 797882 0.000000 0.000000 0.000000 0.000000 0.000000 0.000000 0.000000 0014 798400 -0.445072 0.678000 0.175732
0014 818176 0.019215 0.022049 -0.000342 1500 1500 1500 1000 14 847930 0.000000 0.000000 0.000000 0.000000 0.000000 0.000000 0.000000 0014 848480 0.642543 0.678000 0.177876
0014 871887 0.019224 0.022062 -0.000335 1500 1500 1500 1000 14 897949 0.000000 0.000000 0.000000 0.000000 0.000000 0.000000 0.000000 0014 898468 1.144557 0.678000 0.179591
0014 918212 0.019207 0.022075 -0.000326 1500 1500 1500 1000 14 947937 0.000000 0.000000 0.000000 0.000000 0.000000 0.000000 0.000000 0014 948638 -0.696044 0.678000 0.177573
0014 971923 0.019231 0.022106 -0.000318 1500 1500 1500 1000 14 997924 0.000000 0.000000 0.000000 0.000000 0.000000 0.000000 0.000000 0014 998474 0.056890 0.678000 0.179348
0015 018157 0.019248 0.022114 -0.000311 1500 1500 1500 1000 15 47943 0.000000 0.000000 0.000000 0.000000 0.000000 0.000000 0.000000 0015 048645 0.307880 0.678000 0.177378
0015 072448 0.019253 0.022110 -0.000292 1500 1500 1500 1000 15 97961 0.000000 0.000000 0.000000 0.000000 0.000000 0.000000 0.000000 0015 098480 -0.696044 0.678000 0.179193
0015 119262 0.019271 0.022112 -0.000301 1500 1500 1500 1000 15 147979 0.000000 0.000000 0.000000 0.000000 0.000000 0.000000 0.000000 0015 148712 0.056890 0.678000 0.177254
0015 171813 0.019236 0.022157 -0.000307 1500 1500 1500 1000 15 197998 0.000000 0.000000 0.000000 0.000000 0.000000 0.000000 0.000000 0015 198516 0.056890 0.678000 0.179093
0015 218170 0.019235 0.022160 -0.000314 1500 1500 1500 1000 15 248107 0.000000 0.000000 0.000000 0.000000 0.000000 0.000000 0.000000 0015 248779 -0.445072 0.678000 0.180565
0015 272277 0.019261 0.022158 -0.000304 1500 1500 1500 1000 15 298126 0.000000 0.000000 0.000000 0.000000 0.000000 0.000000 0.000000 0015 298645 0.391545 0.678000 0.181742
0015 318206 0.019245 0.022159 -0.000303 1500 1500 1500 1000 15 348358 0.000000 0.000000 0.000000 0.000000 0.000000 0.000000 0.000000 0015 348754 0.056890 0.678000 0.182683
0015 371948 0.019233 0.022153 -0.000342 1500 1500 1500 1000 15 398407 0.000000 0.000000 0.000000 0.000000 0.000000 0.000000 0.000000 0015 399200 -0.194094 0.678000 0.183437
0015 419616 0.019242 0.022161 -0.000344 1500 1500 1500 1000 15 448455 0.000000 0.000000 0.000000 0.000000 0.000000 0.000000 0.000000 0015 448852 0.642543 0.678000 0.180649
0015 472473 0.019243 0.022147 -0.000354 1500 1500 1500 1000 15 498565 0.000000 0.000000 0.000000 0.000000 0.000000 0.000000 0.000000 0015 498962 0.056890 0.678000 0.178420
0015 518829 0.019251 0.022155 -0.000364 1500 1500 1500 1000 15 548584 0.000000 0.000000 0.000000 0.000000 0.000000 0.000000 0.000000 0015 548980 -1.197970 0.678000 0.180026
0015 571899 0.019224 0.022162 -0.000377 1500 1500 1500 1000 15 598602 0.000000 0.000000 0.000000 0.000000 0.000000 0.000000 0.000000 0015 598999 0.056890 0.661050 0.181310
0015 618103 0.019253 0.022123 -0.000388 1500 1500 1500 1000 15 648712 0.000000 0.000000 0.000000 0.000000 0.000000 0.000000 0.000000 0015 649139 -0.696044 0.678000 0.178948
0015 672515 0.019261 0.022134 -0.000393 1500 1500 1500 1000 15 698791 0.000000 0.000000 0.000000 0.000000 0.000000 0.000000 0.000000 0015 699188 -0.445072 0.678000 0.180449
0015 718109 0.019297 0.022172 -0.000394 1500 1500 1500 1000 15 748901 0.000000 0.000000 0.000000 0.000000 0.000000 0.000000 0.000000 0015 749603 0.056890 0.678000 0.178259
0015 771545 0.019326 0.022168 -0.000418 1500 1500 1500 1000 15 798828 0.000000 0.000000 0.000000 0.000000 0.000000 0.000000 0.000000 0015 799255 -0.194094 0.678000 0.179897
0015 818176 0.019321 0.022205 -0.000428 1500 1500 1500 1000 15 848968 0.000000 0.000000 0.000000 0.000000 0.000000 0.000000 0.000000 0015 849670 0.056890 0.678000 0.181208
0015 871032 0.019359 0.022186 -0.000417 1500 1500 1500 1000 15 898895 0.000000 0.000000 0.000000 0.000000 0.000000 0.000000 0.000000 0015 899414 -0.696044 0.678000 0.182256
0015 918518 0.019345 0.022195 -0.000417 1500 1500 1500 1000 15 948913 0.000000 0.000000 0.000000 0.000000 0.000000 0.000000 0.000000 0015 949859 0.056890 0.678000 0.183095
0015 971496 0.019325 0.022225 -0.000418 1500 1500 1500 1000 15 998870 0.000000 0.000000 0.000000 0.000000 0.000000 0.000000 0.000000 0015 999389 -0.947010 0.678000 0.180376
0016 018127 0.019309 0.022242 -0.000418 1500 1500 1500 1000 16 48858 0.000000 0.000000 0.000000 0.000000 0.000000 0.000000 0.000000 0016 049560 0.642543 0.678000 0.178201
0016 071014 0.019328 0.022260 -0.000417 1500 1500 1500 1000 16 98815 0.000000 0.000000 0.000000 0.000000 0.000000 0.000000 0.000000 0016 099212 -0.194094 0.678000 0.179851
0016 118347 0.019323 0.022271 -0.000408 1500 1500 1500 1000 16 148864 0.000000 0.000000 0.000000 0.000000 0.000000 0.000000 0.000000 0016 149475 -0.194094 0.678000 0.181170
0016 171508 0.019316 0.022244 -0.000436 1500 1500 1500 1000 16 198883 0.000000 0.000000 0.000000 0.000000 0.000000 0.000000 0.000000 0016 199432 0.056890 0.678000 0.182226
0016 218231 0.019291 0.022249 -0.000432 1500 1500 1500 1000 16 248901 0.000000 0.000000 0.000000 0.000000 0.000000 0.000000 0.000000 0016 249481 0.056890 0.678000 0.183071
0016 270935 0.019284 0.022258 -0.000428 1500 1500 1500 1000 16 298889 0.000000 0.000000 0.000000 0.000000 0.000000 0.000000 0.000000 0016 299438 0.056890 0.678000 0.180357
0016 318023 0.019288 0.022266 -0.000440 1500 1500 1500 1000 16 348907 0.000000 0.000000 0.000000 0.000000 0.000000 0.000000 0.000000 0016 349456 1.144557 0.678000 0.181576
0016 371551 0.019308 0.022282 -0.000458 1500 1500 1500 1000 16 399078 0.000000 0.000000 0.000000 0.000000 0.000000 0.000000 0.000000 0016 399597 1.395573 0.661050 0.179160
0016 417999 0.019324 0.022294 -0.000444 1500 1500 1500 1000 16 449432 0.000000 0.000000 0.000000 0.000000 0.000000 0.000000 0.000000 0016 449920 0.642543 0.661050 0.177228
0016 471099 0.019304 0.022302 -0.000466 1500 1500 1500 1000 16 499420 0.000000 0.000000 0.000000 0.000000 0.000000 0.000000 0.000000 0016 499816 1.395573 0.678000 0.179073
0016 518096 0.019312 0.022281 -0.000492 1500 1500 1500 1000 16 549377 0.000000 0.000000 0.000000 0.000000 0.000000 0.000000 0.000000 0016 549774 0.642543 0.678000 0.180548
0016 571502 0.019300 0.022289 -0.000506 1500 1500 1500 1000 16 599426 0.000000 0.000000 0.000000 0.000000 0.000000 0.000000 0.000000 0016 599823 0.307880 0.678000 0.181729
0016 618347 0.019318 0.022301 -0.000482 1500 1500 1500 1000 16 649414 0.000000 0.000000 0.000000 0.000000 0.000000 0.000000 0.000000 0016 649841 -0.445072 0.661050 0.182673
0016 671844 0.019315 0.022279 -0.000477 1500 1500 1500 1000 16 699432 0.000000 0.000000 0.000000 0.000000 0.000000 0.000000 0.000000 0016 699951 0.056890 0.678000 0.180038
0016 718414 0.019326 0.022247 -0.000476 1500 1500 1500 1000 16 749420 0.000000 0.000000 0.000000 0.000000 0.000000 0.000000 0.000000 0016 749816 1.144557 0.678000 0.181321
0016 771423 0.019323 0.022255 -0.000477 1500 1500 1500 1000 16 799438 0.000000 0.000000 0.000000 0.000000 0.000000 0.000000 0.000000 0016 799835 1.144557 0.678000 0.182346
0016 818359 0.019312 0.022274 -0.000487 1500 1500 1500 1000 16 849487 0.000000 0.000000 0.000000 0.000000 0.000000 0.000000 0.000000 0016 849884 0.056890 0.678000 0.183167
0016 871093 0.019323 0.022290 -0.000485 1500 1500 1500 1000 16 899414 0.000000 0.000000 0.000000 0.000000 0.000000 0.000000 0.000000 0016 899810 0.307880 0.678000 0.183824
0016 918670 0.019310 0.022286 -0.000478 1500 1500 1500 1000 16 949462 0.000000 0.000000 0.000000 0.000000 0.000000 0.000000 0.000000 0016 949981 0.056890 0.678000 0.180959
0016 969940 0.019333 0.022288 -0.000496 1500 1500 1500 1000 16 999420 0.000000 0.000000 0.000000 0.000000 0.000000 0.000000 0.000000 0016 999816 0.893547 0.661050 0.178667
0017 018341 0.019364 0.022295 -0.000488 1500 1500 1500 1000 17 49469 0.000000 0.000000 0.000000 0.000000 0.000000 0.000000 0.000000 0017 049865 0.307880 0.678000 0.180224
0017 071838 0.019362 0.022293 -0.000500 1500 1500 1500 1000 17 99426 0.000000 0.000000 0.000000 0.000000 0.000000 0.000000 0.000000 0017 099823 0.642543 0.678000 0.181469
0017 118286 0.019375 0.022266 -0.000501 1500 1500 1500 1000 17 149414 0.000000 0.000000 0.000000 0.000000 0.000000 0.000000 0.000000 0017 149841 0.056890 0.678000 0.182465
0017 171356 0.019331 0.022252 -0.000503 1500 1500 1500 1000 17 199432 0.000000 0.000000 0.000000 0.000000 0.000000 0.000000 0.000000 0017 199951 -0.445072 0.661050 0.179872
0017 218475 0.019345 0.022239 -0.000496 1500 1500 1500 1000 17 249511 0.000000 0.000000 0.000000 0.000000 0.000000 0.000000 0.000000 0017 249877 -0.947010 0.678000 0.177798
0017 271026 0.019344 0.022227 -0.000508 1500 1500 1500 1000 17 299652 0.000000 0.000000 0.000000 0.000000 0.000000 0.000000 0.000000 0017 300048 0.307880 0.678000 0.176138
0017 318420 0.019329 0.022214 -0.000492 1500 1500 1500 1000 17 349823 0.000000 0.000000 0.000000 0.000000 0.000000 0.000000 0.000000 0017 350341 -0.194094 0.678000 0.178201
0017 371490 0.019331 0.022224 -0.000498 1500 1500 1500 1000 17 399810 0.000000 0.000000 0.000000 0.000000 0.000000 0.000000 0.000000 0017 400329 0.307880 0.678000 0.179850
0017 418579 0.019329 0.022237 -0.000504 1500 1500 1500 1000 17 449829 0.000000 0.000000 0.000000 0.000000 0.000000 0.000000 0.000000 0017 450378 -0.445072 0.678000 0.181170
0017 471862 0.019312 0.022226 -0.000494 1500 1500 1500 1000 17 499847 0.000000 0.000000 0.000000 0.000000 0.000000 0.000000 0.000000 0017 500366 -0.445072 0.678000 0.182226
0017 518402 0.019327 0.022237 -0.000524 1500 1500 1500 1000 17 549896 0.000000 0.000000 0.000000 0.000000 0.000000 0.000000 0.000000 0017 550415 0.056890 0.678000 0.179681
0017 571350 0.019324 0.022254 -0.000537 1500 1500 1500 1000 17 599914 0.000000 0.000000 0.000000 0.000000 0.000000 0.000000 0.000000 0017 600463 0.307880 0.678000 0.181035
0017 618530 0.019332 0.022297 -0.000549 1500 1500 1500 1000 17 650085 0.000000 0.000000 0.000000 0.000000 0.000000 0.000000 0.000000 0017 650604 0.391545 0.678000 0.178728
0017 670928 0.019324 0.022292 -0.000543 1500 1500 1500 1000 17 700103 0.000000 0.000000 0.000000 0.000000 0.000000 0.000000 0.000000 0017 700592 -0.696044 0.678000 0.180272
0017 718322 0.019335 0.022305 -0.000541 1500 1500 1500 1000 17 750091 0.000000 0.000000 0.000000 0.000000 0.000000 0.000000 0.000000 0017 750579 0.056890 0.678000 0.181508
0017 770111 0.019363 0.022320 -0.000538 1500 1500 1500 1000 17 800018 0.000000 0.000000 0.000000 0.000000 0.000000 0.000000 0.000000 0017 800537 0.642543 0.678000 0.182496
0017 818084 0.019359 0.022311 -0.000538 1500 1500 1500 1000 17 850006 0.000000 0.000000 0.000000 0.000000 0.000000 0.000000 0.000000 0017 850524 -0.194094 0.678000 0.183287
0017 871978 0.019385 0.022303 -0.000548 1500 1500 1500 1000 17 899993 0.000000 0.000000 0.000000 0.000000 0.000000 0.000000 0.000000 0017 900543 0.893547 0.678000 0.183920
0017 918426 0.019369 0.022303 -0.000538 1500 1500 1500 1000 17 950073 0.000000 0.000000 0.000000 0.000000 0.000000 0.000000 0.000000 0017 950592 0.893547 0.678000 0.184426
0017 971252 0.019387 0.022319 -0.000551 1500 1500 1500 1000 18 61 0.000000 0.000000 0.000000 0.000000 0.000000 0.000000 0.000000 0018 000579 -0.445072 0.678000 0.184831
0018 018310 0.019402 0.022295 -0.000549 1500 1500 1500 1000 18 50262 0.000000 0.000000 0.000000 0.000000 0.000000 0.000000 0.000000 0018 050659 0.391545 0.678000 0.185154
0018 071746 0.019411 0.022305 -0.000536 1500 1500 1500 1000 18 100311 0.000000 0.000000 0.000000 0.000000 0.000000 0.000000 0.000000 0018 100708 -0.445072 0.678000 0.185414
0018 118316 0.019399 0.022300 -0.000548 1500 1500 1500 1000 18 150451 0.000000 0.000000 0.000000 0.000000 0.000000 0.000000 0.000000 0018 150848 1.144557 0.678000 0.185621
0018 171295 0.019384 0.022322 -0.000567 1500 1500 1500 1000 18 200439 0.000000 0.000000 0.000000 0.000000 0.000000 0.000000 0.000000 0018 200836 -0.696044 0.678000 0.185787
0018 218292 0.019358 0.022330 -0.000556 1500 1500 1500 1000 18 250427 0.000000 0.000000 0.000000 0.000000 0.000000 0.000000 0.000000 0018 250824 0.893547 0.678000 0.185919
0018 270996 0.019399 0.022316 -0.000562 1500 1500 1500 1000 18 300445 0.000000 0.000000 0.000000 0.000000 0.000000 0.000000 0.000000 0018 300842 0.391545 0.661050 0.182635
0018 318359 0.019402 0.022317 -0.000577 1500 1500 1500 1000 18 350433 0.000000 0.000000 0.000000 0.000000 0.000000 0.000000 0.000000 0018 350830 1.144557 0.678000 0.180008
0018 371276 0.019393 0.022286 -0.000576 1500 1500 1500 1000 18 400665 0.000000 0.000000 0.000000 0.000000 0.000000 0.000000 0.000000 0018 401062 0.056890 0.678000 0.181297
0018 418548 0.019357 0.022270 -0.000577 1500 1500 1500 1000 18 450683 0.000000 0.000000 0.000000 0.000000 0.000000 0.000000 0.000000 0018 451080 -0.445072 0.678000 0.182327
0018 470825 0.019377 0.022282 -0.000595 1500 1500 1500 1000 18 500671 0.000000 0.000000 0.000000 0.000000 0.000000 0.000000 0.000000 0018 501068 0.642543 0.678000 0.179762
0018 518219 0.019370 0.022261 -0.000607 1500 1500 1500 1000 18 550842 0.000000 0.000000 0.000000 0.000000 0.000000 0.000000 0.000000 0018 551635 0.056890 0.678000 0.181100
0018 571289 0.019388 0.022269 -0.000628 1500 1500 1500 1000 18 600769 0.000000 0.000000 0.000000 0.000000 0.000000 0.000000 0.000000 0018 601318 0.056890 0.678000 0.182170
0018 618103 0.019403 0.022286 -0.000630 1500 1500 1500 1000 18 650848 0.000000 0.000000 0.000000 0.000000 0.000000 0.000000 0.000000 0018 651550 -0.947010 0.678000 0.183026
0018 671722 0.019372 0.022268 -0.000659 1500 1500 1500 1000 18 700836 0.000000 0.000000 0.000000 0.000000 0.000000 0.000000 0.000000 0018 701355 -0.194094 0.661050 0.180321
0018 718322 0.019384 0.022243 -0.000652 1500 1500 1500 1000 18 751098 0.000000 0.000000 0.000000 0.000000 0.000000 0.000000 0.000000 0018 751739 0.056890 0.678000 0.181546
0018 771087 0.019405 0.022254 -0.000622 1500 1500 1500 1000 18 801055 0.000000 0.000000 0.000000 0.000000 0.000000 0.000000 0.000000 0018 801574 0.893547 0.678000 0.182527
0018 818328 0.019421 0.022271 -0.000637 1500 1500 1500 1000 18 851287 0.000000 0.000000 0.000000 0.000000 0.000000 0.000000 0.000000 0018 851684 0.056890 0.678000 0.183312
0018 871887 0.019426 0.022303 -0.000616 1500 1500 1500 1000 18 901245 0.000000 0.000000 0.000000 0.000000 0.000000 0.000000 0.000000 0018 901672 0.391545 0.661050 0.183939
0018 918426 0.019444 0.022287 -0.000624 1500 1500 1500 1000 18 951355 0.000000 0.000000 0.000000 0.000000 0.000000 0.000000 0.000000 0018 951751 0.642543 0.678000 0.184442
0018 971771 0.019458 0.022284 -0.000617 1500 1500 1500 1000 19 1373 0.000000 0.000000 0.000000 0.000000 0.000000 0.000000 0.000000 0019 001770 0.391545 0.678000 0.184843
0019 018463 0.019455 0.022269 -0.000642 1500 1500 1500 1547 19 51574 0.000000 0.000000 0.000000 0.000000 0.000000 0.050000 -3.075670 0019 051971 -0.696044 0.678000 0.185165
0019 071716 0.019449 0.022273 -0.000660 1500 1500 1500 1576 19 101715 0.001388 0.000001 0.000000 0.000000 0.000000 0.100000 -1.096085 0019 102233 -0.696044 0.678000 0.185422
0019 118377 0.019454 0.022280 -0.000671 1500 1500 1500 1595 19 151947 0.001388 0.000001 0.000000 0.000000 0.000000 0.150000 0.318401 0019 152526 0.056890 0.678000 0.185627
0019 171356 0.019384 0.022236 -0.000783 1500 1500 1500 1609 19 201873 0.005063 0.000004 0.000000 0.000000 0.000000 0.200000 1.491393 0019 202484 0.056890 0.610200 0.179012
0019 219543 0.019581 0.022890 -0.000700 1500 1500 1500 1619 19 251922 0.005063 0.000004 0.000000 0.000000 0.000000 0.250000 2.313801 0019 252471 -0.445072 0.644100 0.173719
0019 271057 0.019436 0.022437 -0.000723 1500 1500 1500 1625 19 302093 0.010989 0.000008 0.000000 0.000000 0.000000 0.300000 2.818949 0019 302978 -0.445072 0.678000 0.172876
0019 318054 0.019728 0.022749 -0.001673 1500 1500 1500 1627 19 352233 0.010989 0.000008 0.000000 0.000000 0.000000 0.350000 2.965513 0019 352630 -0.445072 0.694950 0.182370
0019 371093 0.020093 0.023546 -0.003830 1500 1500 1500 1632 19 402343 0.019133 0.000018 0.000000 0.000000 0.000000 0.400000 3.442356 0019 403411 0.056890 0.644100 0.176406
0019 418426 0.017569 0.021610 -0.006202 1500 1500 1500 1635 19 452362 0.019133 0.000018 0.000000 0.000000 0.000000 0.450000 3.702925 0019 452758 -0.696044 0.694950 0.175025
0019 470825 0.015814 0.021752 -0.005629 1500 1500 1500 1637 19 502410 0.029459 0.000039 0.000000 0.000000 0.000000 0.500000 3.830414 0019 503265 0.056890 0.644100 0.177310
0019 518249 0.013787 0.016881 -0.004962 1500 1500 1500 1638 19 552581 0.029459 0.000039 0.000000 0.000000 0.000000 0.550000 3.956537 0019 553100 0.642543 0.678000 0.179138
0019 571228 0.012292 0.016005 -0.003729 1500 1500 1500 1639 19 602844 0.041933 0.000071 0.000000 0.000000 0.000000 0.600000 4.002738 0019 603393 -0.445072 0.661050 0.183990
0019 617828 0.011540 0.013298 -0.002419 1500 1500 1500 1641 19 653106 0.041933 0.000071 0.000000 0.000000 0.000000 0.650000 4.159358 0019 653533 -0.445072 0.678000 0.184482
0019 671722 0.011334 0.014387 -0.000171 1500 1500 1500 1643 19 703308 0.056523 0.000105 0.000000 0.000000 0.000000 0.700000 4.375848 0019 703704 0.642543 0.661050 0.181486
0019 717834 0.011463 0.012853 0.001769 1500 1500 1500 1642 19 753326 0.056523 0.000105 0.000000 0.000000 0.000000 0.750000 4.234609 0019 753723 -0.696044 0.694950 0.192649
0019 769958 0.010999 0.008721 0.001187 1500 1500 1500 1645 19 803405 0.073197 0.000138 0.000000 0.000000 0.000000 0.800000 4.516656 0019 803833 -0.947010 0.678000 0.188019
0019 817779 0.010233 0.004398 -0.000700 1500 1500 1500 1646 19 853515 0.073197 0.000138 0.000000 0.000000 0.000000 0.850000 4.646199 0019 853912 0.056890 0.661050 0.187705
0019 871917 0.009565 -0.000321 -0.002967 1500 1500 1500 1648 19 903595 0.091920 0.000173 0.000000 0.000000 0.000000 0.900000 4.763375 0019 904113 0.391545 0.678000 0.187454
0019 917755 0.009788 -0.005116 -0.004088 1500 1500 1500 1649 19 953674 0.091920 0.000173 0.000000 0.000000 0.000000 0.950000 4.872145 0019 954193 0.056890 0.661050 0.187253
0019 971405 0.010886 -0.007136 -0.004372 1500 1500 1500 1652 20 3662 0.112663 0.000216 0.000000 0.000000 0.000000 1.000000 5.129511 0020 004303 0.140553 0.644100 0.180313
0020 017700 0.011669 -0.005716 -0.003584 1500 1500 1500 1640 20 53772 0.112663 0.000216 0.000000 0.000000 0.000000 1.000000 3.940514 0020 054443 0.391545 0.661050 0.184930
0020 070617 0.011809 -0.003420 -0.002925 1500 1500 1500 1631 20 103881 0.135394 0.000267 0.000000 0.000000 0.000000 1.000000 3.126667 0020 104400 0.391545 0.644100 0.188624
0020 117645 0.010346 -0.004466 -0.002637 1500 1500 1500 1626 20 154083 0.135394 0.000267 0.000000 0.000000 0.000000 1.000000 2.648875 0020 154480 0.642543 0.728850 0.188189
0020 171386 0.009857 -0.006078 -0.003466 1500 1500 1500 1621 20 204254 0.160081 0.000325 0.000000 0.000000 0.000000 1.000000 2.235543 0020 204650 -0.445072 0.678000 0.191231
0020 217681 0.010572 -0.006834 -0.003714 1500 1500 1500 1620 20 254272 0.160081 0.000325 0.000000 0.000000 0.000000 1.000000 2.112647 0020 254699 0.642543 0.644100 0.186885
0020 270599 0.011420 -0.006537 -0.003360 1500 1500 1500 1615 20 304473 0.186696 0.000389 0.000000 0.000000 0.000000 1.000000 1.700693 0020 304870 0.391545 0.728850 0.196968
0020 317688 0.012351 -0.005392 -0.003091 1500 1500 1500 1615 20 354583 0.186696 0.000389 0.000000 0.000000 0.000000 1.000000 1.684036 0020 355102 0.642543 0.661050 0.194864
0020 371368 0.012135 -0.003940 -0.002489 1500 1500 1500 1615 20 404754 0.215207 0.000459 0.000000 0.000000 0.000000 1.000000 1.663970 0020 405273 0.056890 0.678000 0.193182
0020 417694 0.012131 -0.002981 -0.002171 1500 1500 1500 1615 20 455078 0.215207 0.000459 0.000000 0.000000 0.000000 1.000000 1.643198 0020 455474 -0.194094 0.678000 0.191835
0020 470703 0.011294 -0.003202 -0.001983 1500 1500 1500 1615 20 505218 0.245586 0.000533 0.000000 0.000000 0.000000 1.000000 1.623279 0020 505615 0.056890 0.661050 0.190758
0020 517700 0.010527 -0.002755 -0.002583 1500 1500 1500 1615 20 555328 0.245586 0.000533 0.000000 0.000000 0.000000 1.000000 1.527892 0020 555725 0.140553 0.678000 0.193287
0020 571319 0.010934 -0.003322 -0.003079 1500 1500 1500 1616 20 605529 0.277804 0.000612 0.000000 0.000000 0.000000 1.000000 1.625503 0020 606567 0.140553 0.627150 0.188529
0020 617675 0.010173 -0.003258 -0.003469 1500 1500 1500 1616 20 655517 0.277804 0.000612 0.000000 0.000000 0.000000 1.000000 1.597681 0020 655944 0.391545 0.627150 0.188113
0020 670593 0.010629 -0.003831 -0.003735 1500 1500 1500 1615 20 705566 0.311832 0.000698 0.000000 0.000000 0.000000 1.000000 1.499404 0020 706451 -0.947010 0.678000 0.191171
0020 718383 0.011109 -0.003626 -0.003610 1500 1500 1500 1616 20 755645 0.311832 0.000698 0.000000 0.000000 0.000000 1.000000 1.597107 0020 756195 1.395573 0.661050 0.186837
0020 770874 0.011235 -0.003621 -0.003366 1500 1500 1500 1617 20 805694 0.347642 0.000790 0.000000 0.000000 0.000000 1.000000 1.648179 0020 806213 0.056890 0.644100 0.183369
0020 817688 0.011482 -0.003144 -0.003186 1500 1500 1500 1618 20 855712 0.347642 0.000790 0.000000 0.000000 0.000000 1.000000 1.670075 0020 856323 -0.445072 0.661050 0.180595
0020 870788 0.011782 -0.002955 -0.002986 1500 1500 1500 1618 20 905792 0.385208 0.000888 0.000000 0.000000 0.000000 1.000000 1.674317 0020 906707 0.140553 0.661050 0.178376
0020 917633 0.012159 -0.002119 -0.003334 1500 1500 1500 1618 20 955749 0.385208 0.000888 0.000000 0.000000 0.000000 1.000000 1.668419 0020 956268 -0.947010 0.661050 0.176601
0020 971313 0.011922 -0.001169 -0.002986 1500 1500 1500 1617 21 5828 0.424501 0.000992 0.000000 0.000000 0.000000 1.000000 1.580057 0021 006744 -0.194094 0.661050 0.178571
0021 017608 0.010938 -0.001775 -0.002862 1500 1500 1500 1615 21 55938 0.424501 0.000992 0.000000 0.000000 0.000000 1.000000 1.371796 0021 056427 0.140553 0.694950 0.186927
0021 070556 0.010465 -0.001336 -0.003026 1500 1500 1500 1616 21 106048 0.465495 0.001101 0.000000 0.000000 0.000000 1.000000 1.413683 0021 106445 -0.194094 0.661050 0.186831
0021 117736 0.009597 -0.003256 -0.003043 1500 1500 1500 1614 21 156097 0.465495 0.001101 0.000000 0.000000 0.000000 1.000000 1.211204 0021 156524 -0.947010 0.745800 0.196925
0021 170959 0.009493 -0.004454 -0.003593 1500 1500 1500 1617 21 206237 0.508164 0.001216 0.000000 0.000000 0.000000 1.000000 1.495500 0021 207153 -0.445072 0.644100 0.188050
0021 217742 0.009345 -0.006361 -0.003938 1500 1500 1500 1617 21 256439 0.508164 0.001216 0.000000 0.000000 0.000000 1.000000 1.427625 0021 256866 -0.445072 0.678000 0.191120
0021 270690 0.009743 -0.006273 -0.004322 1500 1500 1500 1616 21 306457 0.552481 0.001339 0.000000 0.000000 0.000000 1.000000 1.392380 0021 306854 0.893547 0.711900 0.193576
0021 317779 0.009674 -0.006163 -0.004122 1500 1500 1500 1617 21 356597 0.552481 0.001339 0.000000 0.000000 0.000000 1.000000 1.454662 0021 357147 0.140553 0.661050 0.192151
0021 370727 0.009466 -0.005180 -0.004131 1500 1500 1500 1618 21 406616 0.598422 0.001469 0.000000 0.000000 0.000000 1.000000 1.492564 0021 407165 0.642543 0.661050 0.191011
0021 417724 0.009480 -0.004773 -0.003944 1500 1500 1500 1618 21 456756 0.598422 0.001469 0.000000 0.000000 0.000000 1.000000 1.437400 0021 457397 0.642543 0.661050 0.193489
0021 470947 0.009460 -0.004789 -0.003815 1500 1500 1500 1618 21 506835 0.645961 0.001607 0.000000 0.000000 0.000000 1.000000 1.408687 0021 507385 -0.445072 0.661050 0.195471
0021 517700 0.009633 -0.003763 -0.003572 1500 1500 1500 1619 21 557037 0.645961 0.001607 0.000000 0.000000 0.000000 1.000000 1.550788 0021 557434 1.144557 0.661050 0.190277
0021 570922 0.010062 -0.005238 -0.003404 1500 1500 1500 1621 21 607116 0.695074 0.001750 0.000000 0.000000 0.000000 1.000000 1.629502 0021 607513 0.893547 0.678000 0.186121
0021 617675 0.010362 -0.005212 -0.003810 1500 1500 1500 1621 21 657226 0.695074 0.001750 0.000000 0.000000 0.000000 1.000000 1.667998 0021 657623 0.642543 0.661050 0.182797
0021 670684 0.010119 -0.005226 -0.003627 1500 1500 1500 1622 21 707305 0.745735 0.001900 0.000000 0.000000 0.000000 1.000000 1.681661 0021 707702 -0.194094 0.627150 0.180138
0021 717681 0.009707 -0.005130 -0.003561 1500 1500 1500 1622 21 757446 0.745735 0.001900 0.000000 0.000000 0.000000 1.000000 1.680598 0021 757843 -0.696044 0.678000 0.178010
0021 770904 0.009431 -0.004254 -0.003519 1500 1500 1500 1622 21 807617 0.797922 0.002056 0.000000 0.000000 0.000000 1.000000 1.671353 0021 808136 0.140553 0.661050 0.176308
0021 817718 0.009034 -0.004839 -0.003306 1500 1500 1500 1619 21 857727 0.797922 0.002056 0.000000 0.000000 0.000000 1.000000 1.426661 0021 858276 0.642543 0.711900 0.185116
0021 870727 0.008900 -0.006043 -0.003785 1500 1500 1500 1620 21 907897 0.851611 0.002217 0.000000 0.000000 0.000000 1.000000 1.444854 0021 908538 0.140553 0.678000 0.185383
0021 917694 0.008108 -0.006031 -0.003648 1500 1500 1500 1621 21 958038 0.851611 0.002217 0.000000 0.000000 0.000000 1.000000 1.535795 0021 958435 0.642543 0.661050 0.182207
0021 971191 0.008377 -0.006110 -0.003726 1500 1500 1500 1619 22 8270 0.906778 0.002385 0.000000 0.000000 0.000000 1.000000 1.355341 0022 008667 0.893547 0.711900 0.189835
0022 017700 0.008460 -0.006038 -0.003788 1500 1500 1500 1620 22 58288 0.906778 0.002385 0.000000 0.000000 0.000000 1.000000 1.413786 0022 058685 0.391545 0.678000 0.189158
0022 070678 0.009009 -0.005997 -0.003656 1500 1500 1500 1622 22 108276 0.963401 0.002559 0.000000 0.000000 0.000000 1.000000 1.529132 0022 108673 1.395573 0.644100 0.185227
0022 118652 0.009347 -0.004469 -0.003915 1500 1500 1500 1623 22 158233 0.963401 0.002559 0.000000 0.000000 0.000000 1.000000 1.594163 0022 158660 -0.445072 0.644100 0.182081
0022 170684 0.009472 -0.003216 -0.003163 1500 1500 1500 1621 22 208465 1.021456 0.002737 0.000000 0.000000 0.000000 1.000000 1.472837 0022 208862 0.893547 0.678000 0.186345
0022 217681 0.009863 -0.001373 -0.003390 1500 1500 1500 1623 22 258514 1.021456 0.002737 0.000000 0.000000 0.000000 1.000000 1.559226 0022 258911 0.140553 0.644100 0.182976
0022 271514 0.009607 0.000290 -0.003235 1500 1500 1500 1623 22 308593 1.080923 0.002921 0.000000 0.000000 0.000000 1.000000 1.606236 0022 309234 -0.947010 0.644100 0.180281
0022 317688 0.008602 0.000169 -0.002429 1500 1500 1500 1624 22 358642 1.080923 0.002921 0.000000 0.000000 0.000000 1.000000 1.628373 0022 359191 -0.445072 0.678000 0.178125
0022 371063 0.008586 0.000545 -0.002784 1500 1500 1500 1625 22 408752 1.141779 0.003108 0.000000 0.000000 0.000000 1.000000 1.712392 0022 409301 -0.696044 0.627150 0.173010
0022 417663 0.008724 -0.000906 -0.003211 1500 1500 1500 1621 22 458801 1.141779 0.003108 0.000000 0.000000 0.000000 1.000000 1.365069 0022 459411 -0.696044 0.711900 0.185868
0022 470672 0.009238 -0.002706 -0.003408 1500 1500 1500 1622 22 508911 1.204003 0.003300 0.000000 0.000000 0.000000 1.000000 1.404742 0022 509399 0.140553 0.644100 0.185984
0022 517547 0.009578 -0.003208 -0.003186 1500 1500 1500 1622 22 558898 1.204003 0.003300 0.000000 0.000000 0.000000 1.000000 1.355839 0022 559417 -0.445072 0.678000 0.189467
0022 570678 0.009850 -0.004636 -0.003368 1500 1500 1500 1622 22 609039 1.267573 0.003496 0.000000 0.000000 0.000000 1.000000 1.335525 0022 609466 1.144557 0.661050 0.192254
0022 617553 0.010022 -0.003328 -0.003388 1500 1500 1500 1624 22 659210 1.267573 0.003496 0.000000 0.000000 0.000000 1.000000 1.486720 0022 659606 -0.445072 0.644100 0.187703
0022 670684 0.010582 -0.003963 -0.003048 1500 1500 1500 1626 22 709442 1.332468 0.003697 0.000000 0.000000 0.000000 1.000000 1.651510 0022 709838 0.893547 0.627150 0.180672
0022 717559 0.010128 -0.001180 -0.002732 1500 1500 1500 1626 22 759643 1.332468 0.003697 0.000000 0.000000 0.000000 1.000000 1.661630 0022 760162 -0.110433 0.593250 0.178438
0022 770690 0.010513 -0.000920 -0.002398 1500 1500 1500 1625 22 809570 1.398669 0.003901 0.000000 0.000000 0.000000 1.000000 1.582645 0022 810058 -0.194094 0.644100 0.180040
0022 817565 0.010152 -0.000630 -0.002075 1500 1500 1500 1625 22 859619 1.398669 0.003901 0.000000 0.000000 0.000000 1.000000 1.533759 0022 860168 0.140553 0.678000 0.181322
0022 870666 0.009469 -0.001119 -0.002453 1500 1500 1500 1623 22 909759 1.466155 0.004108 0.000000 0.000000 0.000000 1.000000 1.350383 0022 910278 -0.445072 0.728850 0.189128
0022 917511 0.009513 -0.003095 -0.003270 1500 1500 1500 1625 22 959686 1.466155 0.004108 0.000000 0.000000 0.000000 1.000000 1.484628 0022 960205 -0.445072 0.644100 0.185202
0022 970672 0.010178 -0.003413 -0.003776 1500 1500 1500 1626 23 9765 1.534906 0.004318 0.000000 0.000000 0.000000 1.000000 1.562914 0023 010253 0.140553 0.661050 0.182062
0023 018798 0.010987 -0.004280 -0.003454 1500 1500 1500 1626 23 59967 1.534906 0.004318 0.000000 0.000000 0.000000 1.000000 1.528025 0023 060363 0.642543 0.644100 0.182939
0023 070526 0.011827 -0.004666 -0.003279 1500 1500 1500 1625 23 110107 1.604903 0.004534 0.000000 0.000000 0.000000 1.000000 1.429970 0023 110504 0.893547 0.661050 0.187032
0023 117462 0.012319 -0.003990 -0.002882 1500 1500 1500 1625 23 160125 1.604903 0.004534 0.000000 0.000000 0.000000 1.000000 1.454823 0023 160644 1.144557 0.678000 0.186915
0023 170776 0.011324 -0.003206 -0.002481 1500 1500 1500 1627 23 210083 1.676126 0.004752 0.000000 0.000000 0.000000 1.000000 1.548895 0023 210479 0.391545 0.661050 0.183432
0023 217437 0.010592 -0.003593 -0.002323 1500 1500 1500 1627 23 260314 1.676126 0.004752 0.000000 0.000000 0.000000 1.000000 1.523688 0023 260711 0.140553 0.644100 0.184036
0023 270599 0.010723 -0.004529 -0.003205 1500 1500 1500 1627 23 310455 1.748556 0.004974 0.000000 0.000000 0.000000 1.000000 1.585594 0023 311309 0.140553 0.661050 0.181129
0023 317504 0.010906 -0.003193 -0.003838 1500 1500 1500 1627 23 360412 1.748556 0.004974 0.000000 0.000000 0.000000 1.000000 1.540172 0023 361022 0.642543 0.678000 0.182193
0023 370758 0.011429 -0.003180 -0.003477 1500 1500 1500 1628 23 410461 1.822175 0.005201 0.000000 0.000000 0.000000 1.000000 1.589768 0023 411132 0.140553 0.644100 0.179654
0023 417480 0.012137 -0.002746 -0.003994 1500 1500 1500 1628 23 460601 1.822175 0.005201 0.000000 0.000000 0.000000 1.000000 1.537203 0023 461242 -0.445072 0.661050 0.181013
0023 470520 0.012675 -0.002102 -0.003949 1500 1500 1500 1627 23 510650 1.896965 0.005432 0.000000 0.000000 0.000000 1.000000 1.505838 0023 511474 -0.445072 0.661050 0.182101
0023 517486 0.012469 -0.000342 -0.004028 1500 1500 1500 1628 23 561004 1.896965 0.005432 0.000000 0.000000 0.000000 1.000000 1.565366 0023 561401 -0.445072 0.661050 0.179581
0023 570770 0.011676 -0.001581 -0.003539 1500 1500 1500 1629 23 611175 1.972906 0.005669 0.000000 0.000000 0.000000 1.000000 1.596966 0023 611755 0.140553 0.627150 0.177564
0023 619018 0.010915 -0.003255 -0.004225 1500 1500 1500 1630 23 661193 1.972906 0.005669 0.000000 0.000000 0.000000 1.000000 1.688169 0023 661590 -0.445072 0.661050 0.172562
0023 670532 0.011170 -0.004595 -0.004606 1500 1500 1500 1629 23 711212 2.049982 0.005911 0.000000 0.000000 0.000000 1.000000 1.577740 0023 712280 -0.110433 0.762750 0.175339
0023 717468 0.011647 -0.007553 -0.005000 1500 1500 1500 1628 23 761413 2.049982 0.005911 0.000000 0.000000 0.000000 1.000000 1.434401 0023 762146 1.144557 0.661050 0.180951
0023 770782 0.012229 -0.008215 -0.005156 1500 1500 1500 1629 23 811584 2.128175 0.006161 0.000000 0.000000 0.000000 1.000000 1.490749 0023 813385 0.140553 0.644100 0.179541
0023 817504 0.012875 -0.007746 -0.004951 1500 1500 1500 1628 23 861663 2.128175 0.006161 0.000000 0.000000 0.000000 1.000000 1.467435 0023 867462 -0.696044 0.644100 0.180923
0023 870574 0.012225 -0.005836 -0.004739 1500 1500 1500 1629 23 912048 2.207468 0.006419 0.000000 0.000000 0.000000 1.000000 1.456638 0023 912628 0.140553 0.644100 0.182028
0023 917419 0.011040 -0.005493 -0.004269 1500 1500 1500 1630 23 962127 2.207468 0.006419 0.000000 0.000000 0.000000 1.000000 1.607776 0023 962738 0.893547 0.644100 0.176133
0023 970764 0.010525 -0.005947 -0.004351 1500 1500 1500 1630 24 12237 2.287843 0.006683 0.000000 0.000000 0.000000 1.000000 1.535735 0024 013305 0.140553 0.644100 0.178196
0024 017395 0.010302 -0.006964 -0.005146 1500 1500 1500 1630 24 62561 2.287843 0.006683 0.000000 0.000000 0.000000 1.000000 1.570691 0024 063446 1.646595 0.644100 0.176457
0024 070526 0.010846 -0.008261 -0.005333 1500 1500 1500 1632 24 113128 2.369284 0.006954 0.000000 0.000000 0.000000 1.000000 1.665350 0024 113678 -0.445072 0.678000 0.171675
0024 117706 0.011410 -0.007221 -0.005559 1500 1500 1500 1628 24 163116 2.369284 0.006954 0.000000 0.000000 0.000000 1.000000 1.326808 0024 164001 0.391545 0.711900 0.184800
0024 171051 0.011799 -0.006702 -0.005208 1500 1500 1500 1628 24 213104 2.451775 0.007233 0.000000 0.000000 0.000000 1.000000 1.296555 0024 213501 0.391545 0.661050 0.188520
0024 217590 0.012302 -0.005373 -0.004901 1500 1500 1500 1630 24 263092 2.451775 0.007233 0.000000 0.000000 0.000000 1.000000 1.444521 0024 264007 0.893547 0.627150 0.184716
0024 270568 0.011454 -0.004092 -0.004805 1500 1500 1500 1630 24 313171 2.535299 0.007520 0.000000 0.000000 0.000000 1.000000 1.455757 0024 313537 0.391545 0.678000 0.185063
0024 318511 0.011378 -0.004973 -0.004788 1500 1500 1500 1631 24 363159 2.535299 0.007520 0.000000 0.000000 0.000000 1.000000 1.542147 0024 364135 -0.696044 0.661050 0.181950
0024 370574 0.010470 -0.006040 -0.004474 1500 1500 1500 1632 24 413208 2.619839 0.007812 0.000000 0.000000 0.000000 1.000000 1.590182 0024 413604 0.893547 0.661050 0.179460
0024 417419 0.010013 -0.008012 -0.005572 1500 1500 1500 1632 24 463317 2.619839 0.007812 0.000000 0.000000 0.000000 1.000000 1.536717 0024 463714 -0.110433 0.694950 0.180858
0024 470550 0.010425 -0.007768 -0.006253 1500 1500 1500 1632 24 513336 2.705382 0.008113 0.000000 0.000000 0.000000 1.000000 1.504877 0024 513702 0.893547 0.661050 0.181977
0024 517395 0.010894 -0.007914 -0.006020 1500 1500 1500 1631 24 563293 2.705382 0.008113 0.000000 0.000000 0.000000 1.000000 1.409919 0024 563690 0.893547 0.678000 0.186261
0024 570770 0.011474 -0.007234 -0.005767 1500 1500 1500 1629 24 613586 2.791910 0.008423 0.000000 0.000000 0.000000 1.000000 1.283431 0024 614135 -0.110433 0.745800 0.193079
0024 617401 0.011345 -0.006425 -0.005183 1500 1500 1500 1631 24 663543 2.791910 0.008423 0.000000 0.000000 0.000000 1.000000 1.376411 0024 664062 -0.110433 0.627150 0.191753
0024 670501 0.009893 -0.006439 -0.004712 1500 1500 1500 1632 24 713501 2.879409 0.008740 0.000000 0.000000 0.000000 1.000000 1.436200 0024 714019 0.893547 0.661050 0.190693
0024 717346 0.009029 -0.005640 -0.005467 1500 1500 1500 1630 24 763427 2.879409 0.008740 0.000000 0.000000 0.000000 1.000000 1.242395 0024 763916 0.642543 0.694950 0.200014
0024 770782 0.009014 -0.006038 -0.005988 1500 1500 1500 1630 24 813415 2.967864 0.009065 0.000000 0.000000 0.000000 1.000000 1.221120 0024 813903 0.642543 0.779700 0.204081
0024 817474 0.010381 -0.005789 -0.006429 1500 1500 1500 1632 24 863433 2.967864 0.009065 0.000000 0.000000 0.000000 1.000000 1.453898 0024 864349 -0.110433 0.661050 0.197165
0024 870513 0.011057 -0.004694 -0.005343 1500 1500 1500 1633 24 913696 3.057260 0.009398 0.000000 0.000000 0.000000 1.000000 1.512066 0024 914215 -0.696044 0.678000 0.195022
0024 917388 0.011301 -0.004066 -0.004826 1500 1500 1500 1633 24 963623 3.057260 0.009398 0.000000 0.000000 0.000000 1.000000 1.467081 0024 964141 0.140553 0.678000 0.196698
0024 970764 0.010126 -0.003802 -0.004321 1500 1500 1500 1632 25 13549 3.147582 0.009736 0.000000 0.000000 0.000000 1.000000 1.365147 0025 014099 0.642543 0.678000 0.201428
0025 017395 0.008060 -0.005022 -0.004313 1500 1500 1500 1632 25 63476 3.147582 0.009736 0.000000 0.000000 0.000000 1.000000 1.389836 0025 063995 -0.110433 0.644100 0.201822
0025 070526 0.008168 -0.007016 -0.005488 1500 1500 1500 1635 25 113891 3.238817 0.010081 0.000000 0.000000 0.000000 1.000000 1.562973 0025 114288 -1.197970 0.644100 0.195358
0025 117340 0.008457 -0.008264 -0.005820 1500 1500 1500 1637 25 164215 3.238817 0.010081 0.000000 0.000000 0.000000 1.000000 1.812616 0025 164886 0.140553 0.627150 0.183406
0025 170532 0.009474 -0.007045 -0.005572 1500 1500 1500 1637 25 214141 3.330949 0.010433 0.000000 0.000000 0.000000 1.000000 1.708189 0025 214721 0.642543 0.661050 0.184015
0025 217437 0.009941 -0.004918 -0.005194 1500 1500 1500 1636 25 264129 3.330949 0.010433 0.000000 0.000000 0.000000 1.000000 1.637523 0025 264740 0.140553 0.661050 0.184502
0025 270538 0.009207 -0.002170 -0.005199 1500 1500 1500 1635 25 314331 3.423966 0.010792 0.000000 0.000000 0.000000 1.000000 1.512863 0025 315063 0.893547 0.694950 0.188282
0025 317596 0.008125 -0.002407 -0.005180 1500 1500 1500 1635 25 364593 3.423966 0.010792 0.000000 0.000000 0.000000 1.000000 1.517844 0025 365142 1.144557 0.661050 0.187915
0025 370758 0.007611 -0.004277 -0.005252 1500 1500 1500 1635 25 414642 3.517853 0.011158 0.000000 0.000000 0.000000 1.000000 1.519866 0025 415161 0.391545 0.644100 0.187622
0025 417480 0.008588 -0.005022 -0.005553 1500 1500 1500 1636 25 464874 3.517853 0.011158 0.000000 0.000000 0.000000 1.000000 1.597250 0025 465484 -0.361413 0.593250 0.183998
0025 470397 0.009520 -0.003977 -0.005215 1500 1500 1500 1637 25 514984 3.612597 0.011530 0.000000 0.000000 0.000000 1.000000 1.636936 0025 515350 -0.110433 0.644100 0.181098
0025 517639 0.009987 -0.003531 -0.004809 1500 1500 1500 1638 25 565002 3.612597 0.011530 0.000000 0.000000 0.000000 1.000000 1.730269 0025 565521 0.140553 0.627150 0.175389
0025 570739 0.009514 -0.003545 -0.004488 1500 1500 1500 1636 25 615051 3.708184 0.011908 0.000000 0.000000 0.000000 1.000000 1.541368 0025 615417 0.893547 0.678000 0.180991
0025 617584 0.008876 -0.004594 -0.004884 1500 1500 1500 1635 25 665039 3.708184 0.011908 0.000000 0.000000 0.000000 1.000000 1.431523 0025 665527 0.391545 0.661050 0.185473
0025 670471 0.008439 -0.005166 -0.005970 1500 1500 1500 1636 25 715057 3.804603 0.012292 0.000000 0.000000 0.000000 1.000000 1.449681 0025 715545 0.642543 0.661050 0.185668
0025 717987 0.008768 -0.005127 -0.006494 1500 1500 1500 1636 25 765106 3.804603 0.012292 0.000000 0.000000 0.000000 1.000000 1.463173 0025 765594 0.642543 0.644100 0.185825
0025 770477 0.008422 -0.005691 -0.006489 1500 1500 1500 1637 25 815032 3.901839 0.012684 0.000000 0.000000 0.000000 1.000000 1.550381 0025 815429 -0.110433 0.644100 0.182560
0025 818176 0.008148 -0.003713 -0.006352 1500 1500 1500 1638 25 865112 3.901839 0.012684 0.000000 0.000000 0.000000 1.000000 1.598381 0025 865570 0.642543 0.644100 0.179948
0025 870422 0.008065 -0.003854 -0.005543 1500 1500 1500 1637 25 915100 3.999881 0.013084 0.000000 0.000000 0.000000 1.000000 1.544404 0025 915466 0.140553 0.661050 0.181248
0025 917785 0.007336 -0.003959 -0.005659 1500 1500 1500 1640 25 965271 3.999881 0.013084 0.000000 0.000000 0.000000 1.000000 1.743235 0025 965667 0.140553 0.593250 0.172119
0025 970520 0.007989 -0.003986 -0.006047 1500 1500 1500 1639 26 15228 4.098715 0.013492 0.000000 0.000000 0.000000 1.000000 1.614516 0026 015594 0.140553 0.694950 0.174985
0026 017547 0.008269 -0.004592 -0.006141 1500 1500 1500 1639 26 65246 4.098715 0.013492 0.000000 0.000000 0.000000 1.000000 1.613006 0026 065765 0.642543 0.661050 0.173888
0026 071258 0.009079 -0.002085 -0.006196 1500 1500 1500 1639 26 115295 4.198330 0.013907 0.000000 0.000000 0.000000 1.000000 1.607566 0026 115692 0.140553 0.644100 0.173010
0026 117645 0.008716 0.000095 -0.005511 1500 1500 1500 1638 26 165405 4.198330 0.013907 0.000000 0.000000 0.000000 1.000000 1.523111 0026 166015 0.391545 0.661050 0.175698
0026 170532 0.006823 0.001268 -0.005497 1500 1500 1500 1638 26 215484 4.298713 0.014329 0.000000 0.000000 0.000000 1.000000 1.474734 0026 216033 0.893547 0.644100 0.177849
0026 218109 0.006701 -0.000855 -0.006379 1500 1500 1500 1640 26 265716 4.298713 0.014329 0.000000 0.000000 0.000000 1.000000 1.680881 0026 266235 0.140553 0.728850 0.169399
0026 270324 0.007050 -0.002701 -0.006327 1500 1500 1500 1638 26 315887 4.399853 0.014759 0.000000 0.000000 0.000000 1.000000 1.560001 0026 316589 1.144557 0.678000 0.172809
0026 318389 0.008769 -0.002678 -0.005601 1500 1500 1500 1636 26 366119 4.399853 0.014759 0.000000 0.000000 0.000000 1.000000 1.334733 0026 366516 0.893547 0.678000 0.182317
0026 370391 0.008509 -0.001276 -0.005037 1500 1500 1500 1637 26 416351 4.501737 0.015194 0.000000 0.000000 0.000000 1.000000 1.446458 0026 417022 0.893547 0.694950 0.179754
0026 418823 0.007621 -0.001174 -0.005034 1500 1500 1500 1637 26 466461 4.501737 0.015194 0.000000 0.000000 0.000000 1.000000 1.437283 0026 466980 -0.361413 0.694950 0.181093
0026 471191 0.007251 -0.001739 -0.005424 1500 1500 1500 1636 26 516540 4.604355 0.015636 0.000000 0.000000 0.000000 1.000000 1.359073 0026 517059 0.642543 0.678000 0.185554
0026 518524 0.007682 -0.002951 -0.005496 1500 1500 1500 1637 26 566650 4.604355 0.015636 0.000000 0.000000 0.000000 1.000000 1.399292 0026 567230 0.140553 0.678000 0.185734
0026 570373 0.008097 -0.000797 -0.005530 1500 1500 1500 1636 26 616790 4.707695 0.016083 0.000000 0.000000 0.000000 1.000000 1.351023 0026 617187 0.642543 0.678000 0.189267
0026 618530 0.008841 0.000134 -0.004867 1500 1500 1500 1637 26 666992 4.707695 0.016083 0.000000 0.000000 0.000000 1.000000 1.408492 0026 667388 0.140553 0.644100 0.188703
0026 672454 0.009104 0.001681 -0.004923 1500 1500 1500 1637 26 717010 4.811746 0.016535 0.000000 0.000000 0.000000 1.000000 1.446470 0026 717376 0.893547 0.678000 0.188253
0026 718841 0.007997 0.000525 -0.004543 1500 1500 1500 1638 26 766967 4.811746 0.016535 0.000000 0.000000 0.000000 1.000000 1.471253 0026 767364 1.144557 0.678000 0.187892
0026 770416 0.007096 -0.000936 -0.004864 1500 1500 1500 1638 26 817016 4.916497 0.016991 0.000000 0.000000 0.000000 1.000000 1.487160 0026 817382 0.642543 0.678000 0.187604
0026 818908 0.007591 -0.001045 -0.005106 1500 1500 1500 1636 26 867126 4.916497 0.016991 0.000000 0.000000 0.000000 1.000000 1.342864 0026 867553 0.642543 0.678000 0.194153
0026 870361 0.008600 -0.000965 -0.005099 1500 1500 1500 1634 26 917022 5.021937 0.017452 0.000000 0.000000 0.000000 1.000000 1.190888 0026 917419 0.391545 0.661050 0.202782
0026 918823 0.008861 0.000644 -0.005197 1500 1500 1500 1637 26 967163 5.021937 0.017452 0.000000 0.000000 0.000000 1.000000 1.427546 0026 967559 0.642543 0.644100 0.196126
0026 970794 0.007915 0.000018 -0.004722 1500 1500 1500 1637 27 17089 5.128055 0.017917 0.000000 0.000000 0.000000 1.000000 1.412328 0027 017456 0.642543 0.678000 0.197581
0027 018920 0.006856 -0.000423 -0.005436 1500 1500 1500 1638 27 67260 5.128055 0.017917 0.000000 0.000000 0.000000 1.000000 1.484628 0027 067779 -0.110433 0.678000 0.195355
0027 117126 0.008482 -0.000139 -0.005102 1500 1500 1500 1637 27 117340 5.234841 0.018386 0.000000 0.000000 0.000000 1.000000 1.449203 0027 117858 0.140553 0.678000 0.196964
0027 171478 0.009192 0.001747 -0.004399 1500 1500 1500 1638 27 167388 5.234841 0.018386 0.000000 0.000000 0.000000 1.000000 1.507975 0027 167907 -0.361413 0.661050 0.194861
0027 217224 0.007307 0.001850 -0.004630 1500 1500 1500 1638 27 217407 5.342285 0.018859 0.000000 0.000000 0.000000 1.000000 1.540713 0027 217895 0.140553 0.644100 0.193179
0027 271392 0.006656 0.001875 -0.005411 1500 1500 1500 1638 27 267486 5.342285 0.018859 0.000000 0.000000 0.000000 1.000000 1.556907 0027 268035 0.140553 0.644100 0.191833
0027 317291 0.007089 -0.001131 -0.006047 1500 1500 1500 1639 27 317443 5.450376 0.019337 0.000000 0.000000 0.000000 1.000000 1.562866 0027 317962 0.391545 0.661050 0.190756
0027 371551 0.007323 -0.000713 -0.005475 1500 1500 1500 1638 27 367553 5.450376 0.019337 0.000000 0.000000 0.000000 1.000000 1.485595 0027 368042 -0.361413 0.694950 0.193285
0027 421295 0.006952 -0.001682 -0.005458 1500 1500 1500 1638 27 417572 5.559105 0.019821 0.000000 0.000000 0.000000 1.000000 1.518750 0027 418518 -0.110433 0.661050 0.191918
0027 471405 0.006665 0.000218 -0.005890 1500 1500 1500 1640 27 467803 5.559105 0.019821 0.000000 0.000000 0.000000 1.000000 1.690775 0027 468200 0.642543 0.593250 0.184044
0027 517181 0.006575 -0.001028 -0.007130 1500 1500 1500 1641 27 517944 5.668461 0.020313 0.000000 0.000000 0.000000 1.000000 1.779729 0027 518341 -0.361413 0.678000 0.177746
0027 572082 0.007359 -0.002362 -0.007228 1500 1500 1500 1640 27 568084 5.668461 0.020313 0.000000 0.000000 0.000000 1.000000 1.662548 0027 568817 0.391545 0.627150 0.179486
0027 617126 0.008114 0.000735 -0.005875 1500 1500 1500 1638 27 618255 5.778435 0.020812 0.000000 0.000000 0.000000 1.000000 1.510338 0027 618774 0.893547 0.678000 0.184269
0027 672302 0.007207 0.002243 -0.005274 1500 1500 1500 1637 27 668304 5.778435 0.020812 0.000000 0.000000 0.000000 1.000000 1.422903 0027 668823 0.893547 0.694950 0.188095
0027 717132 0.006424 0.001540 -0.005532 1500 1500 1500 1639 27 718414 5.889017 0.021316 0.000000 0.000000 0.000000 1.000000 1.608406 0027 718933 0.893547 0.627150 0.180986
0027 772399 0.006371 -0.000141 -0.005953 1500 1500 1500 1639 27 768768 5.889017 0.021316 0.000000 0.000000 0.000000 1.000000 1.632711 0027 769165 0.140553 0.661050 0.178689
0027 817230 0.007657 0.001105 -0.006523 1500 1500 1500 1639 27 818939 6.000198 0.021826 0.000000 0.000000 0.000000 1.000000 1.563405 0027 819335 1.395573 0.644100 0.180241
0027 872955 0.007846 0.002325 -0.005628 1500 1500 1500 1641 27 868865 6.000198 0.021826 0.000000 0.000000 0.000000 1.000000 1.752512 0027 869476 -0.110433 0.576300 0.171313
0027 917083 0.007176 0.001859 -0.005320 1500 1500 1500 1639 27 919097 6.111969 0.022342 0.000000 0.000000 0.000000 1.000000 1.617791 0027 919494 0.893547 0.627150 0.174340
0027 972564 0.005280 -0.000414 -0.005739 1500 1500 1500 1637 27 969085 6.111969 0.022342 0.000000 0.000000 0.000000 1.000000 1.458444 0027 969940 0.642543 0.678000 0.180152
0028 017089 0.005426 -0.001133 -0.006661 1500 1500 1500 1639 28 19256 6.224320 0.022864 0.000000 0.000000 0.000000 1.000000 1.601545 0028 019866 -0.361413 0.661050 0.174632
0028 072479 0.006628 -0.000995 -0.006412 1500 1500 1500 1638 28 69213 6.224320 0.022864 0.000000 0.000000 0.000000 1.000000 1.525376 0028 070007 -0.612387 0.661050 0.176995
0028 117095 0.007260 -0.000411 -0.005292 1500 1500 1500 1640 28 119262 6.337243 0.023392 0.000000 0.000000 0.000000 1.000000 1.712922 0028 119751 1.144557 0.593250 0.168716
0028 172485 0.005674 -0.000341 -0.005494 1500 1500 1500 1639 28 169281 6.337243 0.023392 0.000000 0.000000 0.000000 1.000000 1.579702 0028 169921 -0.361413 0.661050 0.172263
0028 217224 0.005259 -0.000812 -0.005804 1500 1500 1500 1640 28 219360 6.450729 0.023924 0.000000 0.000000 0.000000 1.000000 1.654900 0028 219909 0.893547 0.593250 0.168320
0028 273345 0.005314 -0.003777 -0.005675 1500 1500 1500 1637 28 269409 6.450729 0.023924 0.000000 0.000000 0.000000 1.000000 1.460365 0028 270263 0.893547 0.644100 0.175336
0028 317260 0.007041 -0.003968 -0.004844 1500 1500 1500 1637 28 319488 6.564768 0.024460 0.000000 0.000000 0.000000 1.000000 1.429366 0028 320007 0.391545 0.661050 0.177559
0028 373077 0.007136 -0.001357 -0.005221 1500 1500 1500 1636 28 369903 6.564768 0.024460 0.000000 0.000000 0.000000 1.000000 1.339409 0028 370330 -0.110433 0.644100 0.182727
0028 417114 0.005801 0.000115 -0.005392 1500 1500 1500 1636 28 419921 6.679353 0.025000 0.000000 0.000000 0.000000 1.000000 1.297091 0028 420318 0.642543 0.694950 0.186862
0028 474060 0.005372 -0.001000 -0.006014 1500 1500 1500 1637 28 470062 6.679353 0.025000 0.000000 0.000000 0.000000 1.000000 1.438269 0028 470764 0.391545 0.661050 0.183389
0028 517089 0.005622 -0.000487 -0.006502 1500 1500 1500 1636 28 520172 6.794476 0.025545 0.000000 0.000000 0.000000 1.000000 1.368939 0028 520599 -0.361413 0.678000 0.187392
0028 569152 0.006825 0.002137 -0.005436 1500 1500 1500 1639 28 570251 6.794476 0.025545 0.000000 0.000000 0.000000 1.000000 1.567819 0028 570770 0.391545 0.644100 0.180423
0028 617065 0.007000 0.003216 -0.004757 1500 1500 1500 1636 28 620269 6.910126 0.026095 0.000000 0.000000 0.000000 1.000000 1.370632 0028 620758 0.391545 0.694950 0.188409
0028 673126 0.005598 0.003371 -0.004709 1500 1500 1500 1639 28 670257 6.910126 0.026095 0.000000 0.000000 0.000000 1.000000 1.573068 0028 670745 0.391545 0.593250 0.181237
0028 717071 0.004626 0.000700 -0.005812 1500 1500 1500 1637 28 720306 7.026298 0.026648 0.000000 0.000000 0.000000 1.000000 1.454697 0028 720825 0.642543 0.661050 0.185670
0028 773407 0.004818 0.000780 -0.006437 1500 1500 1500 1638 28 770385 7.026298 0.026648 0.000000 0.000000 0.000000 1.000000 1.543829 0028 770904 -0.110433 0.644100 0.182436
0028 817260 0.006142 -0.002208 -0.005870 1500 1500 1500 1635 28 820495 7.142982 0.027206 0.000000 0.000000 0.000000 1.000000 1.207601 0028 821014 -0.110433 0.661050 0.196798
0028 870086 0.006037 0.000143 -0.005176 1500 1500 1500 1635 28 870788 7.142982 0.027206 0.000000 0.000000 0.000000 1.000000 1.261054 0028 871185 0.642543 0.694950 0.198119
0028 917114 0.003466 -0.000810 -0.004799 1500 1500 1500 1636 28 920898 7.260170 0.027768 0.000000 0.000000 0.000000 1.000000 1.303747 0028 921295 1.144557 0.644100 0.199175
0028 970367 0.003726 -0.000874 -0.005928 1500 1500 1500 1636 28 970977 7.260170 0.027768 0.000000 0.000000 0.000000 1.000000 1.337853 0028 971374 1.144557 0.644100 0.200020
0029 017120 0.003967 -0.001313 -0.006312 1500 1500 1500 1639 29 20935 7.377855 0.028335 0.000000 0.000000 0.000000 1.000000 1.596522 0029 021331 1.144557 0.627150 0.190526
0029 070373 0.004877 0.000378 -0.005977 1500 1500 1500 1640 29 70983 7.377855 0.028335 0.000000 0.000000 0.000000 1.000000 1.739652 0029 071380 0.140553 0.627150 0.182931
0029 118225 0.004296 0.001882 -0.005289 1500 1500 1500 1639 29 120941 7.496029 0.028905 0.000000 0.000000 0.000000 1.000000 1.578075 0029 121490 0.391545 0.694950 0.187025
0029 170379 0.003861 0.000255 -0.005126 1500 1500 1500 1638 29 170990 7.496029 0.028905 0.000000 0.000000 0.000000 1.000000 1.481329 0029 171356 0.893547 0.661050 0.190300
0029 216980 0.004049 -0.001893 -0.006123 1500 1500 1500 1638 29 220947 7.614685 0.029481 0.000000 0.000000 0.000000 1.000000 1.503834 0029 221344 1.144557 0.644100 0.189530
0029 270080 0.005432 -0.002517 -0.006358 1500 1500 1500 1641 29 270996 7.614685 0.029481 0.000000 0.000000 0.000000 1.000000 1.825069 0029 271392 0.642543 0.576300 0.175354
0029 317077 0.005098 0.000967 -0.006268 1500 1500 1500 1641 29 320922 7.733815 0.030061 0.000000 0.000000 0.000000 1.000000 1.761868 0029 321319 0.391545 0.644100 0.174183
0029 370330 0.003739 -0.000595 -0.005658 1500 1500 1500 1639 29 371002 7.733815 0.030061 0.000000 0.000000 0.000000 1.000000 1.635809 0029 371765 0.893547 0.678000 0.176636
0029 417053 0.003032 -0.001969 -0.005850 1500 1500 1500 1639 29 421112 7.853412 0.030647 0.000000 0.000000 0.000000 1.000000 1.634511 0029 421539 1.144557 0.644100 0.175209
0029 470092 0.004273 -0.001977 -0.005984 1500 1500 1500 1641 29 471191 7.853412 0.030647 0.000000 0.000000 0.000000 1.000000 1.782178 0029 471588 -0.110433 0.694950 0.167287
0029 517089 0.004302 -0.001610 -0.006368 1500 1500 1500 1640 29 521270 7.973468 0.031238 0.000000 0.000000 0.000000 1.000000 1.709680 0029 521820 0.140553 0.745800 0.167287
0029 570282 0.004380 -0.003037 -0.006283 1500 1500 1500 1640 29 571350 7.973468 0.031238 0.000000 0.000000 0.000000 1.000000 1.726001 0029 571899 1.646595 0.627150 0.164340
0029 618316 0.003934 -0.003471 -0.006329 1500 1500 1500 1639 29 621429 8.093977 0.031834 0.000000 0.000000 0.000000 1.000000 1.648508 0029 621948 1.144557 0.627150 0.165372
0029 670990 0.003450 -0.002468 -0.006564 1500 1500 1500 1638 29 671630 8.093977 0.031834 0.000000 0.000000 0.000000 1.000000 1.521248 0029 671997 1.646595 0.678000 0.169588
0029 717102 0.003691 -0.005582 -0.007306 1500 1500 1500 1639 29 721710 8.214931 0.032437 0.000000 0.000000 0.000000 1.000000 1.603290 0029 722106 0.893547 0.593250 0.166180
0029 770263 0.004847 -0.004151 -0.006728 1500 1500 1500 1639 29 771759 8.214931 0.032437 0.000000 0.000000 0.000000 1.000000 1.647103 0029 772186 0.140553 0.644100 0.163454
0029 818298 0.005399 -0.002672 -0.006610 1500 1500 1500 1638 29 821807 8.336323 0.033047 0.000000 0.000000 0.000000 1.000000 1.512601 0029 822204 1.144557 0.661050 0.168053
0029 870117 0.003873 -0.000342 -0.006231 1500 1500 1500 1639 29 871826 8.336323 0.033047 0.000000 0.000000 0.000000 1.000000 1.591106 0029 872222 0.140553 0.627150 0.164953
0029 917205 0.003585 -0.002682 -0.006708 1500 1500 1500 1637 29 921783 8.458148 0.033663 0.000000 0.000000 0.000000 1.000000 1.402251 0029 922180 -0.361413 0.678000 0.172642
0029 969268 0.004163 -0.003525 -0.007626 1500 1500 1500 1636 29 971832 8.458148 0.033663 0.000000 0.000000 0.000000 1.000000 1.300780 0029 972229 0.893547 0.678000 0.178794
0030 016967 0.005282 -0.000954 -0.007250 1500 1500 1500 1637 30 22064 8.580397 0.034285 0.000000 0.000000 0.000000 1.000000 1.408611 0030 022460 0.140553 0.644100 0.176935
0030 070861 0.005434 -0.000243 -0.006609 1500 1500 1500 1637 30 72143 8.580397 0.034285 0.000000 0.000000 0.000000 1.000000 1.399526 0030 072662 -0.110433 0.661050 0.178838
0030 116973 0.004399 0.000218 -0.006002 1500 1500 1500 1638 30 122192 8.703065 0.034913 0.000000 0.000000 0.000000 1.000000 1.477910 0030 122711 0.140553 0.644100 0.176970
0030 170318 0.003522 -0.001519 -0.006656 1500 1500 1500 1636 30 172302 8.703065 0.034913 0.000000 0.000000 0.000000 1.000000 1.293898 0030 172821 0.893547 0.694950 0.185646
0030 218200 0.004082 -0.000361 -0.007191 1500 1500 1500 1635 30 222351 8.826145 0.035546 0.000000 0.000000 0.000000 1.000000 1.276897 0030 222900 -0.110433 0.678000 0.189197
0030 270111 0.004759 -0.000838 -0.006832 1500 1500 1500 1637 30 272430 8.826145 0.035546 0.000000 0.000000 0.000000 1.000000 1.433465 0030 272918 -0.612387 0.661050 0.185258
0030 318084 0.006062 0.001333 -0.006550 1500 1500 1500 1638 30 322570 8.949631 0.036186 0.000000 0.000000 0.000000 1.000000 1.527320 0030 322967 -0.110433 0.644100 0.182106
0030 370178 0.003729 0.000509 -0.006580 1500 1500 1500 1639 30 372802 8.949631 0.036186 0.000000 0.000000 0.000000 1.000000 1.580426 0030 373199 0.140553 0.661050 0.179585
0030 418273 0.003342 0.001063 -0.007230 1500 1500 1500 1637 30 422821 9.073516 0.036831 0.000000 0.000000 0.000000 1.000000 1.453246 0030 423217 1.144557 0.694950 0.184348
0030 471038 0.004029 -0.000350 -0.007734 1500 1500 1500 1636 30 472839 9.073516 0.036831 0.000000 0.000000 0.000000 1.000000 1.306113 0030 473358 0.893547 0.711900 0.191548
0030 516937 0.005761 0.001868 -0.007850 1500 1500 1500 1637 30 522766 9.197795 0.037484 0.000000 0.000000 0.000000 1.000000 1.463312 0030 523162 0.893547 0.644100 0.187139
0030 568939 0.005677 0.003865 -0.007861 1500 1500 1500 1638 30 572814 9.197795 0.037484 0.000000 0.000000 0.000000 1.000000 1.478590 0030 573242 1.144557 0.678000 0.187001
0030 618286 0.004545 0.002498 -0.007406 1500 1500 1500 1637 30 622772 9.322460 0.038145 0.000000 0.000000 0.000000 1.000000 1.411596 0030 623168 -0.110433 0.678000 0.190281
0030 670227 0.004634 -0.000003 -0.007848 1500 1500 1500 1637 30 672760 9.322460 0.038145 0.000000 0.000000 0.000000 1.000000 1.377805 0030 673736 0.391545 0.694950 0.192905
0030 716949 0.006022 0.001182 -0.007794 1500 1500 1500 1637 30 722808 9.447507 0.038813 0.000000 0.000000 0.000000 1.000000 1.441777 0030 723327 0.642543 0.661050 0.191614
0030 768890 0.006773 0.002465 -0.006767 1500 1500 1500 1638 30 772766 9.447507 0.038813 0.000000 0.000000 0.000000 1.000000 1.558537 0030 773162 0.140553 0.644100 0.187191
0030 817138 0.006263 0.001714 -0.006525 1500 1500 1500 1639 30 822814 9.572929 0.039487 0.000000 0.000000 0.000000 1.000000 1.622597 0030 823211 0.642543 0.745800 0.183653
0030 870117 0.005375 0.000446 -0.007340 1500 1500 1500 1640 30 872833 9.572929 0.039487 0.000000 0.000000 0.000000 1.000000 1.653300 0030 873230 -0.110433 0.644100 0.180822
0030 916931 0.005605 0.000059 -0.008142 1500 1500 1500 1639 30 922821 9.698720 0.040168 0.000000 0.000000 0.000000 1.000000 1.611953 0030 923217 0.642543 0.728850 0.180822
0030 968933 0.006564 0.000465 -0.007769 1500 1500 1500 1637 30 972808 9.698720 0.040168 0.000000 0.000000 0.000000 1.000000 1.403120 0030 973327 -0.110433 0.661050 0.188728
0031 018066 0.006581 0.001362 -0.007365 1500 1500 1500 1637 31 22735 9.824875 0.040856 0.000000 0.000000 0.000000 1.000000 1.442806 0031 023132 -0.361413 0.661050 0.188272
