0005 535980 0.018777 0.020236 -0.054665 1500 1500 1500 950 5 574340 0.000000 0.000000 0.000000 0.000000 0.000000 0.000000 0.000000 0005 574676 0.143049 0.661050 0.033900
0005 587707 0.018790 0.020231 -0.054666 1500 1500 1500 950 5 624328 0.000000 0.000000 0.000000 0.000000 0.000000 0.000000 0.000000 0005 624664 -0.107913 0.678000 0.064410
0005 634369 0.018805 0.020232 -0.054665 1500 1500 1500 950 5 674316 0.000000 0.000000 0.000000 0.000000 0.000000 0.000000 0.000000 0005 674499 0.143049 0.678000 0.088818
0005 686309 0.018781 0.020210 -0.054677 1500 1500 1500 950 5 724304 0.000000 0.000000 0.000000 0.000000 0.000000 0.000000 0.000000 0005 724517 -0.107913 0.678000 0.108344
0005 735931 0.018772 0.020210 -0.054697 1500 1500 1500 950 5 774261 0.000000 0.000000 0.000000 0.000000 0.000000 0.000000 0.000000 0005 774444 0.143049 0.678000 0.123966
0005 788177 0.018762 0.020193 -0.054729 1500 1500 1500 950 5 824218 0.000000 0.000000 0.000000 0.000000 0.000000 0.000000 0.000000 0005 824401 0.644989 0.678000 0.136462
0005 835815 0.018777 0.020178 -0.054756 1500 1500 1500 950 5 874267 0.000000 0.000000 0.000000 0.000000 0.000000 0.000000 0.000000 0005 874450 0.644989 0.678000 0.143070
0005 887939 0.018769 0.020175 -0.054772 1500 1500 1500 950 5 924224 0.000000 0.000000 0.000000 0.000000 0.000000 0.000000 0.000000 0005 924408 0.143049 0.678000 0.151746
0005 934265 0.018768 0.020172 -0.054785 1500 1500 1500 950 5 974182 0.000000 0.000000 0.000000 0.000000 0.000000 0.000000 0.000000 0005 974395 0.143049 0.678000 0.158687
0005 988159 0.018761 0.020166 -0.054811 1500 1500 1500 950 6 24109 0.000000 0.000000 0.000000 0.000000 0.000000 0.000000 0.000000 0006 024292 0.143049 0.678000 0.164239
0006 034301 0.018753 0.020179 -0.054823 1500 1500 1500 950 6 74066 0.000000 0.000000 0.000000 0.000000 0.000000 0.000000 0.000000 0006 074249 0.143049 0.678000 0.168682
0006 087921 0.018728 0.020167 -0.054851 1500 1500 1500 950 6 124054 0.000000 0.000000 0.000000 0.000000 0.000000 0.000000 0.000000 0006 124237 -0.693466 0.661050 0.168845
0006 134369 0.018744 0.020163 -0.054870 1500 1500 1500 950 6 174041 0.000000 0.000000 0.000000 0.000000 0.000000 0.000000 0.000000 0006 174224 0.143049 0.678000 0.168976
0006 188171 0.018728 0.020153 -0.054869 1500 1500 1500 950 6 223999 0.000000 0.000000 0.000000 0.000000 0.000000 0.000000 0.000000 0006 224182 -0.442518 0.678000 0.172471
0006 234375 0.018725 0.020154 -0.054883 1500 1500 1500 950 6 274017 0.000000 0.000000 0.000000 0.000000 0.000000 0.000000 0.000000 0006 274200 -0.442518 0.678000 0.175267
0006 287933 0.018716 0.020145 -0.054878 1500 1500 1500 950 6 323944 0.000000 0.000000 0.000000 0.000000 0.000000 0.000000 0.000000 0006 324127 0.394016 0.678000 0.177503
0006 334503 0.018711 0.020146 -0.054895 1500 1500 1500 950 6 373901 0.000000 0.000000 0.000000 0.000000 0.000000 0.000000 0.000000 0006 374084 0.394016 0.678000 0.179293
0006 387756 0.018695 0.020158 -0.054904 1500 1500 1500 950 6 423889 0.000000 0.000000 0.000000 0.000000 0.000000 0.000000 0.000000 0006 424102 -0.107913 0.678000 0.180724
0006 434326 0.018711 0.020172 -0.054925 1500 1500 1500 950 6 473999 0.000000 0.000000 0.000000 0.000000 0.000000 0.000000 0.000000 0006 474182 -0.107913 0.678000 0.178479
0006 487915 0.018682 0.020171 -0.054940 1500 1500 1500 950 6 523956 0.000000 0.000000 0.000000 0.000000 0.000000 0.000000 0.000000 0006 524139 0.394016 0.661050 0.180073
0006 534271 0.018671 0.020185 -0.054944 1500 1500 1500 950 6 573913 0.000000 0.000000 0.000000 0.000000 0.000000 0.000000 0.000000 0006 574096 0.394016 0.678000 0.181349
0006 588348 0.018676 0.020206 -0.054939 1500 1500 1500 950 6 623932 0.000000 0.000000 0.000000 0.000000 0.000000 0.000000 0.000000 0006 624115 -0.442518 0.678000 0.182369
0006 634277 0.018692 0.020212 -0.054941 1500 1500 1500 950 6 673980 0.000000 0.000000 0.000000 0.000000 0.000000 0.000000 0.000000 0006 674194 -0.107913 0.678000 0.183185
0006 686309 0.018682 0.020235 -0.054967 1500 1500 1500 950 6 723938 0.000000 0.000000 0.000000 0.000000 0.000000 0.000000 0.000000 0006 724121 0.644989 0.678000 0.183838
0006 734375 0.018683 0.020258 -0.054986 1500 1500 1500 950 6 773925 0.000000 0.000000 0.000000 0.000000 0.000000 0.000000 0.000000 0006 774139 0.394016 0.678000 0.184361
0006 788177 0.018691 0.020276 -0.054997 1500 1500 1500 950 6 823913 0.000000 0.000000 0.000000 0.000000 0.000000 0.000000 0.000000 0006 824096 -0.442518 0.678000 0.181388
0006 834259 0.018693 0.020283 -0.055011 1500 1500 1500 950 6 874023 0.000000 0.000000 0.000000 0.000000 0.000000 0.000000 0.000000 0006 874206 -0.442518 0.678000 0.182401
0006 887848 0.018674 0.020300 -0.055025 1500 1500 1500 950 6 923950 0.000000 0.000000 0.000000 0.000000 0.000000 0.000000 0.000000 0006 924133 0.394016 0.678000 0.183211
0006 934265 0.018656 0.020291 -0.055047 1500 1500 1500 950 6 974365 0.000000 0.000000 0.000000 0.000000 0.000000 0.000000 0.000000 0006 974609 -0.442518 0.678000 0.183858
0006 987793 0.018642 0.020316 -0.055043 1500 1500 1500 950 7 24475 0.000000 0.000000 0.000000 0.000000 0.000000 0.000000 0.000000 0007 024749 0.394016 0.678000 0.184377
0007 034271 0.018639 0.020302 -0.055038 1500 1500 1500 950 7 74493 0.000000 0.000000 0.000000 0.000000 0.000000 0.000000 0.000000 0007 074768 0.394016 0.661050 0.184791
0007 087890 0.018627 0.020309 -0.055047 1500 1500 1500 950 7 124511 0.000000 0.000000 0.000000 0.000000 0.000000 0.000000 0.000000 0007 124786 -0.693466 0.678000 0.181733
0007 134246 0.018627 0.020316 -0.055064 1500 1500 1500 950 7 174591 0.000000 0.000000 0.000000 0.000000 0.000000 0.000000 0.000000 0007 174804 -0.693466 0.678000 0.182677
0007 187713 0.018618 0.020308 -0.055072 1500 1500 1500 950 7 224487 0.000000 0.000000 0.000000 0.000000 0.000000 0.000000 0.000000 0007 224762 -0.442518 0.678000 0.183431
0007 234375 0.018637 0.020294 -0.055088 1500 1500 1500 950 7 274475 0.000000 0.000000 0.000000 0.000000 0.000000 0.000000 0.000000 0007 274780 -0.944407 0.678000 0.184035
0007 287841 0.018638 0.020281 -0.055084 1500 1500 1500 950 7 324615 0.000000 0.000000 0.000000 0.000000 0.000000 0.000000 0.000000 0007 324798 0.644989 0.678000 0.181128
0007 334259 0.018614 0.020273 -0.055088 1500 1500 1500 950 7 374603 0.000000 0.000000 0.000000 0.000000 0.000000 0.000000 0.000000 0007 374817 -0.693466 0.678000 0.182192
0007 387756 0.018622 0.020273 -0.055080 1500 1500 1500 950 7 424652 0.000000 0.000000 0.000000 0.000000 0.000000 0.000000 0.000000 0007 424835 -0.442518 0.678000 0.183044
0007 434173 0.018631 0.020278 -0.055110 1500 1500 1500 950 7 474609 0.000000 0.000000 0.000000 0.000000 0.000000 0.000000 0.000000 0007 474792 1.146954 0.678000 0.183725
0007 486328 0.018655 0.020267 -0.055140 1500 1500 1500 950 7 524597 0.000000 0.000000 0.000000 0.000000 0.000000 0.000000 0.000000 0007 524810 -0.693466 0.678000 0.184270
0007 534179 0.018688 0.020233 -0.055124 1500 1500 1500 950 7 574585 0.000000 0.000000 0.000000 0.000000 0.000000 0.000000 0.000000 0007 574768 -0.442518 0.678000 0.181316
0007 587707 0.018705 0.020233 -0.055130 1500 1500 1500 950 7 624542 0.000000 0.000000 0.000000 0.000000 0.000000 0.000000 0.000000 0007 624786 0.394016 0.678000 0.182343
0007 634216 0.018694 0.020210 -0.055168 1500 1500 1500 950 7 674530 0.000000 0.000000 0.000000 0.000000 0.000000 0.000000 0.000000 0007 674743 0.644989 0.678000 0.179774
0007 687805 0.018704 0.020205 -0.055191 1500 1500 1500 950 7 724578 0.000000 0.000000 0.000000 0.000000 0.000000 0.000000 0.000000 0007 724762 -0.442518 0.678000 0.181109
0007 734283 0.018690 0.020220 -0.055185 1500 1500 1500 950 7 774536 0.000000 0.000000 0.000000 0.000000 0.000000 0.000000 0.000000 0007 774749 0.143049 0.678000 0.182178
0007 788116 0.018651 0.020199 -0.055182 1500 1500 1500 950 7 824585 0.000000 0.000000 0.000000 0.000000 0.000000 0.000000 0.000000 0007 824768 0.394016 0.678000 0.179642
0007 834259 0.018633 0.020198 -0.055177 1500 1500 1500 950 7 874572 0.000000 0.000000 0.000000 0.000000 0.000000 0.000000 0.000000 0007 874786 0.143049 0.678000 0.181004
0007 886200 0.018622 0.020190 -0.055190 1500 1500 1500 950 7 924591 0.000000 0.000000 0.000000 0.000000 0.000000 0.000000 0.000000 0007 924804 0.143049 0.678000 0.178703
0007 934204 0.018621 0.020196 -0.055197 1500 1500 1500 950 7 974578 0.000000 0.000000 0.000000 0.000000 0.000000 0.000000 0.000000 0007 974762 0.895969 0.678000 0.180252
0007 988159 0.018596 0.020210 -0.055217 1500 1500 1500 950 8 24597 0.000000 0.000000 0.000000 0.000000 0.000000 0.000000 0.000000 0008 024810 -0.944407 0.678000 0.178102
0008 034240 0.018591 0.020236 -0.055228 1500 1500 1500 950 8 74554 0.000000 0.000000 0.000000 0.000000 0.000000 0.000000 0.000000 0008 075103 0.394016 0.678000 0.179771
0008 086273 0.018587 0.020218 -0.055263 1500 1500 1500 950 8 124603 0.000000 0.000000 0.000000 0.000000 0.000000 0.000000 0.000000 0008 124817 -0.944407 0.678000 0.181107
0008 134216 0.018584 0.020209 -0.055283 1500 1500 1500 950 8 174530 0.000000 0.000000 0.000000 0.000000 0.000000 0.000000 0.000000 0008 174743 -0.191565 0.678000 0.182176
0008 187652 0.018591 0.020210 -0.055294 1500 1500 1500 950 8 224517 0.000000 0.000000 0.000000 0.000000 0.000000 0.000000 0.000000 0008 224701 -0.693466 0.678000 0.183031
0008 234283 0.018585 0.020204 -0.055304 1500 1500 1500 950 8 274475 0.000000 0.000000 0.000000 0.000000 0.000000 0.000000 0.000000 0008 274688 -0.442518 0.678000 0.183714
0008 286224 0.018583 0.020211 -0.055335 1500 1500 1500 950 8 324463 0.000000 0.000000 0.000000 0.000000 0.000000 0.000000 0.000000 0008 324646 0.394016 0.678000 0.184262
0008 335876 0.018608 0.020207 -0.055373 1500 1500 1500 950 8 374359 0.000000 0.000000 0.000000 0.000000 0.000000 0.000000 0.000000 0008 374694 -0.944407 0.678000 0.181309
0008 387603 0.018584 0.020189 -0.055376 1500 1500 1500 950 8 424316 0.000000 0.000000 0.000000 0.000000 0.000000 0.000000 0.000000 0008 424621 -1.195342 0.678000 0.182337
0008 434478 0.018575 0.020176 -0.055394 1500 1500 1500 950 8 474182 0.000000 0.000000 0.000000 0.000000 0.000000 0.000000 0.000000 0008 474395 -0.693466 0.678000 0.183160
0008 487823 0.018565 0.020174 -0.055436 1500 1500 1500 950 8 524200 0.000000 0.000000 0.000000 0.000000 0.000000 0.000000 0.000000 0008 524414 0.143049 0.678000 0.183818
0008 534240 0.018540 0.020157 -0.055472 1500 1500 1500 950 8 574066 0.000000 0.000000 0.000000 0.000000 0.000000 0.000000 0.000000 0008 574249 -0.107913 0.678000 0.180954
0008 587677 0.018498 0.020158 -0.055499 1500 1500 1500 950 8 623993 0.000000 0.000000 0.000000 0.000000 0.000000 0.000000 0.000000 0008 624176 -0.442518 0.678000 0.182053
0008 634185 0.018471 0.020140 -0.055530 1500 1500 1500 950 8 674011 0.000000 0.000000 0.000000 0.000000 0.000000 0.000000 0.000000 0008 674224 -1.195342 0.678000 0.182933
0008 686187 0.018480 0.020128 -0.055518 1500 1500 1500 950 8 723968 0.000000 0.000000 0.000000 0.000000 0.000000 0.000000 0.000000 0008 724304 -0.944407 0.678000 0.183636
0008 734222 0.018488 0.020136 -0.055538 1500 1500 1500 950 8 773834 0.000000 0.000000 0.000000 0.000000 0.000000 0.000000 0.000000 0008 774017 0.644989 0.678000 0.184199
0008 788116 0.018485 0.020145 -0.055527 1500 1500 1500 950 8 823944 0.000000 0.000000 0.000000 0.000000 0.000000 0.000000 0.000000 0008 824127 -0.693466 0.678000 0.184649
0008 834228 0.018496 0.020130 -0.055550 1500 1500 1500 950 8 874084 0.000000 0.000000 0.000000 0.000000 0.000000 0.000000 0.000000 0008 874267 0.143049 0.661050 0.181619
0008 887756 0.018494 0.020121 -0.055578 1500 1500 1500 950 8 924041 0.000000 0.000000 0.000000 0.000000 0.000000 0.000000 0.000000 0008 924224 -0.442518 0.678000 0.182585
0008 934265 0.018513 0.020122 -0.055605 1500 1500 1500 950 8 974121 0.000000 0.000000 0.000000 0.000000 0.000000 0.000000 0.000000 0008 974304 0.143049 0.678000 0.179968
0008 987609 0.018510 0.020118 -0.055645 1500 1500 1500 950 9 24170 0.000000 0.000000 0.000000 0.000000 0.000000 0.000000 0.000000 0009 024383 0.394016 0.678000 0.181265
0009 034240 0.018497 0.020126 -0.055662 1500 1500 1500 950 9 74188 0.000000 0.000000 0.000000 0.000000 0.000000 0.000000 0.000000 0009 074371 0.143049 0.678000 0.182302
0009 087799 0.018504 0.020128 -0.055682 1500 1500 1500 950 9 124267 0.000000 0.000000 0.000000 0.000000 0.000000 0.000000 0.000000 0009 124664 -0.191565 0.678000 0.183131
0009 134216 0.018526 0.020111 -0.055679 1500 1500 1500 950 9 174316 0.000000 0.000000 0.000000 0.000000 0.000000 0.000000 0.000000 0009 174682 -0.107913 0.661050 0.183795
0009 187622 0.018520 0.020102 -0.055690 1500 1500 1500 950 9 224517 0.000000 0.000000 0.000000 0.000000 0.000000 0.000000 0.000000 0009 224731 -0.442518 0.678000 0.184326
0009 234283 0.018531 0.020099 -0.055699 1500 1500 1500 950 9 274627 0.000000 0.000000 0.000000 0.000000 0.000000 0.000000 0.000000 0009 274810 -0.107913 0.678000 0.184751
0009 287811 0.018533 0.020116 -0.055740 1500 1500 1500 950 9 324676 0.000000 0.000000 0.000000 0.000000 0.000000 0.000000 0.000000 0009 324890 0.644989 0.678000 0.185091
0009 334198 0.018527 0.020115 -0.055762 1500 1500 1500 950 9 374694 0.000000 0.000000 0.000000 0.000000 0.000000 0.000000 0.000000 0009 374878 0.644989 0.678000 0.185363
0009 387634 0.018509 0.020118 -0.055763 1500 1500 1500 950 9 424682 0.000000 0.000000 0.000000 0.000000 0.000000 0.000000 0.000000 0009 424865 0.394016 0.678000 0.185580
0009 434173 0.018510 0.020130 -0.055783 1500 1500 1500 950 9 474670 0.000000 0.000000 0.000000 0.000000 0.000000 0.000000 0.000000 0009 474853 -0.442518 0.678000 0.182364
0009 486114 0.018519 0.020141 -0.055790 1500 1500 1500 950 9 524658 0.000000 0.000000 0.000000 0.000000 0.000000 0.000000 0.000000 0009 524841 0.895969 0.678000 0.179791
0009 534179 0.018530 0.020152 -0.055807 1500 1500 1500 950 9 574615 0.000000 0.000000 0.000000 0.000000 0.000000 0.000000 0.000000 0009 574951 -0.442518 0.678000 0.182188
0009 587616 0.018527 0.020198 -0.055838 1500 1500 1500 950 9 624633 0.000000 0.000000 0.000000 0.000000 0.000000 0.000000 0.000000 0009 624847 -0.107913 0.678000 0.183041
0009 634216 0.018513 0.020193 -0.055860 1500 1500 1500 950 9 674621 0.000000 0.000000 0.000000 0.000000 0.000000 0.000000 0.000000 0009 674804 -0.442518 0.661050 0.183723
0009 686157 0.018554 0.020208 -0.055860 1500 1500 1500 950 9 724640 0.000000 0.000000 0.000000 0.000000 0.000000 0.000000 0.000000 0009 724853 0.644989 0.661050 0.184268
0009 734222 0.018563 0.020220 -0.055883 1500 1500 1500 950 9 774658 0.000000 0.000000 0.000000 0.000000 0.000000 0.000000 0.000000 0009 774841 -0.693466 0.678000 0.184704
0009 787719 0.018547 0.020230 -0.055890 1500 1500 1500 950 9 824646 0.000000 0.000000 0.000000 0.000000 0.000000 0.000000 0.000000 0009 824859 0.143049 0.661050 0.185054
0009 834228 0.018551 0.020230 -0.055927 1500 1500 1500 950 9 874633 0.000000 0.000000 0.000000 0.000000 0.000000 0.000000 0.000000 0009 874878 0.394016 0.678000 0.181943
0009 887756 0.018546 0.020220 -0.055935 1500 1500 1500 950 9 924591 0.000000 0.000000 0.000000 0.000000 0.000000 0.000000 0.000000 0009 924774 -0.191565 0.678000 0.179454
0009 934234 0.018554 0.020216 -0.055950 1500 1500 1500 950 9 974609 0.000000 0.000000 0.000000 0.000000 0.000000 0.000000 0.000000 0009 974853 0.394016 0.678000 0.180853
0009 987701 0.018514 0.020226 -0.055941 1500 1500 1500 950 10 24597 0.000000 0.000000 0.000000 0.000000 0.000000 0.000000 0.000000 0010 024780 -0.191565 0.678000 0.181973
0010 034210 0.018523 0.020219 -0.055952 1500 1500 1500 950 10 74554 0.000000 0.000000 0.000000 0.000000 0.000000 0.000000 0.000000 0010 074737 -0.191565 0.678000 0.179478
0010 087768 0.018535 0.020234 -0.055969 1500 1500 1500 950 10 124542 0.000000 0.000000 0.000000 0.000000 0.000000 0.000000 0.000000 0010 124755 0.644989 0.678000 0.180873
0010 134216 0.018523 0.020237 -0.055983 1500 1500 1500 950 10 174591 0.000000 0.000000 0.000000 0.000000 0.000000 0.000000 0.000000 0010 174804 -0.442518 0.678000 0.178598
0010 187591 0.018517 0.020204 -0.055997 1500 1500 1500 950 10 224578 0.000000 0.000000 0.000000 0.000000 0.000000 0.000000 0.000000 0010 224762 0.394016 0.678000 0.180168
0010 234375 0.018555 0.020190 -0.056011 1500 1500 1500 950 10 274597 0.000000 0.000000 0.000000 0.000000 0.000000 0.000000 0.000000 0010 274780 0.394016 0.678000 0.178035
0010 286102 0.018526 0.020196 -0.056031 1500 1500 1500 950 10 324554 0.000000 0.000000 0.000000 0.000000 0.000000 0.000000 0.000000 0010 324737 0.394016 0.678000 0.183108
0010 334167 0.018524 0.020217 -0.056059 1500 1500 1500 950 10 374572 0.000000 0.000000 0.000000 0.000000 0.000000 0.000000 0.000000 0010 374786 0.059394 0.678000 0.183776
0010 387603 0.018525 0.020216 -0.056070 1500 1500 1500 950 10 424560 0.000000 0.000000 0.000000 0.000000 0.000000 0.000000 0.000000 0010 424774 0.143049 0.678000 0.184311
0010 434112 0.018496 0.020219 -0.056092 1500 1500 1500 950 10 474578 0.000000 0.000000 0.000000 0.000000 0.000000 0.000000 0.000000 0010 474762 -0.693466 0.678000 0.184739
0010 487793 0.018496 0.020206 -0.056121 1500 1500 1500 950 10 524597 0.000000 0.000000 0.000000 0.000000 0.000000 0.000000 0.000000 0010 524780 0.059394 0.678000 0.185081
0010 535827 0.018480 0.020211 -0.056111 1500 1500 1500 950 10 574585 0.000000 0.000000 0.000000 0.000000 0.000000 0.000000 0.000000 0010 574768 -0.442518 0.678000 0.185355
0010 588134 0.018426 0.020221 -0.056111 1500 1500 1000 950 10 624786 0.000000 0.000000 0.000000 0.000000 0.000000 0.000000 0.000000 0010 625000 -0.191565 0.678000 0.182184
0010 634216 0.018452 0.020243 -0.000003 1500 1500 1000 950 10 674743 0.000000 0.000000 0.000000 0.000000 0.000000 0.000000 0.000000 0010 675048 -0.944407 0.678000 0.179647
0010 687683 0.018680 0.019905 -0.000005 1500 1500 1000 950 10 724670 0.000000 0.000000 0.000000 0.000000 0.000000 0.000000 0.000000 0010 724853 -0.191565 0.678000 0.181008
0010 734192 0.019224 0.018873 0.000009 1500 1500 1000 950 10 774719 0.000000 0.000000 0.000000 0.000000 0.000000 0.000000 0.000000 0010 774902 0.059394 0.678000 0.182096
0010 787567 0.019817 0.018303 0.000006 1500 1500 1000 950 10 824646 0.000000 0.000000 0.000000 0.000000 0.000000 0.000000 0.000000 0010 824829 0.143049 0.678000 0.182967
0010 834076 0.020236 0.017920 0.000008 1500 1500 1000 950 10 874725 0.000000 0.000000 0.000000 0.000000 0.000000 0.000000 0.000000 0010 874969 -0.191565 0.678000 0.183664
0010 886169 0.020401 0.017517 -0.000010 1500 1500 1000 950 10 924682 0.000000 0.000000 0.000000 0.000000 0.000000 0.000000 0.000000 0010 924896 -0.693466 0.678000 0.180831
0010 934021 0.020541 0.017329 0.000011 1500 1500 1000 950 10 974640 0.000000 0.000000 0.000000 0.000000 0.000000 0.000000 0.000000 0010 974884 -0.191565 0.678000 0.181955
0010 987365 0.020607 0.017252 0.000003 1500 1500 1000 950 11 24627 0.000000 0.000000 0.000000 0.000000 0.000000 0.000000 0.000000 0011 024810 -0.442518 0.678000 0.182854
0011 034057 0.020554 0.017210 -0.000014 1500 1500 1000 950 11 74798 0.000000 0.000000 0.000000 0.000000 0.000000 0.000000 0.000000 0011 074981 -0.442518 0.678000 0.183573
0011 086090 0.020932 0.016916 -0.000011 1500 1500 1000 950 11 124786 0.000000 0.000000 0.000000 0.000000 0.000000 0.000000 0.000000 0011 124969 0.644989 0.678000 0.180758
0011 134033 0.020893 0.017159 -0.000016 1500 1500 1000 950 11 174926 0.000000 0.000000 0.000000 0.000000 0.000000 0.000000 0.000000 0011 175140 0.895969 0.678000 0.181897
0011 187500 0.021026 0.017028 -0.000004 1500 1500 1000 950 11 224823 0.000000 0.000000 0.000000 0.000000 0.000000 0.000000 0.000000 0011 225250 -0.191565 0.678000 0.182807
0011 234161 0.021201 0.017209 -0.000001 1500 1500 1000 950 11 274902 0.000000 0.000000 0.000000 0.000000 0.000000 0.000000 0.000000 0011 275146 0.143049 0.678000 0.183536
0011 286102 0.021320 0.017287 -0.000008 1500 1500 1000 950 11 325042 0.000000 0.000000 0.000000 0.000000 0.000000 0.000000 0.000000 0011 325225 -0.191565 0.678000 0.184119
0011 334045 0.021635 0.017191 0.000008 1500 1500 1000 950 11 374939 0.000000 0.000000 0.000000 0.000000 0.000000 0.000000 0.000000 0011 375122 0.394016 0.678000 0.184585
0011 387481 0.021221 0.017183 0.000013 1500 1500 1000 950 11 424957 0.000000 0.000000 0.000000 0.000000 0.000000 0.000000 0.000000 0011 425140 -0.442518 0.678000 0.184958
0011 434082 0.020745 0.017379 0.000025 1500 1500 1000 950 11 475036 0.000000 0.000000 0.000000 0.000000 0.000000 0.000000 0.000000 0011 475250 -0.442518 0.678000 0.185256
0011 487701 0.021228 0.017453 0.000026 1500 1500 1000 950 11 524963 0.000000 0.000000 0.000000 0.000000 0.000000 0.000000 0.000000 0011 525177 -0.191565 0.678000 0.182105
0011 534057 0.020922 0.017314 0.000016 1500 1500 1000 950 11 575073 0.000000 0.000000 0.000000 0.000000 0.000000 0.000000 0.000000 0011 575348 0.059394 0.678000 0.182974
0011 587982 0.021064 0.017188 -0.000007 1500 1500 1000 950 11 625000 0.000000 0.000000 0.000000 0.000000 0.000000 0.000000 0.000000 0011 625183 -0.442518 0.678000 0.180279
0011 634124 0.020811 0.017074 -0.000035 1500 1500 1000 950 11 675018 0.000000 0.000000 0.000000 0.000000 0.000000 0.000000 0.000000 0011 675232 -0.442518 0.678000 0.181513
0011 687713 0.020884 0.017401 -0.000047 1500 1500 1000 950 11 724975 0.000000 0.000000 0.000000 0.000000 0.000000 0.000000 0.000000 0011 725158 0.644989 0.678000 0.182501
0011 734161 0.021024 0.017387 -0.000036 1500 1500 1000 950 11 774902 0.000000 0.000000 0.000000 0.000000 0.000000 0.000000 0.000000 0011 775085 0.143049 0.678000 0.183291
0011 787536 0.021061 0.017378 -0.000013 1500 1500 1000 950 11 825012 0.000000 0.000000 0.000000 0.000000 0.000000 0.000000 0.000000 0011 825225 -0.442518 0.678000 0.183922
0011 834045 0.021115 0.017375 -0.000007 1500 1500 1000 950 11 874908 0.000000 0.000000 0.000000 0.000000 0.000000 0.000000 0.000000 0011 875122 -0.442518 0.678000 0.184428
0011 887695 0.021152 0.017385 0.000014 1500 1500 1000 950 11 924926 0.000000 0.000000 0.000000 0.000000 0.000000 0.000000 0.000000 0011 925109 0.059394 0.678000 0.184832
0011 934021 0.021163 0.017364 0.000027 1500 1500 1000 950 11 974945 0.000000 0.000000 0.000000 0.000000 0.000000 0.000000 0.000000 0011 975128 0.059394 0.678000 0.185156
0011 987548 0.021161 0.017409 0.000033 1500 1500 1000 950 12 24994 0.000000 0.000000 0.000000 0.000000 0.000000 0.000000 0.000000 0012 025177 -0.442518 0.678000 0.185415
0012 034027 0.021170 0.017406 0.000044 1500 1500 1000 950 12 74951 0.000000 0.000000 0.000000 0.000000 0.000000 0.000000 0.000000 0012 075134 0.394016 0.678000 0.185622
0012 087677 0.021191 0.017411 0.000056 1500 1500 1000 950 12 124939 0.000000 0.000000 0.000000 0.000000 0.000000 0.000000 0.000000 0012 125122 0.644989 0.678000 0.185787
0012 134033 0.021178 0.017405 0.000050 1500 1500 1000 950 12 174926 0.000000 0.000000 0.000000 0.000000 0.000000 0.000000 0.000000 0012 175109 0.895969 0.678000 0.185920
0012 187469 0.021173 0.017374 0.000057 1500 1500 1000 950 12 224975 0.000000 0.000000 0.000000 0.000000 0.000000 0.000000 0.000000 0012 225189 0.895969 0.678000 0.186026
0012 234222 0.021203 0.017391 0.000057 1500 1500 1000 950 12 274902 0.000000 0.000000 0.000000 0.000000 0.000000 0.000000 0.000000 0012 275146 -0.191565 0.661050 0.186111
0012 287658 0.021188 0.017398 0.000099 1500 1500 1000 950 12 324890 0.000000 0.000000 0.000000 0.000000 0.000000 0.000000 0.000000 0012 325073 0.059394 0.678000 0.186179
0012 334045 0.021213 0.017410 0.000104 1500 1500 1000 950 12 374817 0.000000 0.000000 0.000000 0.000000 0.000000 0.000000 0.000000 0012 375061 0.644989 0.678000 0.186233
0012 388000 0.021244 0.017439 0.000102 1500 1500 1000 950 12 424835 0.000000 0.000000 0.000000 0.000000 0.000000 0.000000 0.000000 0012 425018 -0.191565 0.661050 0.182886
0012 434021 0.021283 0.017459 0.000121 1500 1500 1000 950 12 474762 0.000000 0.000000 0.000000 0.000000 0.000000 0.000000 0.000000 0012 475006 0.059394 0.661050 0.180209
0012 486053 0.021330 0.017475 0.000144 1500 1500 1000 950 12 524780 0.000000 0.000000 0.000000 0.000000 0.000000 0.000000 0.000000 0012 524963 0.644989 0.678000 0.178067
0012 534057 0.021319 0.017465 0.000165 1500 1500 1000 950 12 574707 0.000000 0.000000 0.000000 0.000000 0.000000 0.000000 0.000000 0012 574890 0.059394 0.661050 0.176354
0012 587860 0.021344 0.017450 0.000188 1500 1500 1000 950 12 624786 0.000000 0.000000 0.000000 0.000000 0.000000 0.000000 0.000000 0012 624969 0.059394 0.678000 0.178373
0012 634094 0.021347 0.017437 0.000194 1500 1500 1000 950 12 674713 0.000000 0.000000 0.000000 0.000000 0.000000 0.000000 0.000000 0012 674957 -0.693466 0.678000 0.179988
0012 687683 0.021339 0.017428 0.000201 1500 1500 1000 950 12 724670 0.000000 0.000000 0.000000 0.000000 0.000000 0.000000 0.000000 0012 724884 -0.944407 0.678000 0.181281
0012 734130 0.021343 0.017434 0.000211 1500 1500 1000 950 12 774780 0.000000 0.000000 0.000000 0.000000 0.000000 0.000000 0.000000 0012 774963 -0.442518 0.678000 0.182315
0012 788025 0.021343 0.017460 0.000219 1500 1500 1000 950 12 824737 0.000000 0.000000 0.000000 0.000000 0.000000 0.000000 0.000000 0012 824951 0.059394 0.678000 0.179752
0012 834045 0.021326 0.017490 0.000215 1500 1500 1000 950 12 874664 0.000000 0.000000 0.000000 0.000000 0.000000 0.000000 0.000000 0012 874847 -0.442518 0.678000 0.181091
0012 887664 0.021310 0.017480 0.000226 1500 1500 1000 950 12 924652 0.000000 0.000000 0.000000 0.000000 0.000000 0.000000 0.000000 0012 924835 0.394016 0.661050 0.182163
0012 934051 0.021312 0.017493 0.000231 1500 1500 1000 950 12 974731 0.000000 0.000000 0.000000 0.000000 0.000000 0.000000 0.000000 0012 974975 -0.442518 0.661050 0.183020
0012 987426 0.021327 0.017521 0.000231 1500 1500 1000 950 13 24780 0.000000 0.000000 0.000000 0.000000 0.000000 0.000000 0.000000 0013 024963 0.059394 0.661050 0.180316
0013 034027 0.021355 0.017540 0.000234 1500 1500 1000 950 13 74676 0.000000 0.000000 0.000000 0.000000 0.000000 0.000000 0.000000 0013 074890 0.394016 0.678000 0.181543
0013 087616 0.021351 0.017544 0.000241 1500 1500 1000 950 13 124817 0.000000 0.000000 0.000000 0.000000 0.000000 0.000000 0.000000 0013 125000 -0.442518 0.661050 0.179134
0013 134063 0.021383 0.017531 0.000255 1500 1500 1000 950 13 174865 0.000000 0.000000 0.000000 0.000000 0.000000 0.000000 0.000000 0013 175048 0.059394 0.661050 0.180598
0013 187469 0.021431 0.017553 0.000256 1500 1500 1000 950 13 224823 0.000000 0.000000 0.000000 0.000000 0.000000 0.000000 0.000000 0013 225006 0.059394 0.661050 0.181768
0013 234527 0.021445 0.017560 0.000256 1500 1500 1000 950 13 274719 0.000000 0.000000 0.000000 0.000000 0.000000 0.000000 0.000000 0013 274902 -0.442518 0.678000 0.182704
0013 287628 0.021447 0.017537 0.000266 1500 1500 1000 950 13 324829 0.000000 0.000000 0.000000 0.000000 0.000000 0.000000 0.000000 0013 325012 0.394016 0.661050 0.180064
0013 335724 0.021448 0.017524 0.000263 1500 1500 1000 950 13 374725 0.000000 0.000000 0.000000 0.000000 0.000000 0.000000 0.000000 0013 374939 -0.693466 0.678000 0.181341
0013 387451 0.021451 0.017554 0.000269 1500 1500 1000 950 13 424804 0.000000 0.000000 0.000000 0.000000 0.000000 0.000000 0.000000 0013 425018 -0.442518 0.661050 0.182363
0013 434448 0.021421 0.017572 0.000278 1500 1500 1000 950 13 474670 0.000000 0.000000 0.000000 0.000000 0.000000 0.000000 0.000000 0013 474853 -0.442518 0.661050 0.183180
0013 487640 0.021437 0.017585 0.000296 1500 1500 1000 950 13 524780 0.000000 0.000000 0.000000 0.000000 0.000000 0.000000 0.000000 0013 524963 0.394016 0.661050 0.183834
0013 534057 0.021442 0.017613 0.000283 1500 1500 1000 950 13 574646 0.000000 0.000000 0.000000 0.000000 0.000000 0.000000 0.000000 0013 574859 0.059394 0.678000 0.184357
0013 587463 0.021452 0.017617 0.000284 1500 1500 1000 950 13 624755 0.000000 0.000000 0.000000 0.000000 0.000000 0.000000 0.000000 0013 624969 0.059394 0.661050 0.184776
0013 634399 0.021438 0.017620 0.000279 1500 1500 1000 950 13 674652 0.000000 0.000000 0.000000 0.000000 0.000000 0.000000 0.000000 0013 674865 0.394016 0.661050 0.185111
0013 687622 0.021456 0.017621 0.000283 1500 1500 1000 950 13 724609 0.000000 0.000000 0.000000 0.000000 0.000000 0.000000 0.000000 0013 724914 -0.442518 0.661050 0.185379
0013 734436 0.021459 0.017617 0.000301 1500 1500 1000 950 13 774688 0.000000 0.000000 0.000000 0.000000 0.000000 0.000000 0.000000 0013 774871 -1.195342 0.661050 0.185593
0013 787414 0.021478 0.017629 0.000297 1500 1500 1000 950 13 824737 0.000000 0.000000 0.000000 0.000000 0.000000 0.000000 0.000000 0013 824920 -0.442518 0.661050 0.182374
0013 834167 0.021498 0.017644 0.000308 1500 1500 1000 950 13 874603 0.000000 0.000000 0.000000 0.000000 0.000000 0.000000 0.000000 0013 874817 -0.442518 0.678000 0.183189
0013 887603 0.021483 0.017636 0.000314 1500 1500 1000 950 13 924682 0.000000 0.000000 0.000000 0.000000 0.000000 0.000000 0.000000 0013 924865 -0.191565 0.678000 0.183842
0013 933990 0.021484 0.017642 0.000336 1500 1500 1000 950 13 974731 0.000000 0.000000 0.000000 0.000000 0.000000 0.000000 0.000000 0013 974975 0.059394 0.678000 0.184363
0013 987426 0.021511 0.017618 0.000355 1500 1500 1000 950 14 24658 0.000000 0.000000 0.000000 0.000000 0.000000 0.000000 0.000000 0014 024841 -1.195342 0.678000 0.184781
0014 033996 0.021484 0.017642 0.000377 1500 1500 1000 950 14 74707 0.000000 0.000000 0.000000 0.000000 0.000000 0.000000 0.000000 0014 074951 -0.442518 0.711900 0.188504
0014 087524 0.021493 0.017638 0.000374 1500 1500 1000 950 14 124755 0.000000 0.000000 0.000000 0.000000 0.000000 0.000000 0.000000 0014 124969 0.394016 0.661050 0.188094
0014 134094 0.021496 0.017656 0.000370 1500 1500 1000 950 14 174774 0.000000 0.000000 0.000000 0.000000 0.000000 0.000000 0.000000 0014 174957 -1.446272 0.661050 0.187765
0014 187439 0.021501 0.017695 0.000356 1500 1500 1500 1000 14 224884 0.000000 0.000000 0.000000 0.000000 0.000000 0.000000 0.000000 0014 225067 -0.442518 0.661050 0.184112
0014 234344 0.021493 0.017691 0.000356 1500 1500 1500 1000 14 274810 0.000000 0.000000 0.000000 0.000000 0.000000 0.000000 0.000000 0014 275024 -0.944407 0.661050 0.184580
0014 287567 0.021510 0.017713 0.000335 1500 1500 1500 1000 14 324890 0.000000 0.000000 0.000000 0.000000 0.000000 0.000000 0.000000 0014 325103 -0.944407 0.661050 0.181564
0014 334015 0.021486 0.017717 0.000347 1500 1500 1500 1000 14 374755 0.000000 0.000000 0.000000 0.000000 0.000000 0.000000 0.000000 0014 374969 0.394016 0.661050 0.182541
0014 387512 0.021464 0.017712 0.000358 1500 1500 1500 1000 14 424743 0.000000 0.000000 0.000000 0.000000 0.000000 0.000000 0.000000 0014 424957 0.394016 0.678000 0.183323
0014 434051 0.021496 0.017686 0.000366 1500 1500 1500 1000 14 474792 0.000000 0.000000 0.000000 0.000000 0.000000 0.000000 0.000000 0014 475036 -0.442518 0.661050 0.180558
0014 485931 0.021491 0.017682 0.000402 1500 1500 1500 1000 14 524780 0.000000 0.000000 0.000000 0.000000 0.000000 0.000000 0.000000 0014 524963 -0.191565 0.661050 0.181737
0014 533966 0.021457 0.017703 0.000399 1500 1500 1500 1000 14 574798 0.000000 0.000000 0.000000 0.000000 0.000000 0.000000 0.000000 0014 575042 -0.442518 0.661050 0.179289
0014 587310 0.021478 0.017716 0.000428 1500 1500 1500 1000 14 624755 0.000000 0.000000 0.000000 0.000000 0.000000 0.000000 0.000000 0014 624969 -0.693466 0.661050 0.177331
0014 633972 0.021472 0.017733 0.000434 1500 1500 1500 1000 14 674774 0.000000 0.000000 0.000000 0.000000 0.000000 0.000000 0.000000 0014 675018 -0.693466 0.661050 0.179155
0014 685943 0.021501 0.017746 0.000434 1500 1500 1500 1000 14 724701 0.000000 0.000000 0.000000 0.000000 0.000000 0.000000 0.000000 0014 724914 -0.442518 0.661050 0.180614
0014 734069 0.021494 0.017744 0.000445 1500 1500 1500 1000 14 774719 0.000000 0.000000 0.000000 0.000000 0.000000 0.000000 0.000000 0014 774902 -1.195342 0.661050 0.181781
0014 787353 0.021508 0.017748 0.000465 1500 1500 1500 1000 14 824676 0.000000 0.000000 0.000000 0.000000 0.000000 0.000000 0.000000 0014 824859 -1.446272 0.661050 0.182715
0014 834228 0.021531 0.017765 0.000459 1500 1500 1500 1000 14 874603 0.000000 0.000000 0.000000 0.000000 0.000000 0.000000 0.000000 0014 874817 0.644989 0.661050 0.180072
0014 886261 0.021530 0.017794 0.000460 1500 1500 1500 1000 14 924621 0.000000 0.000000 0.000000 0.000000 0.000000 0.000000 0.000000 0014 924835 -0.442518 0.661050 0.181348
0014 934204 0.021531 0.017810 0.000472 1500 1500 1500 1000 14 974609 0.000000 0.000000 0.000000 0.000000 0.000000 0.000000 0.000000 0014 974792 -0.191565 0.678000 0.182368
0014 987457 0.021534 0.017812 0.000469 1500 1500 1500 1000 15 24505 0.000000 0.000000 0.000000 0.000000 0.000000 0.000000 0.000000 0015 024719 0.059394 0.661050 0.183184
0015 034057 0.021550 0.017779 0.000451 1500 1500 1500 1000 15 74524 0.000000 0.000000 0.000000 0.000000 0.000000 0.000000 0.000000 0015 074707 -0.442518 0.661050 0.183838
0015 085998 0.021553 0.017798 0.000480 1500 1500 1500 1000 15 124481 0.000000 0.000000 0.000000 0.000000 0.000000 0.000000 0.000000 0015 124664 -0.693466 0.661050 0.184360
0015 134002 0.021548 0.017788 0.000482 1500 1500 1500 1000 15 174530 0.000000 0.000000 0.000000 0.000000 0.000000 0.000000 0.000000 0015 174743 -0.442518 0.678000 0.184778
0015 187408 0.021566 0.017801 0.000482 1500 1500 1500 1000 15 224456 0.000000 0.000000 0.000000 0.000000 0.000000 0.000000 0.000000 0015 224640 -0.442518 0.661050 0.181722
0015 234069 0.021564 0.017790 0.000481 1500 1500 1500 1000 15 274505 0.000000 0.000000 0.000000 0.000000 0.000000 0.000000 0.000000 0015 274688 -0.693466 0.661050 0.179278
0015 285919 0.021567 0.017805 0.000475 1500 1500 1500 1000 15 324585 0.000000 0.000000 0.000000 0.000000 0.000000 0.000000 0.000000 0015 324768 -0.442518 0.661050 0.177322
0015 335632 0.021581 0.017824 0.000483 1500 1500 1500 1000 15 374633 0.000000 0.000000 0.000000 0.000000 0.000000 0.000000 0.000000 0015 374817 -0.442518 0.661050 0.179148
0015 387390 0.021608 0.017863 0.000491 1500 1500 1500 1000 15 424499 0.000000 0.000000 0.000000 0.000000 0.000000 0.000000 0.000000 0015 424713 0.394016 0.661050 0.177218
0015 433929 0.021642 0.017871 0.000480 1500 1500 1500 1000 15 474456 0.000000 0.000000 0.000000 0.000000 0.000000 0.000000 0.000000 0015 474640 -0.442518 0.661050 0.179065
0015 487548 0.021650 0.017873 0.000498 1500 1500 1500 1000 15 524566 0.000000 0.000000 0.000000 0.000000 0.000000 0.000000 0.000000 0015 524749 -1.195342 0.678000 0.180542
0015 533935 0.021662 0.017873 0.000489 1500 1500 1500 1000 15 574554 0.000000 0.000000 0.000000 0.000000 0.000000 0.000000 0.000000 0015 574737 -0.442518 0.661050 0.181723
0015 587890 0.021654 0.017857 0.000494 1500 1500 1500 1000 15 624481 0.000000 0.000000 0.000000 0.000000 0.000000 0.000000 0.000000 0015 624664 -0.693466 0.661050 0.182669
0015 633941 0.021672 0.017841 0.000503 1500 1500 1500 1000 15 674469 0.000000 0.000000 0.000000 0.000000 0.000000 0.000000 0.000000 0015 674652 -1.195342 0.661050 0.183425
0015 687561 0.021664 0.017822 0.000523 1500 1500 1500 1000 15 724578 0.000000 0.000000 0.000000 0.000000 0.000000 0.000000 0.000000 0015 724762 -0.442518 0.661050 0.180640
0015 734069 0.021648 0.017816 0.000534 1500 1500 1500 1000 15 774536 0.000000 0.000000 0.000000 0.000000 0.000000 0.000000 0.000000 0015 774719 -0.944407 0.661050 0.181802
0015 787872 0.021643 0.017826 0.000572 1500 1500 1500 1000 15 824463 0.000000 0.000000 0.000000 0.000000 0.000000 0.000000 0.000000 0015 824646 0.059394 0.661050 0.182732
0015 833953 0.021640 0.017820 0.000591 1500 1500 1500 1000 15 874542 0.000000 0.000000 0.000000 0.000000 0.000000 0.000000 0.000000 0015 874755 -0.191565 0.661050 0.180085
0015 885955 0.021648 0.017823 0.000604 1500 1500 1500 1000 15 924469 0.000000 0.000000 0.000000 0.000000 0.000000 0.000000 0.000000 0015 924652 -0.191565 0.661050 0.181358
0015 933990 0.021664 0.017827 0.000638 1500 1500 1500 1000 15 974548 0.000000 0.000000 0.000000 0.000000 0.000000 0.000000 0.000000 0015 974792 0.394016 0.661050 0.182377
0015 987365 0.021646 0.017821 0.000638 1500 1500 1500 1000 16 24475 0.000000 0.000000 0.000000 0.000000 0.000000 0.000000 0.000000 0016 024658 -0.693466 0.661050 0.183191
0016 033966 0.021626 0.017822 0.000651 1500 1500 1500 1000 16 74524 0.000000 0.000000 0.000000 0.000000 0.000000 0.000000 0.000000 0016 074737 -0.191565 0.661050 0.180453
0016 087555 0.021589 0.017818 0.000660 1500 1500 1500 1000 16 124511 0.000000 0.000000 0.000000 0.000000 0.000000 0.000000 0.000000 0016 124694 -0.442518 0.661050 0.181652
0016 134002 0.021572 0.017830 0.000671 1500 1500 1500 1000 16 174591 0.000000 0.000000 0.000000 0.000000 0.000000 0.000000 0.000000 0016 174835 -0.191565 0.661050 0.182612
0016 187866 0.021560 0.017823 0.000676 1500 1500 1500 1000 16 224640 0.000000 0.000000 0.000000 0.000000 0.000000 0.000000 0.000000 0016 224823 0.394016 0.661050 0.183380
0016 233978 0.021555 0.017811 0.000684 1500 1500 1500 1000 16 274749 0.000000 0.000000 0.000000 0.000000 0.000000 0.000000 0.000000 0016 274932 -0.944407 0.678000 0.183994
0016 287536 0.021567 0.017800 0.000694 1500 1500 1500 1000 16 324829 0.000000 0.000000 0.000000 0.000000 0.000000 0.000000 0.000000 0016 325012 -0.442518 0.678000 0.184485
0016 333953 0.021557 0.017793 0.000706 1500 1500 1500 1000 16 374878 0.000000 0.000000 0.000000 0.000000 0.000000 0.000000 0.000000 0016 375061 -0.442518 0.661050 0.181488
0016 387329 0.021573 0.017829 0.000705 1500 1500 1500 1000 16 424804 0.000000 0.000000 0.000000 0.000000 0.000000 0.000000 0.000000 0016 425018 -0.442518 0.661050 0.179090
0016 433899 0.021588 0.017841 0.000719 1500 1500 1500 1000 16 474823 0.000000 0.000000 0.000000 0.000000 0.000000 0.000000 0.000000 0016 475067 -0.442518 0.661050 0.180562
0016 486175 0.021595 0.017839 0.000715 1500 1500 1500 1000 16 524688 0.000000 0.000000 0.000000 0.000000 0.000000 0.000000 0.000000 0016 524871 -1.446272 0.661050 0.181740
0016 533905 0.021624 0.017833 0.000726 1500 1500 1500 1000 16 574707 0.000000 0.000000 0.000000 0.000000 0.000000 0.000000 0.000000 0016 574951 -0.944407 0.661050 0.179292
0016 587402 0.021643 0.017862 0.000743 1500 1500 1500 1000 16 624755 0.000000 0.000000 0.000000 0.000000 0.000000 0.000000 0.000000 0016 624939 -0.944407 0.661050 0.180723
0016 633941 0.021648 0.017884 0.000748 1500 1500 1500 1000 16 674743 0.000000 0.000000 0.000000 0.000000 0.000000 0.000000 0.000000 0016 674957 -0.944407 0.678000 0.181869
0016 687561 0.021655 0.017891 0.000753 1500 1500 1500 1000 16 724762 0.000000 0.000000 0.000000 0.000000 0.000000 0.000000 0.000000 0016 724945 -0.944407 0.661050 0.182785
0016 734008 0.021649 0.017917 0.000758 1500 1500 1500 1000 16 774719 0.000000 0.000000 0.000000 0.000000 0.000000 0.000000 0.000000 0016 774932 -0.944407 0.661050 0.183518
0016 787323 0.021638 0.017939 0.000775 1500 1500 1500 1000 16 824737 0.000000 0.000000 0.000000 0.000000 0.000000 0.000000 0.000000 0016 824951 -1.195342 0.661050 0.180714
0016 833923 0.021667 0.017944 0.000795 1500 1500 1500 1000 16 874817 0.000000 0.000000 0.000000 0.000000 0.000000 0.000000 0.000000 0016 875030 0.059394 0.661050 0.178472
0016 887512 0.021670 0.017974 0.000815 1500 1500 1500 1000 16 924835 0.000000 0.000000 0.000000 0.000000 0.000000 0.000000 0.000000 0016 925018 0.059394 0.661050 0.176677
0016 933899 0.021685 0.018021 0.000838 1500 1500 1500 1000 16 974762 0.000000 0.000000 0.000000 0.000000 0.000000 0.000000 0.000000 0016 975006 0.394016 0.661050 0.175242
0016 987365 0.021675 0.018059 0.000838 1500 1500 1500 1000 17 24780 0.000000 0.000000 0.000000 0.000000 0.000000 0.000000 0.000000 0017 024963 -0.442518 0.661050 0.177483
0017 033874 0.021682 0.018063 0.000865 1500 1500 1500 1000 17 74707 0.000000 0.000000 0.000000 0.000000 0.000000 0.000000 0.000000 0017 074890 -0.442518 0.661050 0.179277
0017 087524 0.021686 0.018046 0.000881 1500 1500 1500 1000 17 124755 0.000000 0.000000 0.000000 0.000000 0.000000 0.000000 0.000000 0017 124939 -0.442518 0.661050 0.180711
0017 133880 0.021665 0.018035 0.000877 1500 1500 1500 1000 17 174682 0.000000 0.000000 0.000000 0.000000 0.000000 0.000000 0.000000 0017 174865 -0.944407 0.661050 0.181859
0017 187835 0.021660 0.018023 0.000897 1500 1500 1500 1000 17 224670 0.000000 0.000000 0.000000 0.000000 0.000000 0.000000 0.000000 0017 224884 -0.191565 0.661050 0.182777
0017 233978 0.021638 0.018010 0.000898 1500 1500 1500 1000 17 274536 0.000000 0.000000 0.000000 0.000000 0.000000 0.000000 0.000000 0017 274749 -0.693466 0.661050 0.183512
0017 285888 0.021647 0.017996 0.000894 1500 1500 1500 1000 17 324493 0.000000 0.000000 0.000000 0.000000 0.000000 0.000000 0.000000 0017 324676 0.644989 0.661050 0.184099
0017 333862 0.021658 0.017995 0.000893 1500 1500 1500 1000 17 374572 0.000000 0.000000 0.000000 0.000000 0.000000 0.000000 0.000000 0017 374755 0.059394 0.661050 0.184570
0017 387268 0.021663 0.017996 0.000904 1500 1500 1500 1000 17 424560 0.000000 0.000000 0.000000 0.000000 0.000000 0.000000 0.000000 0017 424743 0.059394 0.661050 0.184946
0017 433838 0.021671 0.017979 0.000890 1500 1500 1500 1000 17 474487 0.000000 0.000000 0.000000 0.000000 0.000000 0.000000 0.000000 0017 474731 -0.191565 0.661050 0.181857
0017 487548 0.021659 0.017970 0.000894 1500 1500 1500 1000 17 524505 0.000000 0.000000 0.000000 0.000000 0.000000 0.000000 0.000000 0017 524719 -1.195342 0.661050 0.182775
0017 534271 0.021677 0.017968 0.000931 1500 1500 1500 1000 17 574401 0.000000 0.000000 0.000000 0.000000 0.000000 0.000000 0.000000 0017 574585 -0.693466 0.661050 0.183510
0017 587402 0.021695 0.017975 0.000934 1500 1500 1500 1000 17 624298 0.000000 0.000000 0.000000 0.000000 0.000000 0.000000 0.000000 0017 624603 0.059394 0.678000 0.184098
0017 634185 0.021695 0.017970 0.000964 1500 1500 1500 1000 17 674408 0.000000 0.000000 0.000000 0.000000 0.000000 0.000000 0.000000 0017 674591 -0.191565 0.661050 0.184569
0017 685852 0.021698 0.017947 0.000958 1500 1500 1500 1000 17 724517 0.000000 0.000000 0.000000 0.000000 0.000000 0.000000 0.000000 0017 724701 -1.195342 0.678000 0.184945
0017 735504 0.021702 0.017939 0.000974 1500 1500 1500 1000 17 774414 0.000000 0.000000 0.000000 0.000000 0.000000 0.000000 0.000000 0017 774597 -0.693466 0.661050 0.185246
0017 787292 0.021686 0.017923 0.000981 1500 1500 1500 1000 17 824493 0.000000 0.000000 0.000000 0.000000 0.000000 0.000000 0.000000 0017 824676 0.059394 0.661050 0.185487
0017 834045 0.021699 0.017925 0.000990 1500 1500 1500 1000 17 874572 0.000000 0.000000 0.000000 0.000000 0.000000 0.000000 0.000000 0017 874786 0.059394 0.661050 0.185679
0017 885833 0.021726 0.017920 0.001003 1500 1500 1500 1000 17 924530 0.000000 0.000000 0.000000 0.000000 0.000000 0.000000 0.000000 0017 924743 -0.191565 0.661050 0.185833
0017 933868 0.021740 0.017938 0.001023 1500 1500 1500 1000 17 974426 0.000000 0.000000 0.000000 0.000000 0.000000 0.000000 0.000000 0017 974640 -0.442518 0.661050 0.185957
0017 987396 0.021746 0.017928 0.001021 1500 1500 1500 1000 18 24353 0.000000 0.000000 0.000000 0.000000 0.000000 0.000000 0.000000 0018 024566 -0.944407 0.661050 0.186055
0018 033813 0.021741 0.017924 0.001011 1500 1500 1500 1000 18 74432 0.000000 0.000000 0.000000 0.000000 0.000000 0.000000 0.000000 0018 074615 -0.944407 0.661050 0.186134
0018 087371 0.021752 0.017933 0.001010 1500 1500 1500 1000 18 124420 0.000000 0.000000 0.000000 0.000000 0.000000 0.000000 0.000000 0018 124694 0.059394 0.661050 0.186197
0018 133941 0.021790 0.017927 0.001029 1500 1500 1500 1680 18 174316 0.000000 0.000000 0.000000 0.000000 0.000000 0.050000 26.896339 0018 174530 -0.693466 0.661050 0.186248
0018 187286 0.021803 0.017935 0.001036 1500 1500 1500 1715 18 224395 0.000000 0.000000 0.000000 0.000000 0.000000 0.100000 28.885538 0018 224578 -0.944407 0.661050 0.186288
0018 233886 0.021798 0.017942 0.001039 1500 1500 1500 1740 18 274475 0.001388 -0.000001 0.000000 0.000000 0.000000 0.150000 30.306482 0018 274658 0.895969 0.678000 0.186321
0018 287384 0.021817 0.017899 0.001032 1500 1500 1500 1755 18 324585 0.001388 -0.000001 0.000000 0.000000 0.000000 0.200000 31.175537 0018 324798 -0.693466 0.711900 0.193127
0018 333831 0.021881 0.018136 0.000373 1500 1500 1500 1768 18 374755 0.005063 -0.000004 0.000000 0.000000 0.000000 0.250000 31.917188 0018 374939 0.059394 0.661050 0.195181
0018 387420 0.021950 0.019121 -0.000040 1500 1500 1500 1779 18 424621 0.005063 -0.000004 0.000000 0.000000 0.000000 0.300000 32.551115 0018 424835 -0.191565 0.661050 0.193435
0018 433899 0.021963 0.018234 0.000946 1500 1500 1500 1792 18 474731 0.010989 -0.000009 0.000000 0.000000 0.000000 0.350000 33.326567 0018 474914 -0.693466 0.627150 0.178478
0018 487396 0.022107 0.019501 -0.001458 1500 1500 1500 1796 18 524780 0.010989 -0.000009 0.000000 0.000000 0.000000 0.400000 33.567570 0018 525055 -0.944407 0.661050 0.178478
0018 534027 0.020948 0.020035 -0.007541 1500 1500 1500 1798 18 574676 0.019133 -0.000004 0.000000 0.000000 0.000000 0.450000 33.653327 0018 574890 0.059394 0.678000 0.183462
0018 587280 0.018367 0.017554 -0.015829 1500 1500 1500 1800 18 624572 0.019133 -0.000004 0.000000 0.000000 0.000000 0.500000 33.764103 0018 624755 0.059394 0.661050 0.187450
0018 633880 0.017518 0.014740 -0.020454 1500 1500 1500 1801 18 674652 0.029458 0.000037 0.000000 0.000000 0.000000 0.550000 33.811539 0018 674835 0.059394 0.678000 0.194030
0018 687591 0.016696 0.014656 -0.019705 1500 1500 1500 1806 18 724548 0.029458 0.000037 0.000000 0.000000 0.000000 0.600000 34.134153 0018 724762 -0.442518 0.559350 0.189124
0018 734069 0.015008 0.015251 -0.015490 1500 1500 1500 1808 18 774627 0.041932 0.000117 0.000000 0.000000 0.000000 0.650000 34.218006 0018 774810 -0.442518 0.694950 0.191979
0018 787719 0.010501 0.020337 -0.010749 1500 1500 1500 1810 18 824524 0.041932 0.000117 0.000000 0.000000 0.000000 0.700000 34.320374 0018 824707 0.394016 0.678000 0.194263
0018 833923 0.009154 0.022486 -0.006777 1500 1500 1500 1813 18 874603 0.056522 0.000219 0.000000 0.000000 0.000000 0.750000 34.511002 0018 875091 -0.191565 0.661050 0.192701
0018 887390 0.007603 0.024007 -0.007503 1500 1500 1500 1816 18 924652 0.056522 0.000219 0.000000 0.000000 0.000000 0.800000 34.671266 0018 924865 -0.693466 0.644100 0.191451
0018 933899 0.007830 0.022280 -0.009049 1500 1500 1500 1818 18 974823 0.073194 0.000339 0.000000 0.000000 0.000000 0.850000 34.789107 0018 975097 -0.191565 0.847500 0.191451
0018 987274 0.006032 0.026646 -0.014545 1500 1500 1500 1819 19 24902 0.073194 0.000339 0.000000 0.000000 0.000000 0.900000 34.850927 0019 025177 0.059394 0.711900 0.193840
0019 033874 0.005471 0.025295 -0.018128 1500 1500 1500 1819 19 74859 0.091917 0.000490 0.000000 0.000000 0.000000 0.950000 34.860598 0019 075134 -1.446272 0.661050 0.199142
0019 087402 0.003616 0.028605 -0.023798 1500 1500 1500 1821 19 124908 0.091917 0.000490 0.000000 0.000000 0.000000 1.000000 35.000110 0019 125183 -0.191565 0.678000 0.199994
0019 134246 0.004139 0.030453 -0.027462 1500 1500 1500 1803 19 174865 0.112658 0.000694 0.000000 0.000000 0.000000 1.000000 33.919749 0019 175140 -0.191565 0.678000 0.204065
0019 187255 0.002361 0.028580 -0.031363 1500 1500 1500 1791 19 224914 0.112658 0.000694 0.000000 0.000000 0.000000 1.000000 33.259660 0019 225189 -0.442518 0.372900 0.204065
0019 233947 0.003022 0.033068 -0.036428 1500 1500 1500 1789 19 274780 0.135385 0.000971 0.000000 0.000000 0.000000 1.000000 33.115294 0019 275085 -0.944407 0.610200 0.190372
0019 287536 0.001108 0.033969 -0.042905 1500 1500 1500 1782 19 324829 0.135385 0.000971 0.000000 0.000000 0.000000 1.000000 32.733991 0019 325103 0.310360 0.644100 0.189588
0019 333862 0.002685 0.035680 -0.047826 1500 1500 1500 1779 19 374939 0.160068 0.001343 0.000000 0.000000 0.000000 1.000000 32.547053 0019 375213 0.644989 0.694950 0.185570
0019 388153 0.001791 0.033725 -0.051772 1500 1500 1500 1775 19 424957 0.160068 0.001343 0.000000 0.000000 0.000000 1.000000 32.328893 0019 425201 -0.442518 0.661050 0.185746
0019 435363 0.001659 0.035038 -0.056190 1500 1500 1500 1771 19 475067 0.186674 0.001831 0.000000 0.000000 0.000000 1.000000 32.105545 0019 475280 -0.693466 0.678000 0.189277
0019 487518 0.002677 0.036356 -0.059267 1500 1500 1500 1766 19 525085 0.186674 0.001831 0.000000 0.000000 0.000000 1.000000 31.814651 0019 525299 -0.442518 0.728850 0.198882
0019 535492 0.000960 0.038357 -0.062607 1500 1500 1500 1764 19 575164 0.215173 0.002451 0.000000 0.000000 0.000000 1.000000 31.732219 0019 575348 -0.442518 0.694950 0.203175
0019 587280 0.001690 0.038964 -0.064786 1500 1500 1500 1765 19 625183 0.215173 0.002451 0.000000 0.000000 0.000000 1.000000 31.774553 0019 625366 -0.693466 0.711900 0.203220
0019 635254 0.001671 0.037838 -0.065093 1500 1500 1500 1767 19 675140 0.245535 0.003208 0.000000 0.000000 0.000000 1.000000 31.887325 0019 675354 -0.191565 0.644100 0.199866
0019 687439 0.000291 0.036389 -0.066074 1500 1500 1500 1767 19 725097 0.245535 0.003208 0.000000 0.000000 0.000000 1.000000 31.881459 0019 725280 -0.442518 0.678000 0.200573
0019 735595 0.001863 0.036720 -0.065526 1500 1500 1500 1767 19 775146 0.277731 0.004105 0.000000 0.000000 0.000000 1.000000 31.885907 0019 775360 -0.693466 0.678000 0.201138
0019 787384 0.001101 0.038073 -0.065960 1500 1500 1500 1767 19 825195 0.277731 0.004105 0.000000 0.000000 0.000000 1.000000 31.897003 0019 825378 -0.944407 0.678000 0.201591
0019 834076 0.000780 0.035678 -0.066752 1500 1500 1500 1766 19 875305 0.311733 0.005140 0.000000 0.000000 0.000000 1.000000 31.835071 0019 875488 0.059394 0.728850 0.205343
0019 887634 0.002070 0.038237 -0.066614 1500 1500 1500 1762 19 925384 0.311733 0.005140 0.000000 0.000000 0.000000 1.000000 31.580661 0019 925567 -0.693466 0.762750 0.218514
0019 935394 0.000432 0.035026 -0.066928 1500 1500 1500 1764 19 975433 0.347513 0.006314 0.000000 0.000000 0.000000 1.000000 31.700570 0019 975616 -0.442518 0.661050 0.218514
0019 987304 0.000508 0.035277 -0.067626 1500 1500 1500 1767 20 25329 0.347513 0.006314 0.000000 0.000000 0.000000 1.000000 31.858948 0020 025543 -0.191565 0.661050 0.215491
0020 033905 0.001729 0.037898 -0.067459 1500 1500 1500 1771 20 75409 0.385043 0.007625 0.000000 0.000000 0.000000 1.000000 32.117838 0020 075592 -0.442518 0.627150 0.206293
0020 089111 -0.000158 0.036311 -0.068078 1500 1500 1500 1772 20 125366 0.385043 0.007625 0.000000 0.000000 0.000000 1.000000 32.190924 0020 125579 -0.191565 0.678000 0.202324
0020 133819 0.001782 0.037424 -0.067986 1500 1500 1500 1772 20 175354 0.424295 0.009072 0.000000 0.000000 0.000000 1.000000 32.154767 0020 175659 -0.442518 0.678000 0.202540
0020 187408 0.000450 0.036362 -0.067736 1500 1500 1500 1777 20 225433 0.424295 0.009072 0.000000 0.000000 0.000000 1.000000 32.444880 0020 225647 -0.442518 0.593250 0.189152
0020 233947 0.000585 0.035911 -0.067976 1500 1500 1500 1776 20 275512 0.465244 0.010653 0.000000 0.000000 0.000000 1.000000 32.368827 0020 275726 -0.442518 0.644100 0.188611
0020 287414 0.001468 0.035119 -0.067313 1500 1500 1500 1775 20 325592 0.465244 0.010653 0.000000 0.000000 0.000000 1.000000 32.319209 0020 325805 0.059394 0.627150 0.188179
0020 335449 -0.000654 0.035184 -0.067826 1500 1500 1500 1773 20 375518 0.507863 0.012367 0.000000 0.000000 0.000000 1.000000 32.211302 0020 375732 0.059394 0.678000 0.191223
0020 387298 0.000939 0.035070 -0.068198 1500 1500 1500 1772 20 425598 0.507863 0.012367 0.000000 0.000000 0.000000 1.000000 32.153610 0020 425781 -0.442518 0.694950 0.193659
0020 435791 0.000585 0.037416 -0.068022 1500 1500 1500 1773 20 475677 0.552126 0.014211 0.000000 0.000000 0.000000 1.000000 32.205846 0020 475860 0.644989 0.644100 0.192217
0020 489166 0.000623 0.036683 -0.069177 1500 1500 1500 1772 20 525756 0.552126 0.014211 0.000000 0.000000 0.000000 1.000000 32.165175 0020 525940 -0.693466 0.678000 0.194453
0020 533813 0.001056 0.037592 -0.068736 1500 1500 1500 1773 20 575683 0.598009 0.016184 0.000000 0.000000 0.000000 1.000000 32.228519 0020 575866 -1.446272 0.678000 0.192853
0020 587280 -0.000230 0.034798 -0.068876 1500 1500 1500 1774 20 625579 0.598009 0.016184 0.000000 0.000000 0.000000 1.000000 32.272197 0020 625793 0.394016 0.678000 0.191572
0020 633850 0.001612 0.035115 -0.068492 1500 1500 1500 1776 20 675567 0.645484 0.018284 0.000000 0.000000 0.000000 1.000000 32.380610 0020 675781 -0.191565 0.644100 0.187158
0020 687500 -0.001109 0.034449 -0.069017 1500 1500 1500 1777 20 725677 0.645484 0.018284 0.000000 0.000000 0.000000 1.000000 32.444678 0020 725860 0.059394 0.644100 0.183626
0020 733764 0.001315 0.035514 -0.068831 1500 1500 1500 1773 20 775604 0.694529 0.020511 0.000000 0.000000 0.000000 1.000000 32.249570 0020 775818 0.059394 0.711900 0.190971
0020 787201 -0.000664 0.035939 -0.069859 1500 1500 1500 1776 20 825683 0.694529 0.020511 0.000000 0.000000 0.000000 1.000000 32.379561 0020 825866 -0.442518 0.661050 0.186677
0020 833770 0.001061 0.036889 -0.070011 1500 1500 1500 1777 20 875640 0.745119 0.022864 0.000000 0.000000 0.000000 1.000000 32.459199 0020 875854 0.394016 0.644100 0.183241
0020 887451 -0.000219 0.035430 -0.069436 1500 1500 1500 1778 20 925689 0.745119 0.022864 0.000000 0.000000 0.000000 1.000000 32.507024 0020 925872 0.059394 0.661050 0.180493
0020 933776 0.000762 0.035470 -0.069533 1500 1500 1500 1776 20 975769 0.797229 0.025341 0.000000 0.000000 0.000000 1.000000 32.380883 0020 976196 -0.191565 0.678000 0.185075
0020 987152 -0.000426 0.033938 -0.068960 1500 1500 1500 1777 21 25818 0.797229 0.025341 0.000000 0.000000 0.000000 1.000000 32.470960 0021 026092 0.059394 0.661050 0.181960
0021 035247 0.000321 0.036047 -0.069981 1500 1500 1500 1777 21 75744 0.850836 0.027941 0.000000 0.000000 0.000000 1.000000 32.450137 0021 076019 0.059394 0.661050 0.182858
0022 034393 0.000113 0.032824 -0.072217 1500 1500 1500 1776 22 56335 0.850836 0.027941 0.000000 0.000000 0.000000 1.000000 32.390779 0022 059387 1.146954 0.644100 0.185950
0022 087249 -0.001879 0.031979 -0.071650 1500 1500 1500 1771 22 106231 0.905918 0.030665 0.000000 0.000000 0.000000 1.000000 32.112397 0022 106414 -1.195342 0.779700 0.199610
0022 134155 -0.000467 0.031076 -0.071362 1500 1500 1500 1773 22 156280 0.905918 0.030665 0.000000 0.000000 0.000000 1.000000 32.226367 0022 156463 -0.944407 0.610200 0.199610
0022 187225 -0.002246 0.028993 -0.070842 1500 1500 1500 1770 22 206176 0.962450 0.033510 0.000000 0.000000 0.000000 1.000000 32.062791 0022 206390 0.059394 0.728850 0.210538
0022 234253 -0.000260 0.030251 -0.071147 1500 1500 1500 1776 22 256256 0.962450 0.033510 0.000000 0.000000 0.000000 1.000000 32.383348 0022 256439 -0.191565 0.661050 0.202330
0022 287292 -0.002801 0.027424 -0.071265 1500 1500 1500 1777 22 306305 1.020411 0.036476 0.000000 0.000000 0.000000 1.000000 32.426205 0022 306518 -0.693466 0.678000 0.202544
0022 333770 -0.000050 0.028766 -0.071187 1500 1500 1500 1781 22 356384 1.020411 0.036476 0.000000 0.000000 0.000000 1.000000 32.694264 0022 356567 -0.944407 0.627150 0.192545
0022 387176 -0.002534 0.027855 -0.071863 1500 1500 1500 1780 22 406372 1.079779 0.039560 0.000000 0.000000 0.000000 1.000000 32.616087 0022 406555 -0.442518 0.661050 0.194716
0022 433715 -0.000101 0.029605 -0.071682 1500 1500 1500 1781 22 456451 1.079779 0.039560 0.000000 0.000000 0.000000 1.000000 32.652806 0022 456634 -0.693466 0.661050 0.193063
0022 487426 -0.003027 0.028708 -0.072354 1500 1500 1500 1780 22 506500 1.140531 0.042764 0.000000 0.000000 0.000000 1.000000 32.600307 0022 506713 0.394016 0.678000 0.195130
0022 533691 -0.001276 0.031908 -0.072334 1500 1500 1500 1782 22 556579 1.140531 0.042764 0.000000 0.000000 0.000000 1.000000 32.731796 0022 556762 -0.442518 0.644100 0.190004
0022 587585 -0.002360 0.030843 -0.073463 1500 1500 1500 1779 22 606598 1.202647 0.046086 0.000000 0.000000 0.000000 1.000000 32.577393 0022 606781 0.644989 0.694950 0.196073
0022 633728 -0.001379 0.032112 -0.073350 1500 1500 1500 1781 22 656646 1.202647 0.046086 0.000000 0.000000 0.000000 1.000000 32.653444 0022 656921 -1.195342 0.678000 0.194149
0022 687225 -0.002114 0.032066 -0.074424 1500 1500 1500 1781 22 706634 1.266104 0.049528 0.000000 0.000000 0.000000 1.000000 32.704590 0022 706909 0.394016 0.644100 0.192609
0022 733673 -0.002591 0.030257 -0.074072 1500 1500 1500 1782 22 756683 1.266104 0.049528 0.000000 0.000000 0.000000 1.000000 32.739840 0022 756958 -0.442518 0.678000 0.191377
0022 787628 -0.001528 0.032203 -0.075320 1500 1500 1500 1784 22 806671 1.330882 0.053090 0.000000 0.000000 0.000000 1.000000 32.842411 0022 806976 -0.442518 0.644100 0.187002
0022 833801 -0.002737 0.030873 -0.075840 1500 1500 1500 1785 22 856750 1.330882 0.053090 0.000000 0.000000 0.000000 1.000000 32.902412 0022 857025 -0.442518 0.644100 0.183501
0022 887268 -0.001351 0.032064 -0.076567 1500 1500 1500 1785 22 906799 1.396961 0.056772 0.000000 0.000000 0.000000 1.000000 32.936113 0022 907043 -0.442518 0.661050 0.180701
0022 933746 -0.003071 0.030270 -0.077444 1500 1500 1500 1783 22 956878 1.396961 0.056772 0.000000 0.000000 0.000000 1.000000 32.799759 0022 957092 0.059394 0.678000 0.185241
0022 987213 -0.001108 0.031461 -0.077077 1500 1500 1500 1786 23 6897 1.464319 0.060574 0.000000 0.000000 0.000000 1.000000 32.959625 0023 007080 -0.944407 0.644100 0.178703
0023 033691 -0.001964 0.031211 -0.078762 1500 1500 1500 1787 23 56945 1.464319 0.060574 0.000000 0.000000 0.000000 1.000000 33.051171 0023 057159 -1.697195 0.627150 0.173472
0023 087432 -0.003314 0.030290 -0.079195 1500 1500 1500 1787 23 106994 1.532938 0.064498 0.000000 0.000000 0.000000 1.000000 33.022902 0023 107208 0.644989 0.644100 0.172678
0023 133728 -0.001641 0.031640 -0.079514 1500 1500 1500 1787 23 157013 1.532938 0.064498 0.000000 0.000000 0.000000 1.000000 33.005625 0023 157196 0.059394 0.627150 0.172042
0023 187225 -0.003215 0.028824 -0.079689 1500 1500 1500 1784 23 207000 1.602797 0.068545 0.000000 0.000000 0.000000 1.000000 32.842229 0023 207183 0.394016 0.678000 0.178314
0023 235229 -0.001933 0.030378 -0.079054 1500 1500 1500 1785 23 256897 1.602797 0.068545 0.000000 0.000000 0.000000 1.000000 32.912853 0023 257110 1.397945 0.644100 0.176551
0023 287414 -0.002499 0.030855 -0.079778 1500 1500 1500 1785 23 306884 1.673877 0.072713 0.000000 0.000000 0.000000 1.000000 32.883683 0023 307068 -0.191565 0.661050 0.178531
0023 333740 -0.002590 0.029691 -0.079394 1500 1500 1500 1784 23 356964 1.673877 0.072713 0.000000 0.000000 0.000000 1.000000 32.876741 0023 357177 0.644989 0.661050 0.180115
0023 387115 -0.001167 0.031554 -0.080256 1500 1500 1500 1785 23 407013 1.746160 0.077002 0.000000 0.000000 0.000000 1.000000 32.883768 0023 407196 0.644989 0.644100 0.181382
0023 433685 -0.003502 0.029672 -0.080366 1500 1500 1500 1785 23 457000 1.746160 0.077002 0.000000 0.000000 0.000000 1.000000 32.899298 0023 457183 0.644989 0.661050 0.182395
0023 487579 -0.001296 0.031490 -0.079758 1500 1500 1500 1785 23 507141 1.819626 0.081408 0.000000 0.000000 0.000000 1.000000 32.919760 0023 507385 0.644989 0.661050 0.183206
0023 533722 -0.001987 0.030585 -0.080674 1500 1500 1500 1786 23 557159 1.819626 0.081408 0.000000 0.000000 0.000000 1.000000 32.942856 0023 557373 0.059394 0.627150 0.183855
0023 587402 -0.002437 0.029296 -0.080151 1500 1500 1500 1790 23 607177 1.894257 0.085931 0.000000 0.000000 0.000000 1.000000 33.198809 0023 607391 -0.442518 0.678000 0.174204
0023 633728 -0.000829 0.030057 -0.080222 1500 1500 1500 1793 23 657287 1.894257 0.085931 0.000000 0.000000 0.000000 1.000000 33.345203 0023 657470 -0.191565 0.593250 0.166483
0023 687317 -0.002672 0.027352 -0.080597 1500 1500 1500 1789 23 707214 1.970036 0.090569 0.000000 0.000000 0.000000 1.000000 33.113742 0023 707428 0.059394 0.678000 0.173867
0023 733734 -0.000430 0.028738 -0.080194 1500 1500 1500 1790 23 757263 1.970036 0.090569 0.000000 0.000000 0.000000 1.000000 33.218341 0023 757537 0.059394 0.644100 0.169603
0023 787140 -0.000855 0.028901 -0.081067 1500 1500 1500 1790 23 807190 2.046944 0.095322 0.000000 0.000000 0.000000 1.000000 33.203005 0023 807434 0.644989 0.644100 0.169583
0023 835235 -0.002140 0.026996 -0.080322 1500 1500 1500 1794 23 857330 2.046944 0.095322 0.000000 0.000000 0.000000 1.000000 33.429470 0023 857757 0.394016 0.525450 0.159396
0023 887268 -0.000263 0.029456 -0.080717 1500 1500 1500 1794 23 907196 2.124964 0.100188 0.000000 0.000000 0.000000 1.000000 33.398729 0023 907409 0.644989 0.644100 0.158027
0023 933960 -0.001011 0.029117 -0.081666 1500 1500 1500 1790 23 957336 2.124964 0.100188 0.000000 0.000000 0.000000 1.000000 33.223008 0023 957519 0.394016 0.644100 0.163711
0023 987671 -0.000873 0.027558 -0.081198 1500 1500 1500 1790 24 7415 2.204079 0.105166 0.000000 0.000000 0.000000 1.000000 33.205471 0024 007599 0.059394 0.644100 0.164869
0024 033874 0.000078 0.028976 -0.081767 1500 1500 1500 1789 24 57434 2.204079 0.105166 0.000000 0.000000 0.000000 1.000000 33.126203 0024 057647 1.397945 0.678000 0.169185
0024 087341 -0.001644 0.028068 -0.082096 1500 1500 1500 1787 24 107544 2.284272 0.110255 0.000000 0.000000 0.000000 1.000000 33.016245 0024 107757 0.059394 0.627150 0.176028
0024 135406 -0.001986 0.027157 -0.081595 1500 1500 1500 1789 24 157440 2.284272 0.110255 0.000000 0.000000 0.000000 1.000000 33.126464 0024 157653 0.143049 0.694950 0.174723
0024 187225 -0.000930 0.029752 -0.082165 1500 1500 1500 1789 24 207550 2.365525 0.115455 0.000000 0.000000 0.000000 1.000000 33.126740 0024 207763 -0.191565 0.661050 0.177068
0024 233795 -0.002957 0.028057 -0.082002 1500 1500 1500 1790 24 257446 2.365525 0.115455 0.000000 0.000000 0.000000 1.000000 33.218997 0024 257629 0.394016 0.644100 0.175554
0024 287384 -0.001865 0.028653 -0.081430 1500 1500 1500 1790 24 307434 2.447823 0.120763 0.000000 0.000000 0.000000 1.000000 33.205857 0024 307739 0.059394 0.644100 0.177734
0024 333740 -0.001047 0.029124 -0.082044 1500 1500 1500 1788 24 357605 2.447823 0.120763 0.000000 0.000000 0.000000 1.000000 33.056377 0024 357788 -0.693466 0.711900 0.186257
0024 387146 -0.003026 0.026888 -0.082125 1500 1500 1500 1788 24 407806 2.531150 0.126178 0.000000 0.000000 0.000000 1.000000 33.068287 0024 408020 -0.442518 0.661050 0.189685
0024 433685 -0.001708 0.028592 -0.082391 1500 1500 1500 1790 24 457885 2.531150 0.126178 0.000000 0.000000 0.000000 1.000000 33.172881 0024 458160 -0.191565 0.644100 0.189038
0024 487274 -0.001289 0.028167 -0.082927 1500 1500 1500 1790 24 507995 2.615489 0.131699 0.000000 0.000000 0.000000 1.000000 33.171701 0024 508209 0.895969 0.678000 0.191911
0024 533691 -0.003693 0.026302 -0.082503 1500 1500 1500 1795 24 558105 2.615489 0.131699 0.000000 0.000000 0.000000 1.000000 33.496560 0024 558288 -0.191565 0.593250 0.180649
0024 587127 -0.002571 0.028866 -0.082727 1500 1500 1500 1794 24 608154 2.700824 0.137326 0.000000 0.000000 0.000000 1.000000 33.452962 0024 608368 0.059394 0.661050 0.181809
0024 633880 -0.002954 0.028771 -0.083269 1500 1500 1500 1794 24 658172 2.700824 0.137326 0.000000 0.000000 0.000000 1.000000 33.432493 0024 658355 -0.191565 0.678000 0.182737
0024 689087 -0.003772 0.026768 -0.082215 1500 1500 1500 1795 24 708130 2.787141 0.143056 0.000000 0.000000 0.000000 1.000000 33.504503 0024 708313 0.143049 0.644100 0.180090
0024 733825 -0.002660 0.028802 -0.081831 1500 1500 1500 1793 24 758209 2.787141 0.143056 0.000000 0.000000 0.000000 1.000000 33.395377 0024 758392 -0.191565 0.678000 0.184752
0024 787109 -0.003775 0.026705 -0.082700 1500 1500 1500 1794 24 808258 2.874425 0.148888 0.000000 0.000000 0.000000 1.000000 33.420147 0024 808441 -0.442518 0.694950 0.185091
0024 833770 -0.004351 0.025699 -0.082188 1500 1500 1500 1794 24 858276 2.874425 0.148888 0.000000 0.000000 0.000000 1.000000 33.444228 0024 858490 0.143049 0.678000 0.185363
0024 887359 -0.002340 0.028205 -0.082436 1500 1500 1500 1793 24 908264 2.962659 0.154819 0.000000 0.000000 0.000000 1.000000 33.390327 0024 908447 0.143049 0.627150 0.188970
0024 933654 -0.003474 0.027076 -0.082444 1500 1500 1500 1796 24 958221 2.962659 0.154819 0.000000 0.000000 0.000000 1.000000 33.526737 0024 958435 -0.107913 0.644100 0.185076
0024 987121 -0.004762 0.026113 -0.081486 1500 1500 1500 1796 25 8239 3.051830 0.160848 0.000000 0.000000 0.000000 1.000000 33.534892 0025 008422 -0.107913 0.644100 0.185351
0025 033630 -0.002625 0.029145 -0.081653 1500 1500 1500 1795 25 58227 3.051830 0.160848 0.000000 0.000000 0.000000 1.000000 33.469837 0025 058410 0.143049 0.678000 0.188961
0025 087310 -0.002860 0.028403 -0.082701 1500 1500 1500 1797 25 108307 3.141924 0.166974 0.000000 0.000000 0.000000 1.000000 33.598434 0025 108490 -0.693466 0.644100 0.185069
0025 133606 -0.003921 0.027348 -0.082608 1500 1500 1500 1800 25 158264 3.141924 0.166974 0.000000 0.000000 0.000000 1.000000 33.755556 0025 158447 0.143049 0.627150 0.178565
0025 187164 -0.003118 0.029132 -0.082852 1500 1500 1500 1800 25 208282 3.232925 0.173195 0.000000 0.000000 0.000000 1.000000 33.767859 0025 208496 -0.191565 0.644100 0.176752
0025 233612 -0.002368 0.030709 -0.083154 1500 1500 1500 1797 25 258300 3.232925 0.173195 0.000000 0.000000 0.000000 1.000000 33.620226 0025 258484 0.143049 0.644100 0.182082
0025 287140 -0.003778 0.027935 -0.082607 1500 1500 1500 1797 25 308258 3.324820 0.179511 0.000000 0.000000 0.000000 1.000000 33.620662 0025 308441 -0.107913 0.644100 0.182955
0025 333618 -0.003696 0.026205 -0.081887 1500 1500 1500 1799 25 358245 3.324820 0.179511 0.000000 0.000000 0.000000 1.000000 33.707017 0025 358459 -0.442518 0.644100 0.180264
0025 387237 -0.002336 0.029253 -0.082057 1500 1500 1500 1798 25 408264 3.417594 0.185919 0.000000 0.000000 0.000000 1.000000 33.684910 0025 408447 -0.693466 0.644100 0.181501
0025 433654 -0.003328 0.028354 -0.082645 1500 1500 1500 1800 25 458252 3.417594 0.185919 0.000000 0.000000 0.000000 1.000000 33.756929 0025 458435 0.644989 0.610200 0.179101
0025 487274 -0.004687 0.025695 -0.081789 1500 1500 1500 1799 25 508270 3.511236 0.192417 0.000000 0.000000 0.000000 1.000000 33.725941 0025 508484 0.644989 0.593250 0.180571
0025 533630 -0.003653 0.027578 -0.082320 1500 1500 1500 1800 25 558441 3.511236 0.192417 0.000000 0.000000 0.000000 1.000000 33.792665 0025 558624 0.394016 0.661050 0.178357
0025 587036 -0.003616 0.027849 -0.082503 1500 1500 1500 1800 25 608398 3.605730 0.199004 0.000000 0.000000 0.000000 1.000000 33.758705 0025 608581 -0.693466 0.644100 0.179975
0025 635040 -0.005215 0.025313 -0.082735 1500 1500 1500 1801 25 658447 3.605730 0.199004 0.000000 0.000000 0.000000 1.000000 33.823934 0025 658630 -0.944407 0.627150 0.177880
0025 687317 -0.004232 0.025818 -0.082649 1500 1500 1500 1799 25 708465 3.701064 0.205680 0.000000 0.000000 0.000000 1.000000 33.712171 0025 708648 -0.442518 0.678000 0.182984
0025 733764 -0.003107 0.026918 -0.083054 1500 1500 1500 1802 25 758453 3.701064 0.205680 0.000000 0.000000 0.000000 1.000000 33.891209 0025 758636 -0.442518 0.610200 0.176897
0025 787109 -0.003847 0.026326 -0.083263 1500 1500 1500 1804 25 808349 3.797225 0.212444 0.000000 0.000000 0.000000 1.000000 33.997682 0025 808532 -0.107913 0.644100 0.172028
0025 833618 -0.004773 0.025512 -0.083016 1500 1500 1500 1800 25 858337 3.797225 0.212444 0.000000 0.000000 0.000000 1.000000 33.749339 0025 858520 -0.693466 0.661050 0.181692
0025 887359 -0.003530 0.028191 -0.082833 1500 1500 1500 1804 25 908386 3.894200 0.219294 0.000000 0.000000 0.000000 1.000000 34.005344 0025 908569 -0.944407 0.542400 0.172474
0025 933593 -0.001830 0.030901 -0.082747 1500 1500 1500 1804 25 958496 3.894200 0.219294 0.000000 0.000000 0.000000 1.000000 33.998812 0025 958740 -0.442518 0.627150 0.171879
0025 987030 -0.002759 0.029870 -0.082492 1500 1500 1500 1803 26 8422 3.991976 0.226230 0.000000 0.000000 0.000000 1.000000 33.920016 0026 008941 -0.693466 0.644100 0.174793
0026 033569 -0.003809 0.028257 -0.082056 1500 1500 1500 1807 26 58532 3.991976 0.226230 0.000000 0.000000 0.000000 1.000000 34.190675 0026 058807 -1.195342 0.525450 0.163565
0026 087280 -0.003625 0.027354 -0.082081 1500 1500 1500 1805 26 108581 4.090542 0.233247 0.000000 0.000000 0.000000 1.000000 34.032011 0026 108917 -0.693466 0.678000 0.168142
0026 133575 -0.002227 0.028189 -0.082637 1500 1500 1500 1806 26 158661 4.090542 0.233247 0.000000 0.000000 0.000000 1.000000 34.098967 0026 158905 0.644989 0.627150 0.165023
0026 187103 -0.002857 0.026507 -0.083675 1500 1500 1500 1804 26 208618 4.189884 0.240348 0.000000 0.000000 0.000000 1.000000 33.978823 0026 208862 0.394016 0.711900 0.169309
0026 235077 -0.003648 0.024678 -0.083397 1500 1500 1500 1801 26 258667 4.189884 0.240348 0.000000 0.000000 0.000000 1.000000 33.826060 0026 258911 -0.442518 0.678000 0.176127
0026 287292 -0.003842 0.025439 -0.082771 1500 1500 1500 1801 26 308746 4.289990 0.247531 0.000000 0.000000 0.000000 1.000000 33.823512 0026 308929 -0.944407 0.661050 0.178192
0026 333648 -0.002482 0.027456 -0.082395 1500 1500 1500 1801 26 358795 4.289990 0.247531 0.000000 0.000000 0.000000 1.000000 33.829978 0026 359069 -0.107913 0.661050 0.179843
0026 387115 -0.003964 0.027029 -0.082120 1500 1500 1500 1799 26 408783 4.390850 0.254792 0.000000 0.000000 0.000000 1.000000 33.686825 0026 408966 -0.693466 0.745800 0.187945
0026 433593 -0.003834 0.026734 -0.081460 1500 1500 1500 1797 26 458831 4.390850 0.254792 0.000000 0.000000 0.000000 1.000000 33.618991 0026 459015 -1.195342 0.678000 0.194426
0026 487243 -0.003317 0.027460 -0.081108 1500 1500 1500 1800 26 508789 4.492452 0.262130 0.000000 0.000000 0.000000 1.000000 33.751685 0026 509002 0.644989 0.644100 0.192831
0026 533599 -0.002775 0.028053 -0.082088 1500 1500 1500 1802 26 558807 4.492452 0.262130 0.000000 0.000000 0.000000 1.000000 33.915336 0026 558990 0.143049 0.644100 0.188164
0026 587097 -0.003649 0.026461 -0.082252 1500 1500 1500 1801 26 609069 4.594783 0.269542 0.000000 0.000000 0.000000 1.000000 33.856967 0026 609253 -0.107913 0.694950 0.191212
0026 634948 -0.002516 0.026569 -0.082003 1500 1500 1500 1802 26 659088 4.594783 0.269542 0.000000 0.000000 0.000000 1.000000 33.905424 0026 659271 0.394016 0.661050 0.190259
0026 685669 0.000050 0.028034 -0.081768 1500 1500 1500 1803 26 709167 4.697833 0.277029 0.000000 0.000000 0.000000 1.000000 33.935539 0026 709350 0.143049 0.661050 0.189497
0026 733581 -0.000187 0.026838 -0.082058 1500 1500 1500 1805 26 759094 4.697833 0.277029 0.000000 0.000000 0.000000 1.000000 34.030714 0026 759307 0.143049 0.644100 0.185498
0026 787048 -0.001717 0.023821 -0.082455 1500 1500 1500 1803 26 809234 4.801591 0.284589 0.000000 0.000000 0.000000 1.000000 33.927076 0026 809417 0.143049 0.678000 0.189078
0026 833557 -0.002200 0.023964 -0.083153 1500 1500 1500 1803 26 859192 4.801591 0.284589 0.000000 0.000000 0.000000 1.000000 33.945976 0026 859405 -0.442518 0.644100 0.188553
0026 887268 -0.005033 0.021962 -0.084131 1500 1500 1500 1803 26 909301 4.906045 0.292226 0.000000 0.000000 0.000000 1.000000 33.957106 0026 909515 0.644989 0.627150 0.188132
0026 933960 -0.017380 0.017375 -0.086318 1500 1500 1500 1803 26 959289 4.906045 0.292226 0.000000 0.000000 0.000000 1.000000 33.963216 0026 959503 0.394016 0.661050 0.187796
0026 986999 -0.028486 0.014511 -0.088527 1500 1500 1500 1805 27 9338 5.011185 0.299944 0.000000 0.000000 0.000000 1.000000 34.043289 0027 009521 -0.107913 0.627150 0.184137
0027 033874 -0.044979 0.008671 -0.092283 1500 1500 1500 1805 27 59295 5.011185 0.299944 0.000000 0.000000 0.000000 1.000000 34.084717 0027 059509 0.143049 0.644100 0.181209
0027 087097 -0.073111 -0.002764 -0.093687 1500 1500 1500 1810 27 109375 5.116997 0.307754 0.000000 0.000000 0.000000 1.000000 34.333438 0027 109588 0.394016 0.593250 0.168697
0027 133941 -0.097864 -0.019205 -0.094055 1500 1500 1500 1811 27 159423 5.116997 0.307754 0.000000 0.000000 0.000000 1.000000 34.380406 0027 159607 -0.693466 0.644100 0.162078
0027 187194 -0.107680 -0.031177 -0.092488 1500 1500 1500 1807 27 209472 5.223472 0.315657 0.000000 0.000000 0.000000 1.000000 34.155414 0027 209869 -0.107913 0.678000 0.166952
0027 233764 -0.107785 -0.043411 -0.089731 1500 1500 1500 1806 27 259430 5.223472 0.315657 0.000000 0.000000 0.000000 1.000000 34.106131 0027 259613 0.895969 0.610200 0.166952
0027 287109 -0.094427 -0.063728 -0.084866 1500 1500 1500 1802 27 309509 5.330601 0.323642 0.000000 0.000000 0.000000 1.000000 33.905760 0027 309784 1.648943 0.694950 0.174242
0027 333587 -0.069315 -0.079415 -0.080046 1500 1500 1500 1803 27 359436 5.330601 0.323642 0.000000 0.000000 0.000000 1.000000 33.948908 0027 359649 0.644989 0.678000 0.173293
0027 387451 -0.042645 -0.092328 -0.077942 1500 1500 1500 1804 27 409515 5.438375 0.331688 0.000000 0.000000 0.000000 1.000000 33.975322 0027 409790 -0.107913 0.661050 0.172535
0027 433563 -0.020281 -0.108537 -0.077227 1500 1500 1500 1798 27 459442 5.438375 0.331688 0.000000 0.000000 0.000000 1.000000 33.682222 0027 459625 -0.107913 0.762750 0.185488
0027 487152 -0.007760 -0.118996 -0.076365 1500 1500 1500 1801 27 509460 5.546784 0.339788 0.000000 0.000000 0.000000 1.000000 33.837370 0027 509735 0.644989 0.661050 0.182290
0027 533538 -0.003974 -0.128532 -0.076080 1500 1500 1500 1799 27 559387 5.546784 0.339788 0.000000 0.000000 0.000000 1.000000 33.701778 0027 559570 0.644989 0.678000 0.189902
0027 586975 -0.006124 -0.130656 -0.075869 1500 1500 1500 1803 27 609375 5.655819 0.347938 0.000000 0.000000 0.000000 1.000000 33.945839 0027 609588 0.644989 0.661050 0.182432
0027 633636 -0.016627 -0.129843 -0.076733 1500 1500 1500 1803 27 659332 5.655819 0.347938 0.000000 0.000000 0.000000 1.000000 33.932551 0027 659546 0.143049 0.661050 0.183235
0027 687255 -0.026726 -0.124263 -0.077162 1500 1500 1500 1808 27 709228 5.765470 0.356139 0.000000 0.000000 0.000000 1.000000 34.235018 0027 709442 0.143049 0.610200 0.170318
0027 733551 -0.033662 -0.108618 -0.078638 1500 1500 1500 1807 27 759155 5.765470 0.356139 0.000000 0.000000 0.000000 1.000000 34.163710 0027 759338 -0.693466 0.694950 0.170155
0027 786956 -0.039027 -0.097207 -0.080232 1500 1500 1500 1806 27 809204 5.875727 0.364396 0.000000 0.000000 0.000000 1.000000 34.113141 0027 809387 0.143049 0.661050 0.170024
0027 833557 -0.040812 -0.088441 -0.082430 1500 1500 1500 1803 27 859192 5.875727 0.364396 0.000000 0.000000 0.000000 1.000000 33.922940 0027 859375 0.143049 0.678000 0.176699
0027 885559 -0.035725 -0.077700 -0.084864 1500 1500 1500 1801 27 909271 5.986580 0.372716 0.000000 0.000000 0.000000 1.000000 33.816474 0027 909484 0.143049 0.678000 0.182039
0027 933563 -0.029909 -0.068308 -0.085686 1500 1500 1500 1803 27 959259 5.986580 0.372716 0.000000 0.000000 0.000000 1.000000 33.917566 0027 959442 0.394016 0.694950 0.179531
0027 987152 -0.028146 -0.070889 -0.086689 1500 1500 1500 1802 28 9338 6.098020 0.381105 0.000000 0.000000 0.000000 1.000000 33.901169 0028 009613 0.644989 0.678000 0.180915
0028 033691 -0.024762 -0.075297 -0.085978 1500 1500 1500 1801 28 59234 6.098020 0.381105 0.000000 0.000000 0.000000 1.000000 33.818082 0028 059417 -0.693466 0.678000 0.185412
0028 087310 -0.020843 -0.074937 -0.085880 1500 1500 1500 1799 28 109314 6.210036 0.389564 0.000000 0.000000 0.000000 1.000000 33.700751 0028 109497 0.143049 0.711900 0.192400
0028 133697 -0.013776 -0.075429 -0.085556 1500 1500 1500 1805 28 159362 6.210036 0.389564 0.000000 0.000000 0.000000 1.000000 34.032239 0028 159729 0.644989 0.576300 0.181040
0028 187042 -0.007537 -0.077243 -0.085651 1500 1500 1500 1814 28 209442 6.322621 0.398090 0.000000 0.000000 0.000000 1.000000 34.604584 0028 209716 0.143049 0.542400 0.155002
0028 235015 -0.006033 -0.072986 -0.085845 1500 1500 1500 1811 28 259491 6.322621 0.398090 0.000000 0.000000 0.000000 1.000000 34.427183 0028 259826 0.143049 0.694950 0.155002
0028 287170 -0.007107 -0.075996 -0.086651 1500 1500 1500 1811 28 309600 6.435765 0.406683 0.000000 0.000000 0.000000 1.000000 34.391299 0028 309814 -0.107913 0.559350 0.151121
0028 333740 -0.010478 -0.076433 -0.086718 1500 1500 1500 1806 28 359741 6.435765 0.406683 0.000000 0.000000 0.000000 1.000000 34.119257 0028 359954 0.394016 0.694950 0.158187
0028 386993 -0.011417 -0.070433 -0.086598 1500 1500 1500 1802 28 409759 6.549460 0.415342 0.000000 0.000000 0.000000 1.000000 33.879922 0028 409942 0.895969 0.678000 0.167230
0028 434967 -0.011524 -0.066895 -0.086485 1500 1500 1500 1796 28 459930 6.549460 0.415342 0.000000 0.000000 0.000000 1.000000 33.517104 0028 460113 0.143049 0.711900 0.184634
0028 487304 -0.013540 -0.066077 -0.085922 1500 1500 1500 1796 28 510009 6.663697 0.424067 0.000000 0.000000 0.000000 1.000000 33.564096 0028 510193 0.394016 0.694950 0.188387
0028 535278 -0.015241 -0.062659 -0.086998 1500 1500 1500 1801 28 560028 6.663697 0.424067 0.000000 0.000000 0.000000 1.000000 33.843406 0028 560211 -0.442518 0.678000 0.181220
0028 586944 -0.016176 -0.059121 -0.088632 1500 1500 1500 1804 28 610077 6.778468 0.432858 0.000000 0.000000 0.000000 1.000000 34.010283 0028 610260 1.146954 0.661050 0.175486
0028 633728 -0.015193 -0.055429 -0.089451 1500 1500 1500 1802 28 660095 6.778468 0.432858 0.000000 0.000000 0.000000 1.000000 33.872766 0028 660278 0.143049 0.694950 0.181069
0028 687255 -0.015326 -0.054194 -0.090181 1500 1500 1500 1803 28 710174 6.893763 0.441720 0.000000 0.000000 0.000000 1.000000 33.953091 0028 710388 0.394016 0.694950 0.178755
0028 733520 -0.016212 -0.057297 -0.090470 1500 1500 1500 1804 28 760193 6.893763 0.441720 0.000000 0.000000 0.000000 1.000000 34.000074 0028 760376 0.644989 0.694950 0.176904
0028 786926 -0.014988 -0.060430 -0.089783 1500 1500 1500 1803 28 810211 7.009576 0.450652 0.000000 0.000000 0.000000 1.000000 33.948426 0028 810424 1.397945 0.661050 0.178813
0028 833648 -0.008538 -0.060427 -0.089256 1500 1500 1500 1805 28 860260 7.009576 0.450652 0.000000 0.000000 0.000000 1.000000 34.074180 0028 860443 0.143049 0.593250 0.173560
0028 885528 -0.003040 -0.061158 -0.088095 1500 1500 1500 1802 28 910247 7.125897 0.459651 0.000000 0.000000 0.000000 1.000000 33.909800 0028 910461 0.394016 0.678000 0.179528
0028 933654 -0.003644 -0.062384 -0.088568 1500 1500 1500 1801 28 960235 7.125897 0.459651 0.000000 0.000000 0.000000 1.000000 33.818582 0028 960510 -0.107913 0.694950 0.184303
0028 986938 -0.001737 -0.059847 -0.089542 1500 1500 1500 1804 29 10284 7.242720 0.468716 0.000000 0.000000 0.000000 1.000000 34.005226 0029 010498 0.895969 0.644100 0.177952
0029 033661 0.000242 -0.063162 -0.089687 1500 1500 1500 1803 29 60241 7.242720 0.468716 0.000000 0.000000 0.000000 1.000000 33.956221 0029 060455 0.143049 0.678000 0.179652
0029 088775 0.000274 -0.060532 -0.091072 1500 1500 1500 1803 29 110168 7.360035 0.477849 0.000000 0.000000 0.000000 1.000000 33.928709 0029 110351 0.394016 0.694950 0.181011
0029 133636 -0.002740 -0.058242 -0.091660 1500 1500 1500 1800 29 160339 7.360035 0.477849 0.000000 0.000000 0.000000 1.000000 33.760605 0029 160583 0.895969 0.661050 0.188879
0029 187042 -0.007806 -0.054104 -0.091461 1500 1500 1500 1797 29 210418 7.477836 0.487052 0.000000 0.000000 0.000000 1.000000 33.597232 0029 210693 1.397945 0.711900 0.198563
0029 236938 -0.013363 -0.050232 -0.092141 1500 1500 1500 1799 29 260376 7.477836 0.487052 0.000000 0.000000 0.000000 1.000000 33.697860 0029 260650 1.146954 0.576300 0.198563
0029 287170 -0.014080 -0.053008 -0.091687 1500 1500 1500 1801 29 310424 7.596114 0.496323 0.000000 0.000000 0.000000 1.000000 33.823427 0029 310699 -0.107913 0.610200 0.196141
0029 333648 -0.011357 -0.047283 -0.092538 1500 1500 1500 1800 29 360504 7.596114 0.496323 0.000000 0.000000 0.000000 1.000000 33.747364 0029 360748 0.143049 0.661050 0.200983
0029 386963 -0.004813 -0.047796 -0.090995 1500 1500 1500 1799 29 410492 7.714863 0.505662 0.000000 0.000000 0.000000 1.000000 33.713468 0029 410766 -0.358868 0.661050 0.204856
0029 433471 0.001079 -0.043977 -0.090166 1500 1500 1500 1796 29 460601 7.714863 0.505662 0.000000 0.000000 0.000000 1.000000 33.550940 0029 460785 0.143049 0.678000 0.214735
0029 487274 0.005688 -0.048876 -0.090339 1500 1500 1500 1796 29 510711 7.834075 0.515065 0.000000 0.000000 0.000000 1.000000 33.553786 0029 510894 1.397945 0.661050 0.219248
0029 533477 0.009595 -0.053305 -0.090233 1500 1500 1500 1795 29 560760 7.834075 0.515065 0.000000 0.000000 0.000000 1.000000 33.496673 0029 560943 0.394016 0.661050 0.226248
0029 586975 0.012931 -0.059731 -0.091152 1500 1500 1500 1796 29 610748 7.953743 0.524532 0.000000 0.000000 0.000000 1.000000 33.561807 0029 610931 0.143049 0.661050 0.228459
0029 633606 0.013344 -0.066075 -0.091753 1500 1500 1500 1799 29 660736 7.953743 0.524532 0.000000 0.000000 0.000000 1.000000 33.693373 0029 660919 1.146954 0.694950 0.226837
0029 685669 0.010092 -0.064789 -0.092359 1500 1500 1500 1797 29 710754 8.073860 0.534064 0.000000 0.000000 0.000000 1.000000 33.624709 0029 710937 2.150955 0.678000 0.232320
0029 733459 0.004784 -0.065272 -0.091869 1500 1500 1500 1798 29 760681 8.073860 0.534064 0.000000 0.000000 0.000000 1.000000 33.675693 0029 760894 0.895969 0.678000 0.233316
0029 786987 -0.002931 -0.057279 -0.092633 1500 1500 1500 1803 29 810791 8.194418 0.543663 0.000000 0.000000 0.000000 1.000000 33.946780 0029 810974 -0.442518 0.389850 0.223942
0029 833496 -0.008318 -0.055007 -0.093674 1500 1500 1500 1803 29 860748 8.194418 0.543663 0.000000 0.000000 0.000000 1.000000 33.928458 0029 860931 0.394016 0.728850 0.223942
0029 887237 -0.011815 -0.045024 -0.095034 1500 1500 1500 1799 29 910705 8.315411 0.553330 0.000000 0.000000 0.000000 1.000000 33.700564 0029 910919 0.644989 0.678000 0.233394
0029 933502 -0.012198 -0.035764 -0.096520 1500 1500 1500 1801 29 960724 8.315411 0.553330 0.000000 0.000000 0.000000 1.000000 33.810224 0029 960907 1.146954 0.644100 0.230785
0029 986938 -0.010813 -0.025465 -0.097340 1500 1500 1500 1798 30 10742 8.436831 0.563069 0.000000 0.000000 0.000000 1.000000 33.645143 0030 010925 0.143049 0.711900 0.238868
0030 033477 -0.006762 -0.020554 -0.098575 1500 1500 1500 1798 30 60791 8.436831 0.563069 0.000000 0.000000 0.000000 1.000000 33.639026 0030 060974 0.143049 0.661050 0.241945
0030 087158 -0.004297 -0.024210 -0.098710 1500 1500 1500 1796 30 110748 8.558672 0.572885 0.000000 0.000000 0.000000 1.000000 33.569897 0030 110962 1.146954 0.694950 0.247796
0030 133484 -0.004619 -0.024865 -0.099125 1500 1500 1500 1796 30 160797 8.558672 0.572885 0.000000 0.000000 0.000000 1.000000 33.544888 0030 160980 0.895969 0.678000 0.252476
0030 186920 -0.004129 -0.029702 -0.098761 1500 1500 1500 1797 30 210754 8.680926 0.582776 0.000000 0.000000 0.000000 1.000000 33.623226 0030 210968 0.143049 0.745800 0.252831
0030 233459 -0.002046 -0.031243 -0.100027 1500 1500 1500 1796 30 260742 8.680926 0.582776 0.000000 0.000000 0.000000 1.000000 33.525201 0030 260925 1.397945 0.711900 0.259895
0030 287201 0.002934 -0.040801 -0.099860 1500 1500 1500 1802 30 310730 8.803587 0.592743 0.000000 0.000000 0.000000 1.000000 33.870508 0030 310943 0.644989 0.644100 0.248596
0030 333465 0.006292 -0.041754 -0.100120 1500 1500 1500 1802 30 360717 8.803587 0.592743 0.000000 0.000000 0.000000 1.000000 33.912792 0030 360901 0.895969 0.678000 0.246337
0030 386871 0.003766 -0.046570 -0.100954 1500 1500 1500 1804 30 410736 8.926649 0.602788 0.000000 0.000000 0.000000 1.000000 34.010504 0030 410949 -0.442518 0.745800 0.241139
0030 433410 -0.002009 -0.048027 -0.101845 1500 1500 1500 1804 30 460724 8.926649 0.602788 0.000000 0.000000 0.000000 1.000000 33.980993 0030 460937 1.146954 0.678000 0.240372
0030 487121 -0.004839 -0.046804 -0.104323 1500 1500 1500 1802 30 510742 9.050104 0.612915 0.000000 0.000000 0.000000 1.000000 33.880128 0030 510925 0.143049 0.694950 0.243147
0030 533447 -0.004814 -0.047353 -0.105847 1500 1500 1500 1804 30 560943 9.050104 0.612915 0.000000 0.000000 0.000000 1.000000 33.974893 0030 561126 0.394016 0.661050 0.238588
0030 587280 -0.007681 -0.040406 -0.108521 1500 1500 1500 1804 30 611053 9.173947 0.623132 0.000000 0.000000 0.000000 1.000000 34.023009 0030 611236 0.644989 0.661050 0.234940
0030 633484 -0.009662 -0.031641 -0.110461 1500 1500 1500 1802 30 660949 9.173947 0.623132 0.000000 0.000000 0.000000 1.000000 33.887836 0030 661163 0.394016 0.694950 0.238802
0030 687194 -0.007599 -0.019470 -0.114691 1500 1500 1500 1802 30 711059 9.298168 0.633449 0.000000 0.000000 0.000000 1.000000 33.885786 0030 711242 0.644989 0.678000 0.238502
0030 733490 -0.004703 -0.022946 -0.117715 1500 1500 1500 1801 30 760955 9.298168 0.633449 0.000000 0.000000 0.000000 1.000000 33.806012 0030 761139 0.394016 0.644100 0.241651
0030 787292 -0.003378 -0.022705 -0.121905 1500 1500 1500 1803 30 811004 9.422762 0.643881 0.000000 0.000000 0.000000 1.000000 33.917449 0030 811340 0.895969 0.678000 0.237373
0030 833984 -0.002000 -0.025388 -0.125588 1500 1500 1500 1802 30 861053 9.422762 0.643881 0.000000 0.000000 0.000000 1.000000 33.900804 0030 861267 1.146954 0.644100 0.237358
0030 887115 -0.001394 -0.019171 -0.128074 1500 1500 1500 1802 30 910980 9.547719 0.654441 0.000000 0.000000 0.000000 1.000000 33.888829 0030 911193 0.644989 0.711900 0.237358
0030 933502 0.001712 -0.014731 -0.130208 1500 1500 1500 1802 30 960846 9.547719 0.654441 0.000000 0.000000 0.000000 1.000000 33.880446 0030 961029 0.143049 0.474600 0.237358
0030 987274 0.004668 -0.017675 -0.131220 1500 1500 1500 1802 31 10955 9.673034 0.665136 0.000000 0.000000 0.000000 1.000000 33.874579 0031 011139 0.895969 0.508500 0.237358
0031 034881 0.005980 -0.021827 -0.132857 1500 1500 1500 1795 31 61096 9.673034 0.665136 0.000000 0.000000 0.000000 1.000000 33.485039 0031 061309 0.394016 0.576300 0.254297
0031 087127 0.006294 -0.029646 -0.134607 1500 1500 1500 1793 31 111114 9.798700 0.675973 0.000000 0.000000 0.000000 1.000000 33.357187 0031 111328 0.394016 0.661050 0.264457
0031 133606 0.003527 -0.027046 -0.135154 1500 1500 1500 1785 31 161255 9.798700 0.675973 0.000000 0.000000 0.000000 1.000000 32.922595 0031 161438 -0.107913 0.762750 0.289536
0031 186828 0.001854 -0.028689 -0.136467 1500 1500 1500 1788 31 211334 9.924710 0.686955 0.000000 0.000000 0.000000 1.000000 33.104292 0031 211578 0.143049 0.661050 0.292649
0031 233490 -0.000803 -0.031751 -0.137150 1500 1500 1500 1791 31 261322 9.924710 0.686955 0.000000 0.000000 0.000000 1.000000 33.243918 0031 261596 0.394016 0.644100 0.295139
0031 287078 -0.002146 -0.030403 -0.138652 1500 1500 1500 1794 31 311370 10.051058 0.698084 0.000000 0.000000 0.000000 1.000000 33.428747 0031 311615 0.895969 0.593250 0.293741
0031 333526 -0.000529 -0.031259 -0.139922 1500 1500 1500 1799 31 361480 10.051058 0.698084 0.000000 0.000000 0.000000 1.000000 33.706821 0031 361694 -0.107913 0.593250 0.285843
0031 386810 0.001175 -0.027828 -0.142507 1500 1500 1500 1796 31 411499 10.177739 0.709366 0.000000 0.000000 0.000000 1.000000 33.561354 0031 411682 0.644989 0.694950 0.293084
0031 433532 -0.003055 -0.033069 -0.144262 1500 1500 1500 1796 31 461578 10.177739 0.709366 0.000000 0.000000 0.000000 1.000000 33.565602 0031 461761 0.394016 0.661050 0.295487
0031 487182 -0.009985 -0.027298 -0.147075 1500 1500 1500 1797 31 511627 10.304746 0.720807 0.000000 0.000000 0.000000 1.000000 33.578180 0031 511810 0.143049 0.644100 0.297410
0031 535217 -0.014547 -0.033600 -0.148313 1500 1500 1500 1797 31 561615 10.304746 0.720807 0.000000 0.000000 0.000000 1.000000 33.594666 0031 561828 0.143049 0.661050 0.298948
0031 586944 -0.013192 -0.030048 -0.151555 1500 1500 1500 1797 31 611572 10.432072 0.732416 0.000000 0.000000 0.000000 1.000000 33.612352 0031 611755 0.895969 0.644100 0.300178
0031 634887 -0.008439 -0.036018 -0.154325 1500 1500 1500 1798 31 661560 10.432072 0.732416 0.000000 0.000000 0.000000 1.000000 33.629649 0031 661743 0.895969 0.661050 0.301163
0031 685577 -0.002743 -0.031587 -0.158005 1500 1500 1500 1796 31 711578 10.559710 0.744202 0.000000 0.000000 0.000000 1.000000 33.568551 0031 711761 0.394016 0.711900 0.305340
0031 733581 0.001995 -0.033219 -0.160345 1500 1500 1500 1800 31 761566 10.559710 0.744202 0.000000 0.000000 0.000000 1.000000 33.773894 0031 761749 0.143049 0.678000 0.298512
0031 787292 0.006954 -0.033270 -0.162625 1500 1500 1500 1806 31 811615 10.687654 0.756176 0.000000 0.000000 0.000000 1.000000 34.121767 0031 811798 1.146954 0.576300 0.282880
0031 834838 0.011105 -0.033474 -0.164727 1500 1500 1500 1808 31 861572 10.687654 0.756176 0.000000 0.000000 0.000000 1.000000 34.225672 0031 861755 -0.358868 0.661050 0.273764
0031 887054 0.013896 -0.029892 -0.167329 1500 1500 1500 1807 31 911560 10.815896 0.768345 0.000000 0.000000 0.000000 1.000000 34.184839 0031 911743 0.394016 0.661050 0.269861
0031 935058 0.014140 -0.029412 -0.168683 1500 1500 1500 1808 31 961578 10.815896 0.768345 0.000000 0.000000 0.000000 1.000000 34.217799 0031 961761 -0.107913 0.644100 0.263349
0031 987274 0.011015 -0.031811 -0.169525 1500 1500 1500 1810 32 11566 10.944432 0.780714 0.000000 0.000000 0.000000 1.000000 34.369128 0032 011749 0.143049 0.627150 0.251359
0032 034759 0.006203 -0.028375 -0.171648 1500 1500 1500 1807 32 61615 10.944432 0.780714 0.000000 0.000000 0.000000 1.000000 34.195729 0032 061828 0.644989 0.627150 0.251937
0032 085846 0.004188 -0.027021 -0.172810 1500 1500 1500 1812 32 111724 11.073256 0.793285 0.000000 0.000000 0.000000 1.000000 34.462357 0032 111938 1.648943 0.457650 0.235450
0032 133606 0.001283 -0.015815 -0.174985 1500 1500 1500 1809 32 161834 11.073256 0.793285 0.000000 0.000000 0.000000 1.000000 34.282975 0032 162017 -0.609817 0.661050 0.235450
0032 186920 -0.001539 -0.011169 -0.175526 1500 1500 1500 1807 32 211822 11.202361 0.806062 0.000000 0.000000 0.000000 1.000000 34.157408 0032 212036 0.895969 0.678000 0.235450
0032 233551 -0.003397 -0.009235 -0.176319 1500 1500 1500 1805 32 261901 11.202361 0.806062 0.000000 0.000000 0.000000 1.000000 34.069511 0032 262085 -0.609817 0.711900 0.235450
0032 286865 -0.001303 -0.009342 -0.176062 1500 1500 1500 1804 32 311920 11.331743 0.819046 0.000000 0.000000 0.000000 1.000000 34.007983 0032 312194 1.648943 0.678000 0.235450
0032 333465 -0.000751 -0.003279 -0.177243 1500 1500 1500 1803 32 361847 11.331743 0.819046 0.000000 0.000000 0.000000 1.000000 33.964913 0032 362060 1.899946 0.661050 0.235450
0032 386810 -0.001785 -0.006004 -0.176048 1500 1500 1500 1803 32 411804 11.461398 0.832234 0.000000 0.000000 0.000000 1.000000 33.934765 0032 411987 -0.609817 0.661050 0.235450
0032 433502 -0.002089 -0.002483 -0.176640 1500 1500 1500 1802 32 461883 11.461398 0.832234 0.000000 0.000000 0.000000 1.000000 33.913661 0032 462097 0.394016 0.644100 0.235450
0032 486999 -0.001648 -0.008369 -0.176122 1500 1500 1500 1802 32 511840 11.591321 0.845622 0.000000 0.000000 0.000000 1.000000 33.898888 0032 512268 0.895969 0.678000 0.235450
0032 535125 0.001424 -0.011333 -0.176139 1500 1500 1500 1802 32 561950 11.591321 0.845622 0.000000 0.000000 0.000000 1.000000 33.888547 0032 562225 0.143049 0.678000 0.235450
0032 586822 0.004248 -0.013314 -0.176211 1500 1500 1500 1802 32 612030 11.721509 0.859207 0.000000 0.000000 0.000000 1.000000 33.881308 0032 612243 -0.107913 0.610200 0.235450
0032 635345 0.006623 -0.015422 -0.176195 1500 1500 1500 1802 32 662078 11.721509 0.859207 0.000000 0.000000 0.000000 1.000000 33.876241 0032 662262 0.394016 0.678000 0.235450
0032 687164 0.007227 -0.022068 -0.176849 1500 1500 1500 1802 32 712005 11.851956 0.872988 0.000000 0.000000 0.000000 1.000000 33.872694 0032 712188 -0.358868 0.610200 0.235450
0032 733490 0.009769 -0.021283 -0.176907 1500 1500 1500 1802 32 762024 11.851956 0.872988 0.000000 0.000000 0.000000 1.000000 33.870211 0032 762237 -0.609817 0.678000 0.235450
0032 787323 0.010581 -0.024280 -0.176501 1500 1500 1500 1802 32 811950 11.982659 0.886962 0.000000 0.000000 0.000000 1.000000 33.868473 0032 812225 1.146954 0.661050 0.235450
0032 833496 0.006274 -0.017659 -0.176754 1500 1500 1500 1802 32 861999 11.982659 0.886962 0.000000 0.000000 0.000000 1.000000 33.867257 0032 862213 -0.609817 0.542400 0.235450
0032 887146 -0.004260 -0.018611 -0.175555 1500 1500 1500 1802 32 912078 12.113615 0.901124 0.000000 0.000000 0.000000 1.000000 33.866405 0032 912353 0.394016 0.661050 0.235450
0032 933319 -0.015162 -0.017758 -0.175763 1500 1500 1500 1802 32 962066 12.113615 0.901124 0.000000 0.000000 0.000000 1.000000 33.865809 0032 962280 1.397945 0.661050 0.235450
0032 986816 -0.019733 -0.019423 -0.174793 1500 1500 1500 1802 33 12146 12.244819 0.915469 0.000000 0.000000 0.000000 1.000000 33.865392 0033 012329 0.644989 0.627150 0.235450
0033 033325 -0.015312 -0.012776 -0.175585 1500 1500 1500 1802 33 62164 12.244819 0.915469 0.000000 0.000000 0.000000 1.000000 33.865099 0033 062347 0.394016 0.678000 0.235450
0033 085724 -0.007360 -0.010365 -0.175850 1500 1500 1500 1802 33 112213 12.376268 0.929995 0.000000 0.000000 0.000000 1.000000 33.864895 0033 112457 0.644989 0.661050 0.235450
0033 133361 -0.001557 -0.005136 -0.176556 1500 1500 1500 1802 33 162231 12.376268 0.929995 0.000000 0.000000 0.000000 1.000000 33.864752 0033 162750 -0.107913 0.678000 0.235450
0033 186798 0.004728 -0.008935 -0.176851 1500 1500 1500 1802 33 212249 12.507958 0.944701 0.000000 0.000000 0.000000 1.000000 33.864652 0033 212524 0.644989 0.661050 0.235450
0033 233307 0.008015 -0.002673 -0.177862 1500 1500 1500 1802 33 262207 12.507958 0.944701 0.000000 0.000000 0.000000 1.000000 33.864582 0033 262481 -0.107913 0.644100 0.235450
0033 287109 0.011479 0.001109 -0.176475 1500 1500 1500 1802 33 312164 12.639884 0.959586 0.000000 0.000000 0.000000 1.000000 33.864532 0033 312347 0.394016 0.627150 0.235450
0033 333465 0.013831 0.007820 -0.177071 1500 1500 1500 1802 33 362121 12.639884 0.959586 0.000000 0.000000 0.000000 1.000000 33.864498 0033 362304 1.146954 0.644100 0.235450
0033 386810 0.015446 0.009256 -0.176582 1500 1500 1500 1802 33 412170 12.772043 0.974647 0.000000 0.000000 0.000000 1.000000 33.864474 0033 412445 0.644989 0.644100 0.235450
0033 433441 0.014171 0.004418 -0.175886 1500 1500 1500 1802 33 462127 12.772043 0.974647 0.000000 0.000000 0.000000 1.000000 33.864457 0033 462310 -0.609817 0.576300 0.235450
0033 486999 0.011643 0.002003 -0.175102 1500 1500 1500 1802 33 512146 12.904433 0.989878 0.000000 0.000000 0.000000 1.000000 33.864445 0033 512329 -1.195342 0.694950 0.235450
0033 533355 0.008220 -0.000115 -0.175780 1500 1500 1500 1802 33 562255 12.904433 0.989878 0.000000 0.000000 0.000000 1.000000 33.864437 0033 562530 -0.107913 0.627150 0.235450
0033 586822 0.003574 -0.001666 -0.176288 1500 1500 1500 1802 33 612243 13.037048 1.005277 0.000000 0.000000 0.000000 1.000000 33.864431 0033 612518 -0.358868 0.694950 0.235450
0033 633636 -0.001012 -0.004894 -0.175491 1500 1500 1500 1802 33 662170 13.037048 1.005277 0.000000 0.000000 0.000000 1.000000 33.864427 0033 662445 0.644989 0.661050 0.235450
0033 687133 -0.006658 -0.007986 -0.175053 1500 1500 1500 1802 33 712188 13.169886 1.020841 0.000000 0.000000 0.000000 1.000000 33.864424 0033 712463 0.895969 0.644100 0.235450
0033 733368 -0.011927 -0.015848 -0.173611 1500 1500 1500 1800 33 762085 13.169886 1.020841 0.000000 0.000000 0.000000 1.000000 33.778863 0033 762268 0.644989 0.644100 0.239210
0033 786712 -0.014641 -0.016398 -0.173920 1500 1500 1500 1797 33 812133 13.302944 1.036565 0.000000 0.000000 0.000000 1.000000 33.579716 0033 812347 0.895969 0.661050 0.248998
0033 833343 -0.012432 -0.012885 -0.175152 1500 1500 1500 1792 33 861999 13.302944 1.036565 0.000000 0.000000 0.000000 1.000000 33.325147 0033 862182 0.644989 0.661050 0.263608
0033 886993 -0.008496 -0.017356 -0.175566 1500 1500 1500 1787 33 912140 13.436219 1.052448 0.000000 0.000000 0.000000 1.000000 33.051053 0033 912353 0.394016 0.661050 0.282077
0033 933288 -0.003573 -0.017376 -0.176096 1500 1500 1500 1783 33 962249 13.436219 1.052448 0.000000 0.000000 0.000000 1.000000 32.778708 0033 962524 -0.358868 0.678000 0.303631
0033 986755 0.002845 -0.025435 -0.175383 1500 1500 1500 1785 34 12237 13.569706 1.068489 0.000000 0.000000 0.000000 1.000000 32.905617 0034 012512 -0.358868 0.661050 0.310705
0034 033294 0.009274 -0.017635 -0.177051 1500 1500 1500 1791 34 62225 13.569706 1.068489 0.000000 0.000000 0.000000 1.000000 33.254139 0034 062500 -0.358868 0.644100 0.306194
0034 085327 0.011362 -0.016323 -0.177100 1500 1500 1500 1795 34 112304 13.703402 1.084686 0.000000 0.000000 0.000000 1.000000 33.480078 0034 112579 0.644989 0.711900 0.302585
0034 133361 0.011316 -0.012444 -0.178203 1500 1500 1500 1803 34 162567 13.703402 1.084686 0.000000 0.000000 0.000000 1.000000 33.932372 0034 162750 0.895969 0.711900 0.286138
0034 187194 0.011805 -0.010933 -0.178828 1500 1500 1500 1806 34 212646 13.837303 1.101042 0.000000 0.000000 0.000000 1.000000 34.106116 0034 212829 -0.358868 0.661050 0.276371
0034 233459 0.012644 -0.002334 -0.178961 1500 1500 1500 1806 34 262664 13.837303 1.101042 0.000000 0.000000 0.000000 1.000000 34.111566 0034 262878 -0.358868 0.711900 0.271946
0034 285461 0.009228 -0.001054 -0.180050 1500 1500 1500 1808 34 312713 13.971406 1.117558 0.000000 0.000000 0.000000 1.000000 34.251982 0034 312896 0.644989 0.694950 0.261627
0034 333709 0.002267 -0.002101 -0.180613 1500 1500 1500 1804 34 362671 13.971406 1.117558 0.000000 0.000000 0.000000 1.000000 34.000479 0034 362854 0.895969 0.661050 0.266932
0034 387176 -0.003815 0.001434 -0.182162 1500 1500 1500 1800 34 412750 14.105706 1.134234 0.000000 0.000000 0.000000 1.000000 33.768484 0034 412963 0.394016 0.745800 0.274565
0034 433654 -0.007008 0.001180 -0.183631 1500 1500 1500 1800 34 462646 14.105706 1.134234 0.000000 0.000000 0.000000 1.000000 33.790871 0034 462829 1.146954 0.678000 0.273892
0034 485351 -0.010124 0.003295 -0.184947 1500 1500 1500 1801 34 512725 14.240199 1.151075 0.000000 0.000000 0.000000 1.000000 33.803852 0034 512909 1.146954 0.661050 0.273354
0034 533508 -0.012038 -0.001616 -0.185505 1500 1500 1500 1798 34 562835 14.240199 1.151075 0.000000 0.000000 0.000000 1.000000 33.656508 0034 563049 0.644989 0.678000 0.279703
0034 586761 -0.013028 -0.001204 -0.187332 1500 1500 1500 1799 34 612823 14.374882 1.168083 0.000000 0.000000 0.000000 1.000000 33.733018 0034 613006 0.143049 0.593250 0.278002
0034 633575 -0.013082 0.000011 -0.188436 1500 1500 1500 1796 34 662780 14.374882 1.168083 0.000000 0.000000 0.000000 1.000000 33.548361 0034 662963 0.394016 0.678000 0.286812
0034 687133 -0.014606 0.009285 -0.190507 1500 1500 1500 1798 34 712768 14.509750 1.185262 0.000000 0.000000 0.000000 1.000000 33.685722 0034 712951 0.895969 0.678000 0.283690
0034 733398 -0.011648 0.008763 -0.192123 1500 1500 1500 1797 34 762786 14.509750 1.185262 0.000000 0.000000 0.000000 1.000000 33.615119 0034 762970 -0.860761 0.644100 0.287972
0034 786682 -0.004601 0.011316 -0.194095 1500 1500 1500 1801 34 812744 14.644798 1.202618 0.000000 0.000000 0.000000 1.000000 33.814226 0034 812957 -0.609817 0.627150 0.281227
0034 833496 0.004620 0.005202 -0.196293 1500 1500 1500 1804 34 862793 14.644798 1.202618 0.000000 0.000000 0.000000 1.000000 34.003790 0034 862976 -0.107913 0.644100 0.272442
0034 886871 0.008965 0.000038 -0.196015 1500 1500 1500 1803 34 912780 14.780024 1.220154 0.000000 0.000000 0.000000 1.000000 33.941448 0034 912994 0.895969 0.796650 0.272442
0034 933471 0.006234 0.006181 -0.196001 1500 1500 1500 1804 34 962860 14.780024 1.220154 0.000000 0.000000 0.000000 1.000000 33.980600 0034 963073 0.143049 0.610200 0.268803
0034 986694 0.007182 0.006996 -0.195632 1500 1500 1500 1803 35 12848 14.915423 1.237867 0.000000 0.000000 0.000000 1.000000 33.927234 0035 013031 0.394016 0.830550 0.268803
0035 033477 0.009120 0.008687 -0.196826 1500 1500 1500 1803 35 62744 14.915423 1.237867 0.000000 0.000000 0.000000 1.000000 33.956111 0035 062927 0.394016 0.644100 0.265893
0035 087036 0.011688 0.006392 -0.198336 1500 1500 1500 1802 35 112732 15.050993 1.255759 0.000000 0.000000 0.000000 1.000000 33.887554 0035 112915 -0.358868 0.661050 0.266954
0035 133453 0.013243 0.006919 -0.200097 1500 1500 1500 1801 35 162811 15.050993 1.255759 0.000000 0.000000 0.000000 1.000000 33.843806 0035 162994 -0.107913 0.644100 0.267803
