0000:000000,0.000000,0.000000,0.000000
0000:068910,0.531565,0.439841,-145.413101
0000:068910,0.531565,0.439841,-145.413101
0000:169100,0.534579,0.440357,-145.526291
0000:169100,0.534579,0.440357,-145.526291
0000:269718,0.535881,0.439741,-145.640259
0000:269718,0.535881,0.439741,-145.640259
0000:369938,0.539091,0.439228,-145.757217
0000:369938,0.539091,0.439228,-145.757217
0000:470647,0.539487,0.440300,-145.876801
0000:470647,0.539487,0.440300,-145.876801
0000:571234,0.538900,0.439954,-145.995224
0000:571234,0.538900,0.439954,-145.995224
0000:671638,0.536803,0.437891,-146.114151
0000:671638,0.536803,0.437891,-146.114151
0000:772286,0.535285,0.440294,-146.235855
0000:772286,0.535285,0.440294,-146.235855
0000:872934,0.535471,0.442882,-146.358521
0000:872934,0.535471,0.442882,-146.358521
0000:973125,0.537129,0.442375,-146.481491
0000:973125,0.537129,0.442375,-146.481491
0001:073681,0.537984,0.442141,-146.606873
0001:126080,0.537678,0.441167,-146.732712
0001:174848,0.537691,0.440057,-146.796173
0001:174848,0.537691,0.440057,-146.796173
0001:274733,0.537597,0.439258,-146.859741
0001:325271,0.537141,0.440380,-146.991623
0001:375534,0.536008,0.439583,-147.056915
0001:375534,0.536008,0.439583,-147.056915
0001:475449,0.538216,0.440925,-147.125870
0001:475449,0.538216,0.440925,-147.125870
0001:575975,0.539697,0.440577,-147.257187
0001:626391,0.541681,0.442419,-147.386780
0001:676471,0.541990,0.443317,-147.454941
0001:726673,0.541255,0.442813,-147.522293
0001:776844,0.540500,0.443287,-147.589355
0001:827015,0.541758,0.443494,-147.658798
0001:877004,0.541368,0.444395,-147.726715
0001:928060,0.539219,0.444221,-147.795914
0001:977377,0.538932,0.443945,-147.865891
0002:027610,0.540248,0.444896,-147.937500
0002:077781,0.539908,0.446159,-148.006714
0002:129570,0.539110,0.446091,-148.077484
0002:178795,0.536330,0.444985,-148.147903
0002:228356,0.534764,0.445188,-148.219086
0002:278772,0.534011,0.444814,-148.290848
0002:328913,0.533490,0.444955,-148.361816
0002:379695,0.533882,0.444369,-148.434845
0002:430873,0.534478,0.444909,-148.510132
0002:480037,0.535229,0.445132,-148.578781
0002:530422,0.534648,0.446053,-148.655075
0002:580930,0.534523,0.447395,-148.722855
0002:630582,0.533939,0.447195,-148.795410
0002:680906,0.534056,0.447860,-148.868988
0002:731261,0.535692,0.446734,-148.942963
0002:781493,0.535978,0.445703,-149.017761
0002:831817,0.533491,0.445157,-149.090942
0002:882111,0.531531,0.445733,-149.164062
0002:932892,0.529661,0.444076,-149.239960
0002:982484,0.528743,0.442678,-149.317490
0003:032808,0.527413,0.441474,-149.394028
0003:083010,0.525965,0.441317,-149.471237
0003:135104,0.525185,0.442120,-149.548096
0003:184055,0.527416,0.442497,-149.624954
0003:233707,0.527008,0.442599,-149.703033
0003:283848,0.526044,0.443579,-149.781372
0003:334355,0.526579,0.444712,-149.859390
0003:384679,0.527700,0.445882,-149.937164
0003:435766,0.528905,0.445071,-150.019653
0003:484900,0.529381,0.444685,-150.096466
0003:535590,0.528671,0.444128,-150.178207
0003:585152,0.529228,0.442049,-150.256485
0003:635537,0.528906,0.441086,-150.336151
0003:685555,0.527476,0.440840,-150.414963
0003:735910,0.526202,0.441471,-150.495956
0003:786020,0.526677,0.441399,-150.577866
0003:836283,0.527393,0.441160,-150.658310
0003:886455,0.526250,0.440843,-150.738831
0003:937359,0.524793,0.440357,-150.820923
0003:986950,0.525146,0.440556,-150.903564
0004:037244,0.526641,0.439796,-150.986023
0004:087537,0.528377,0.440591,-151.067123
0004:139082,0.528390,0.439808,-151.150421
0004:188399,0.529351,0.440813,-151.233444
0004:238082,0.528802,0.441306,-151.316788
0004:288345,0.529895,0.440298,-151.400726
0004:338547,0.531136,0.438884,-151.484344
0004:389084,0.530584,0.438913,-151.568420
0004:439531,0.529256,0.437477,-151.656494
0004:489427,0.529286,0.434904,-151.738220
0004:540118,0.528988,0.433188,-151.827255
0004:590014,0.529067,0.432613,-151.909088
0004:640003,0.528871,0.430871,-151.995178
0004:690327,0.528083,0.428620,-152.079803
0004:741169,0.527641,0.427686,-152.166092
0004:790639,0.527591,0.427294,-152.252045
0004:841055,0.527290,0.426089,-152.338593
0004:891256,0.527323,0.425748,-152.426910
0004:942069,0.527621,0.426521,-152.514023
0004:991813,0.529230,0.426720,-152.602188
0005:042137,0.529101,0.426381,-152.690231
0005:092797,0.528305,0.426249,-152.779160
0005:143823,0.528641,0.426552,-152.868225
0005:193323,0.529173,0.425938,-152.956512
0005:243250,0.528918,0.425456,-153.046158
0005:293391,0.528683,0.424616,-153.135468
0005:343989,0.529296,0.424613,-153.225067
0005:394069,0.529789,0.424021,-153.314957
0005:444454,0.531179,0.424315,-153.408875
0005:494290,0.528973,0.424508,-153.495758
0005:545102,0.529576,0.425615,-153.591003
0005:594511,0.529677,0.426392,-153.677002
0005:644621,0.530695,0.427621,-153.768738
0005:694915,0.530305,0.429179,-153.860062
0005:745056,0.529825,0.430534,-153.950287
0005:795105,0.531461,0.430829,-154.041916
0005:845399,0.532417,0.430594,-154.134308
0005:895814,0.532920,0.432032,-154.227539
0005:946474,0.531550,0.431652,-154.321335
0005:996340,0.532483,0.430425,-154.412888
0006:047000,0.534095,0.429863,-154.506393
0006:097324,0.534920,0.429831,-154.598801
0006:148777,0.534356,0.427812,-154.691467
0006:197972,0.533883,0.427103,-154.785110
0006:248174,0.532523,0.426890,-154.878342
0006:298498,0.531990,0.426807,-154.972321
0006:348608,0.531074,0.426690,-155.066803
0006:399237,0.531068,0.425939,-155.160690
0006:449256,0.531628,0.426139,-155.265656
0006:499367,0.533038,0.427040,-155.347977
0006:550087,0.533468,0.426552,-155.445999
0006:599831,0.534077,0.426704,-155.537323
0006:650094,0.534614,0.427026,-155.631836
0006:700235,0.536977,0.426411,-155.727341
0006:750559,0.535342,0.426672,-155.821106
0006:800944,0.536541,0.426473,-155.917542
0006:851207,0.536949,0.424247,-156.013702
0006:901562,0.537079,0.423773,-156.109482
0006:952191,0.536460,0.422779,-156.207474
0007:002149,0.534880,0.421260,-156.303055
0007:052473,0.533514,0.419440,-156.400970
0007:102675,0.533673,0.419135,-156.499161
0007:153487,0.534164,0.420340,-156.595459
0007:203201,0.534094,0.419964,-156.691467
0007:253342,0.532783,0.420164,-156.788239
0007:303483,0.534122,0.419419,-156.884964
0007:353746,0.534817,0.420713,-156.982178
0007:404283,0.535768,0.419320,-157.080338
0007:454638,0.536431,0.418634,-157.181229
0007:504382,0.537176,0.420426,-157.275452
0007:555286,0.538514,0.421464,-157.378311
0007:604664,0.539833,0.421373,-157.473450
0007:654957,0.540774,0.422051,-157.572098
0007:705129,0.541037,0.423311,-157.671127
0007:755453,0.540712,0.423177,-157.769638
0007:805502,0.540224,0.422182,-157.869705
0007:855857,0.541112,0.421954,-157.969696
0007:906150,0.539254,0.422978,-158.068069
0007:956291,0.537844,0.423672,-158.168320
0008:006340,0.538153,0.424411,-158.268295
0008:056664,0.539169,0.422896,-158.368744
0008:107080,0.540262,0.422394,-158.469208
0008:157465,0.541673,0.421724,-158.568939
0008:207606,0.542629,0.422274,-158.669220
0008:257838,0.544772,0.420595,-158.769272
0008:308162,0.543643,0.421237,-158.869125
0008:358456,0.543645,0.419565,-158.970200
0008:408841,0.542761,0.419983,-159.070404
0008:459165,0.542702,0.420295,-159.175385
0008:509062,0.541568,0.419860,-159.271759
0008:559691,0.541577,0.419061,-159.376312
0008:609466,0.541216,0.417451,-159.473999
0008:659606,0.541143,0.417676,-159.575287
0008:709778,0.542080,0.416264,-159.676407
0008:760010,0.540889,0.414700,-159.778244
0008:810365,0.539939,0.415518,-159.879089
0008:860231,0.540659,0.413968,-159.981552
0008:910494,0.539599,0.413496,-160.083755
0008:960635,0.538538,0.413569,-160.185608
0009:010837,0.539105,0.413269,-160.287750
0009:061039,0.538596,0.414371,-160.390106
0009:111424,0.537782,0.414340,-160.491440
0009:161778,0.538902,0.415589,-160.594971
0009:211889,0.540027,0.413619,-160.697601
0009:262060,0.541172,0.412815,-160.800690
0009:312354,0.542839,0.411839,-160.903076
0009:362434,0.542827,0.411987,-161.005829
0009:413032,0.542297,0.410514,-161.109085
0009:463417,0.543241,0.410514,-161.215942
0009:513345,0.544435,0.408717,-161.316269
0009:563821,0.544249,0.409266,-161.424118
0009:613718,0.546500,0.408382,-161.523071
0009:664042,0.545459,0.408244,-161.625961
0009:714213,0.544773,0.407927,-161.729919
0009:764507,0.546190,0.406899,-161.833572
0009:814678,0.547174,0.407488,-161.938217
0009:864972,0.548216,0.407060,-162.040863
0009:915265,0.547578,0.406973,-162.144547
0009:965528,0.547618,0.405257,-162.247849
0010:015730,0.550639,0.405205,-162.351974
0010:066268,0.552190,0.404250,-162.455688
0010:116226,0.552885,0.403237,-162.560135
0010:166519,0.553366,0.404168,-162.663300
0010:216843,0.553648,0.403824,-162.767746
0010:216843,0.553648,0.403824,-162.767746
0010:317247,0.553465,0.401875,-162.976303
0010:317247,0.553465,0.401875,-162.976303
0010:417773,0.551103,0.400110,-163.185150
0010:468036,0.550883,0.399635,-163.292145
0010:468036,0.550883,0.399635,-163.292145
0010:568226,0.549803,0.401397,-163.501144
0010:568226,0.549803,0.401397,-163.501144
0010:668508,0.554430,0.402535,-163.705002
0010:668508,0.554430,0.402535,-163.705002
0010:769004,0.555384,0.403595,-163.914230
0010:769004,0.555384,0.403595,-163.914230
0010:869682,0.555981,0.404811,-164.123596
0010:869682,0.555981,0.404811,-164.123596
0010:969903,0.557588,0.403620,-164.333984
0010:969903,0.557588,0.403620,-164.333984
0011:070307,0.555615,0.403423,-164.544327
0011:070307,0.555615,0.403423,-164.544327
0011:170711,0.554542,0.403615,-164.753464
0011:170711,0.554542,0.403615,-164.753464
0011:271420,0.551348,0.402480,-164.962723
0011:271420,0.551348,0.402480,-164.962723
0011:372098,0.551756,0.401659,-165.171661
0011:372098,0.551756,0.401659,-165.171661
0011:472655,0.552217,0.403394,-165.385269
0011:472655,0.552217,0.403394,-165.385269
0011:573181,0.553360,0.403631,-165.597183
0011:573181,0.553360,0.403631,-165.597183
0011:673615,0.552484,0.404382,-165.803970
0011:724214,0.554900,0.404961,-166.014160
0011:774324,0.554005,0.403805,-166.118179
0011:774324,0.554005,0.403805,-166.118179
0011:874484,0.553268,0.400156,-166.222351
0011:925815,0.552332,0.397659,-166.429779
0011:975254,0.550511,0.396507,-166.534698
0012:025456,0.550036,0.395238,-166.638763
0012:075902,0.548587,0.395038,-166.743042
0012:127630,0.548174,0.395254,-166.846588
0012:177130,0.548617,0.394998,-166.949722
0012:226599,0.550020,0.395073,-167.053940
0012:276679,0.550997,0.394139,-167.158310
0012:326912,0.551704,0.393598,-167.261154
0012:377571,0.553208,0.394852,-167.365402
0012:377571,0.553208,0.394852,-167.365402
0012:477090,0.553629,0.396257,-167.472809
0012:528147,0.554788,0.395654,-167.680161
0012:578410,0.556244,0.396516,-167.780334
0012:627879,0.556810,0.396755,-167.883652
0012:678020,0.556248,0.396597,-167.987076
0012:728283,0.555483,0.395802,-168.089645
0012:778760,0.555758,0.396277,-168.192703
0012:828748,0.555025,0.396555,-168.295273
0012:879133,0.552785,0.399211,-168.396805
0012:930037,0.552629,0.400699,-168.498657
0012:979567,0.552003,0.399834,-168.601440
0013:029708,0.552542,0.399960,-168.704926
0013:079941,0.552618,0.401104,-168.806488
0013:131974,0.551031,0.401254,-168.909698
0013:181199,0.550981,0.400783,-169.013000
0013:230852,0.553671,0.400589,-169.114868
0013:281176,0.555143,0.400313,-169.218262
0013:331500,0.556657,0.399056,-169.320480
0013:382007,0.557020,0.398225,-169.422516
0013:433033,0.556390,0.396641,-169.528320
0013:482258,0.557078,0.395325,-169.627274
0013:532979,0.555255,0.394167,-169.733459
0013:582418,0.553977,0.392836,-169.832474
0013:632925,0.553549,0.389929,-169.934372
0013:683035,0.553122,0.390423,-170.038147
0013:733359,0.552669,0.391189,-170.140945
0013:783561,0.553342,0.391914,-170.243073
0013:833794,0.551973,0.392417,-170.343597
0013:883904,0.551785,0.393523,-170.445023
0013:935205,0.553011,0.393060,-170.545975
0013:984339,0.553511,0.391629,-170.648590
0014:034724,0.553332,0.391081,-170.748077
0014:084956,0.553751,0.391741,-170.848618
0014:136989,0.554094,0.390794,-170.949036
0014:185940,0.555552,0.389783,-171.048721
0014:235654,0.556026,0.390070,-171.148621
0014:285978,0.555597,0.390097,-171.248901
0014:336302,0.553154,0.391121,-171.347595
0014:386809,0.553868,0.391220,-171.447067
0014:437682,0.553495,0.392980,-171.550201
0014:487121,0.552099,0.392016,-171.646271
0014:537933,0.552039,0.391550,-171.749542
0014:587861,0.551968,0.390946,-171.845276
0014:638246,0.552740,0.390403,-171.945374
0014:688142,0.551599,0.390693,-172.044800
0014:738314,0.550829,0.392463,-172.144501
0014:788729,0.551747,0.391499,-172.242355
0014:838748,0.554038,0.391139,-172.342087
0014:889011,0.555965,0.390124,-172.441528
0014:939854,0.557471,0.390558,-172.537735
0014:989751,0.557540,0.389405,-172.636154
0015:039892,0.558346,0.389157,-172.733276
0015:090094,0.557267,0.388171,-172.831085
0015:141242,0.558086,0.387926,-172.930389
0015:190925,0.556894,0.388979,-173.028305
0015:240791,0.557616,0.388696,-173.126007
0015:291146,0.613066,0.334946,-173.220749
0015:341317,0.702343,0.259044,-173.297424
0015:391733,0.726465,0.204300,-173.354782
0015:442270,0.771488,0.186016,-173.401321
0015:491831,0.786378,0.147334,-173.434998
0015:542735,0.787127,0.125848,-173.463043
0015:592449,0.808371,0.116998,-173.482635
0015:642681,0.818305,0.090230,-173.499054
0015:693371,0.828485,0.084495,-173.511139
0015:743329,0.808557,0.072634,-173.521255
0015:793348,0.808546,0.054429,-173.528305
0015:843611,0.807025,0.055200,-173.534317
0015:893782,0.816595,0.058399,-173.539261
0015:944442,0.799648,0.067703,-173.542755
0015:994308,0.801606,0.086897,-173.543930
0016:044663,0.817617,0.079800,-173.546143
0016:094804,0.794749,0.078409,-173.546738
0016:146104,0.804516,0.079834,-173.546753
0016:195421,0.815551,0.084817,-173.546509
0016:245532,0.804538,0.088007,-173.545975
0016:295886,0.807263,0.081497,-173.545181
0016:345905,0.813240,0.082656,-173.545181
0016:396443,0.817675,0.083511,-173.544754
0016:446828,0.818630,0.084413,-173.544571
0016:496969,0.818953,0.083904,-173.542938
0016:547354,0.819652,0.085205,-173.541870
0016:597403,0.821603,0.084820,-173.541351
0016:647605,0.820264,0.084268,-173.540039
0016:697838,0.819076,0.082502,-173.538849
0016:748009,0.816872,0.081382,-173.537582
0016:798760,0.817751,0.080231,-173.536392
0016:848596,0.817094,0.080151,-173.535034
0016:898950,0.816506,0.078968,-173.532593
0016:949580,0.815572,0.077462,-173.528732
0016:999507,0.815885,0.077314,-173.526062
0017:049861,0.816860,0.077968,-173.522568
0017:100185,0.815943,0.077642,-173.519363
0017:150815,0.816273,0.077277,-173.515656
0017:200650,0.816647,0.077930,-173.512924
0017:250822,0.818549,0.077960,-173.509689
0017:301054,0.819893,0.078360,-173.505783
0017:351317,0.819968,0.079282,-173.501144
0017:401702,0.820453,0.079033,-173.496933
0017:452026,0.821939,0.077080,-173.492020
0017:501801,0.823278,0.077441,-173.487457
0017:552888,0.823797,0.077114,-173.483444
0017:602296,0.823776,0.076654,-173.478195
0017:652834,0.824138,0.076470,-173.471634
0017:702822,0.823745,0.076655,-173.465485
0017:753085,0.822245,0.077377,-173.458649
0017:803196,0.821081,0.076650,-173.451553
0017:853367,0.818449,0.076488,-173.443710
0017:903935,0.818247,0.076220,-173.436295
0017:954198,0.819348,0.077134,-173.429092
0018:004034,0.819815,0.077122,-173.421677
0018:054267,0.820756,0.078120,-173.413635
0018:104346,0.822250,0.079369,-173.404846
0018:154976,0.824935,0.079865,-173.395737
0018:204842,0.828897,0.079446,-173.386902
0018:255196,0.829777,0.079393,-173.377014
0018:305368,0.830111,0.076604,-173.367249
0018:355600,0.830699,0.077879,-173.357437
0018:406138,0.830306,0.077676,-173.348724
0018:456462,0.830303,0.076422,-173.339066
0018:506359,0.829793,0.074580,-173.329422
0018:557018,0.828231,0.074782,-173.318527
0018:606915,0.828410,0.075483,-173.308975
0018:657087,0.828896,0.075941,-173.296753
0018:707350,0.829374,0.075986,-173.284653
0018:757551,0.828648,0.075799,-173.273010
0018:808059,0.828903,0.076668,-173.261230
0018:858199,0.829008,0.077088,-173.246704
0018:908432,0.830690,0.077395,-173.234879
0018:958756,0.831102,0.077361,-173.221939
0019:009202,0.833671,0.076928,-173.208206
0019:059282,0.834043,0.077741,-173.194107
0019:109759,0.835293,0.077692,-173.181274
0019:159991,0.834921,0.076436,-173.166687
0019:210101,0.835198,0.074719,-173.152908
0019:260425,0.834896,0.073871,-173.137207
0019:310780,0.834183,0.072374,-173.122330
0019:361043,0.833866,0.072913,-173.106979
0019:412008,0.833982,0.072270,-173.091675
0019:462027,0.834390,0.074676,-173.074905
0019:511801,0.834033,0.075678,-173.058990
0019:562400,0.833490,0.076648,-173.041138
0019:612266,0.833583,0.078116,-173.025452
0019:662773,0.833966,0.080561,-173.008347
0019:712701,0.834632,0.081450,-172.990997
0019:763116,0.833427,0.081459,-172.973175
0019:813227,0.831673,0.082382,-172.954758
0019:863551,0.833732,0.083515,-172.936172
0019:913722,0.835592,0.082817,-172.915985
0019:963985,0.837741,0.081388,-172.897995
0020:014065,0.838729,0.080321,-172.878601
0020:064175,0.837684,0.080172,-172.858276
0020:114591,0.836279,0.078654,-172.838165
0020:164793,0.837250,0.078754,-172.817459
0020:214934,0.836459,0.077486,-172.796463
0020:265227,0.836055,0.078577,-172.775711
0020:315704,0.835354,0.079961,-172.755234
0020:315704,0.835354,0.079961,-172.755234
0020:415802,0.834145,0.081484,-172.712494
0020:466462,0.834374,0.081815,-172.690338
0020:466462,0.834374,0.081815,-172.690338
0020:566805,0.837024,0.084628,-172.644424
0020:566805,0.837024,0.084628,-172.644424
0020:666934,0.838454,0.085434,-172.599350
0020:666934,0.838454,0.085434,-172.599350
0020:767247,0.837581,0.084372,-172.550919
0020:767247,0.837581,0.084372,-172.550919
0020:867742,0.839497,0.083831,-172.501755
0020:867742,0.839497,0.083831,-172.501755
0020:968604,0.839454,0.084755,-172.453201
0020:968604,0.839454,0.084755,-172.453201
0021:068824,0.840706,0.085685,-172.401642
0021:068824,0.840706,0.085685,-172.401642
0021:169717,0.838932,0.085120,-172.348923
0021:169717,0.838932,0.085120,-172.348923
0021:274057,0.838808,0.086025,-172.295898
0021:324137,0.837818,0.086187,-172.241882
0021:374766,0.837298,0.085390,-172.214447
0021:374766,0.837298,0.085390,-172.214447
0021:474438,0.838977,0.084479,-172.185684
0021:474438,0.838977,0.084479,-172.185684
0021:574933,0.838881,0.082717,-172.127060
0021:625532,0.838888,0.082702,-172.069763
0021:675917,0.837461,0.082750,-172.038635
0021:726149,0.837531,0.083752,-172.008789
0021:776443,0.836137,0.085048,-171.977264
0021:826645,0.835640,0.085479,-171.946884
0021:876908,0.833734,0.086085,-171.915573
0021:928086,0.835182,0.086546,-171.884384
0021:977464,0.833931,0.087497,-171.851913
0022:027788,0.832814,0.087158,-171.819870
0022:078082,0.833397,0.087061,-171.787643
0022:129810,0.833910,0.087274,-171.756653
0022:179066,0.832347,0.087218,-171.725281
0022:228505,0.831549,0.087917,-171.691086
0022:278768,0.832912,0.087653,-171.656006
0022:329061,0.831950,0.088124,-171.620834
0022:379477,0.832413,0.088192,-171.585251
0022:431113,0.831713,0.087368,-171.548965
0022:479789,0.833161,0.086392,-171.514221
0022:530479,0.833461,0.084233,-171.475525
0022:580528,0.831645,0.084473,-171.441666
0022:630364,0.830539,0.084403,-171.406235
0022:680444,0.829582,0.085636,-171.368958
0022:730799,0.829888,0.085328,-171.332870
0022:780817,0.831427,0.085455,-171.295532
0022:831111,0.831977,0.085669,-171.257843
0022:881435,0.831261,0.086913,-171.218842
0022:932430,0.831493,0.087360,-171.180725
0022:982113,0.831956,0.088198,-171.142624
0023:032315,0.831791,0.087146,-171.104141
0023:082639,0.831909,0.086981,-171.064743
0023:134184,0.833652,0.087152,-171.025574
0023:183867,0.834322,0.085656,-170.984192
0023:233459,0.834851,0.084890,-170.943726
0023:283752,0.835260,0.084971,-170.902924
0023:333985,0.834794,0.085193,-170.862701
0023:384767,0.834227,0.085334,-170.821701
0023:435243,0.833947,0.084914,-170.778809
0023:484713,0.831981,0.085706,-170.738083
0023:535372,0.829998,0.086647,-170.693878
0023:585086,0.828384,0.085440,-170.652740
0023:635227,0.826856,0.087031,-170.609879
0023:685337,0.826822,0.086998,-170.565491
0023:735509,0.825469,0.086507,-170.520233
0023:785802,0.826564,0.086468,-170.476837
0023:836065,0.828054,0.087003,-170.433243
0023:886359,0.829034,0.086999,-170.388626
0023:937141,0.831038,0.087929,-170.342438
0023:986915,0.832251,0.088788,-170.297104
0024:037178,0.833535,0.088764,-170.251541
0024:087502,0.835613,0.087682,-170.205490
0024:138864,0.834781,0.087950,-170.158997
0024:188455,0.834812,0.087518,-170.111588
0024:238352,0.834010,0.087406,-170.063156
0024:288646,0.832532,0.087189,-170.014999
0024:338939,0.831723,0.087486,-169.966431
0024:389446,0.829932,0.087995,-169.916641
0024:439953,0.828737,0.088829,-169.865982
0024:489423,0.828635,0.090454,-169.817780
0024:540144,0.829594,0.091827,-169.765549
0024:590071,0.830972,0.091154,-169.718811
0024:640212,0.834077,0.090223,-169.668259
0024:690414,0.835219,0.090100,-169.617523
0024:740524,0.837113,0.089514,-169.567276
0024:790726,0.836993,0.090167,-169.516968
0024:841142,0.836982,0.091162,-169.465607
0024:891191,0.837898,0.090758,-169.413956
0024:941942,0.838591,0.090670,-169.362305
0024:991748,0.836679,0.091263,-169.310257
0025:041980,0.834082,0.090446,-169.256607
0025:092212,0.833578,0.092045,-169.203644
0025:143269,0.833194,0.090567,-169.151398
0025:192860,0.833440,0.092448,-169.097137
0025:242757,0.831898,0.092012,-169.042267
0025:292929,0.830572,0.093088,-168.987396
0025:343222,0.831478,0.094063,-168.934143
0025:393607,0.833389,0.093709,-168.879517
0025:444053,0.836082,0.093764,-168.821289
0025:493950,0.836372,0.094640,-168.767975
0025:544640,0.836104,0.093876,-168.711166
0025:594293,0.835549,0.093597,-168.656052
0025:644434,0.835807,0.092563,-168.597839
0025:695185,0.836127,0.092114,-168.541016
0025:744838,0.834841,0.092500,-168.482040
0025:795406,0.834784,0.094013,-168.423843
0025:845577,0.834415,0.094768,-168.364975
0025:895932,0.832983,0.094951,-168.305969
0025:946256,0.832717,0.094527,-168.247726
0025:996244,0.830857,0.095016,-168.188568
0026:046232,0.827708,0.093672,-168.128464
0026:096740,0.826779,0.092512,-168.068039
0026:147460,0.825735,0.091333,-168.007111
0026:197204,0.822943,0.091858,-167.946259
0026:247773,0.821875,0.091621,-167.885971
0026:297853,0.822616,0.090910,-167.823059
0026:347932,0.822157,0.089620,-167.760513
0026:398409,0.822731,0.089364,-167.699219
0026:448702,0.822209,0.090126,-167.635788
0026:498569,0.823256,0.090787,-167.576645
0026:550907,0.821159,0.089299,-167.511749
0026:599064,0.823146,0.090500,-167.451050
0026:649266,0.823185,0.089885,-167.387466
0026:699376,0.823320,0.090198,-167.324127
0026:749884,0.822968,0.088918,-167.260056
0026:799750,0.822820,0.088012,-167.194275
0026:850257,0.821451,0.088617,-167.129990
0026:900428,0.820930,0.089338,-167.064987
0026:951058,0.820129,0.088649,-166.999939
0027:000771,0.820417,0.088610,-166.933929
0027:051126,0.819930,0.089265,-166.867935
0027:101389,0.820383,0.089528,-166.801971
0027:151896,0.820717,0.088248,-166.736404
0027:201854,0.820720,0.088622,-166.669022
0027:252117,0.821347,0.087717,-166.601471
0027:302441,0.820901,0.086888,-166.533356
0027:352673,0.821737,0.085929,-166.465622
0027:403241,0.821868,0.085433,-166.398346
0027:453657,0.821332,0.083779,-166.327103
0027:503554,0.821605,0.085067,-166.259979
0027:554274,0.821743,0.085600,-166.188126
0027:604049,0.820751,0.086100,-166.120895
0027:654251,0.818807,0.085299,-166.050720
0027:704789,0.818095,0.086021,-165.980072
0027:754624,0.817639,0.086779,-165.909317
0027:804857,0.817578,0.085062,-165.838150
0027:854967,0.817983,0.084245,-165.766708
0027:905200,0.818995,0.084534,-165.693268
0027:955432,0.819147,0.084005,-165.622162
0028:005878,0.821432,0.082609,-165.549088
0028:056111,0.822195,0.080743,-165.477264
0028:106648,0.822138,0.081432,-165.404312
0028:156728,0.822310,0.080524,-165.330811
0028:206961,0.821898,0.080290,-165.258499
0028:257285,0.822419,0.080616,-165.185471
0028:307578,0.821588,0.081285,-165.113388
0028:357811,0.820967,0.081911,-165.040405
0028:408287,0.820070,0.083378,-164.966797
0028:458825,0.819190,0.084382,-164.888855
0028:508661,0.819512,0.084032,-164.816711
0028:559198,0.819023,0.085386,-164.737671
0028:609187,0.820405,0.086043,-164.664597
0028:659449,0.819464,0.086969,-164.589233
0028:709712,0.820843,0.086911,-164.511826
0028:759975,0.820485,0.086228,-164.433578
0028:810238,0.819837,0.085817,-164.356110
0028:860654,0.820772,0.085841,-164.278336
0028:910490,0.820554,0.084248,-164.200668
0028:960905,0.820011,0.084090,-164.122192
0029:011046,0.820266,0.083138,-164.044769
0029:061187,0.818289,0.082765,-163.967377
0029:111389,0.817333,0.082171,-163.888062
0029:161988,0.818443,0.083956,-163.808868
0029:211762,0.817423,0.083813,-163.729004
0029:262086,0.817170,0.084347,-163.649658
0029:312349,0.815069,0.084885,-163.570740
0029:362673,0.813928,0.085321,-163.491745
0029:412936,0.812702,0.086139,-163.412323
0029:463199,0.813493,0.086328,-163.328522
0029:513432,0.812706,0.087028,-163.250351
0029:563664,0.813196,0.087600,-163.165649
0029:613836,0.816091,0.087476,-163.088028
0029:664068,0.815986,0.087879,-163.005356
0029:714362,0.816696,0.086601,-162.923416
0029:714362,0.816696,0.086601,-162.923416
0029:814705,0.817266,0.086206,-162.759308
0029:814705,0.817266,0.086206,-162.759308
0029:915261,0.815607,0.085300,-162.592697
0029:915261,0.815607,0.085300,-162.592697
0030:015665,0.814080,0.084937,-162.425903
0030:015665,0.814080,0.084937,-162.425903
0030:116465,0.811667,0.086546,-162.258759
0030:116465,0.811667,0.086546,-162.258759
0030:216686,0.811515,0.088132,-162.088989
0030:216686,0.811515,0.088132,-162.088989
0030:317334,0.810085,0.087075,-161.918015
0030:317334,0.810085,0.087075,-161.918015
0030:417677,0.809349,0.089189,-161.747589
0030:468184,0.810220,0.089785,-161.658325
0030:468184,0.810220,0.089785,-161.658325
0030:568527,0.812012,0.087296,-161.484573
0030:568527,0.812012,0.087296,-161.484573
0030:668870,0.811862,0.084772,-161.315460
0030:668870,0.811862,0.084772,-161.315460
0030:769548,0.811947,0.086759,-161.141418
0030:769548,0.811947,0.086759,-161.141418
0030:869952,0.814226,0.087963,-160.965012
0030:921467,0.814577,0.087426,-160.787857
0030:970570,0.812726,0.088867,-160.700195
0030:970570,0.812726,0.088867,-160.700195
0031:070516,0.811713,0.089797,-160.612213
0031:123220,0.811311,0.092254,-160.432144
0031:172171,0.811605,0.092827,-160.342896
0031:221732,0.812580,0.091116,-160.253296
0031:271995,0.814586,0.092354,-160.163330
0031:322136,0.815442,0.091986,-160.072113
0031:373345,0.814757,0.092503,-159.982162
0031:373345,0.814757,0.092503,-159.982162
0031:472833,0.814022,0.092021,-159.885971
0031:472833,0.814022,0.092021,-159.885971
0031:573176,0.760953,0.098038,-158.823425
0031:623775,0.727859,0.196815,-156.429657
0031:674038,0.621952,0.279577,-154.618713
0031:724270,0.703649,0.175054,-152.551224
0031:774411,1.029518,-0.120715,-150.147888
0031:824735,1.367888,-0.448476,-147.465515
0031:874998,1.313504,-0.312973,-144.519485
0031:926024,1.040269,0.008958,-141.399689
0031:975585,0.987549,-0.038454,-138.062759
0032:025848,0.987591,-0.134760,-134.543839
0032:076142,0.608894,0.349258,-130.671661
0032:128175,0.139444,1.005691,-126.625420
0032:177186,0.153176,0.887571,-122.424004
0032:226564,0.372506,0.466949,-118.045799
0032:276736,0.297915,0.661456,-113.588768
0032:327090,0.106891,1.212338,-109.096581
0032:377292,0.221228,1.031155,-104.505974
0032:428318,0.357471,0.523129,-99.105171
0032:478062,0.302316,0.720501,-95.195740
0032:528173,0.274819,1.217251,-90.323479
0032:578283,0.438573,1.066338,-85.830894
0032:628058,0.525462,0.683050,-81.158638
0032:678382,0.469208,0.791478,-76.548424
0032:728645,0.524343,1.228723,-71.969238
0032:778786,0.693101,1.216600,-67.477539
0032:828988,0.793930,0.838450,-63.031101
0032:879281,0.778923,0.864411,-58.691818
0032:930246,0.810741,1.250557,-54.426506
0032:979777,0.943633,1.268766,-50.255554
0033:030101,1.050393,0.930837,-46.212250
0033:080760,1.091534,0.891353,-42.305630
0033:131908,1.113243,1.209998,-38.494762
0033:181500,1.132928,1.241708,-34.818409
0033:230969,1.229075,0.945230,-31.287094
0033:281232,1.339728,0.895644,-27.896999
0033:331404,1.345363,1.160650,-24.624969
0033:381942,1.273220,1.234555,-21.517282
0033:432723,1.351010,0.971477,-18.447615
0033:482376,1.508960,0.871956,-15.762993
0033:532608,1.530482,1.111110,-13.010812
0033:582414,1.403885,1.222795,-10.624866
0033:632585,1.414651,0.992664,-8.317798
0033:682756,1.605102,0.915168,-6.142673
0033:732928,1.624159,1.029556,-4.145578
0033:783008,1.462296,1.069641,-2.300149
0033:833423,1.423463,0.984674,-0.637227
0033:883686,1.589961,0.883394,0.884586
0033:934285,1.641233,0.884668,2.255164
0033:983907,1.440823,0.893623,3.515810
0034:034231,1.339391,0.898413,4.627179
0034:084464,1.484343,0.847559,5.624892
0034:135947,1.616602,0.798572,6.496913
0034:185661,1.447419,0.833724,7.289212
0034:235191,1.315999,0.834778,7.940669
0034:285454,1.415371,0.769635,8.492053
0034:335717,1.543538,0.774705,8.927852
0034:386133,1.464885,0.736193,9.241981
0034:436945,1.301449,0.749752,9.461973
0034:486232,1.351588,0.753529,9.560194
0034:537197,1.505526,0.696777,9.583958
0034:586666,1.488124,0.665816,9.505003
0034:637204,1.333970,0.604094,9.355113
0034:687100,1.289710,0.680477,9.121743
0034:737363,1.410932,0.616978,8.807687
0034:787504,1.416995,0.584763,8.417954
0034:837615,1.291807,0.546799,7.972757
0034:888030,1.202975,0.646087,7.490736
0034:938659,1.293942,0.615145,6.940101
0034:988343,1.356043,0.632331,6.396395
0035:038606,1.291721,0.604951,5.786339
0035:088930,1.208413,0.631377,5.162738
0035:140017,1.257914,0.637174,4.509905
0035:189578,1.342529,0.581914,3.841207
0035:239688,1.305201,0.519790,3.151489
0035:289920,1.205042,0.544668,2.469835
0035:340183,1.214646,0.590354,1.770957
0035:390660,1.300215,0.564791,1.066021
0035:440984,1.298125,0.491842,0.340868
0035:490911,1.183808,0.505477,-0.342236
0035:541541,1.146598,0.547396,-1.071905
0035:591529,1.198865,0.548962,-1.757177
0035:641670,1.245729,0.472244,-2.454439
0035:692360,1.183269,0.475009,-3.168693
0035:742470,1.106692,0.526799,-3.867886
0035:792337,1.149405,0.525446,-4.554140
0035:842478,1.207873,0.473390,-5.215802
0035:892924,1.172674,0.458575,-5.890604
0035:943705,1.102571,0.491154,-6.553320
0035:993541,1.107624,0.522579,-7.201834
0036:043621,1.186151,0.464426,-7.806057
0036:093945,1.190543,0.440413,-8.405106
0036:144940,1.114733,0.477384,-8.975385
0036:194471,1.078602,0.506358,-9.502299
0036:244581,1.126398,0.464483,-10.001012
0036:294814,1.146179,0.397391,-10.455297
0036:345016,1.073715,0.436704,-10.882088
0036:395553,1.049476,0.440372,-11.278990
0036:445969,1.079234,0.412928,-11.670959
0036:495744,1.105895,0.380908,-11.994905
0036:546464,1.057289,0.422262,-12.298751
0036:596117,0.999818,0.449440,-12.526014
0036:646380,1.013295,0.388828,-12.748895
0036:696551,1.068207,0.349341,-12.918120
0036:746936,1.054465,0.389552,-13.061677
0036:797199,1.008917,0.447817,-13.147880
0036:847310,1.008823,0.408300,-13.220982
0036:897603,1.064557,0.365419,-13.234526
0036:948446,1.075533,0.369419,-13.231096
0036:998038,1.026013,0.421776,-13.178190
0037:048484,0.997307,0.418685,-13.097426
0037:098625,1.028681,0.349436,-12.984567
0037:149376,1.045246,0.363905,-12.842598
0037:199212,1.017003,0.414698,-12.680446
0037:249383,0.991143,0.399165,-12.468970
0037:299524,1.012091,0.370274,-12.256310
0037:349909,1.037923,0.348199,-11.995559
0037:400203,1.011137,0.389889,-11.737019
0037:450771,0.968539,0.426008,-11.431714
0037:500576,0.976465,0.387819,-11.135381
0037:551266,1.008668,0.337602,-10.793072
0037:601071,1.014052,0.368636,-10.458422
0037:651334,1.007903,0.421993,-10.107870
0037:701597,0.993699,0.393469,-9.737283
0037:751799,1.017979,0.323622,-9.371202
0037:802215,1.037476,0.362074,-9.002092
0037:852325,1.024811,0.417293,-8.632557
0037:902588,0.998121,0.386413,-8.245353
0037:952699,1.001185,0.323893,-7.874835
0038:002778,1.016717,0.327667,-7.492928
0038:053041,1.004769,0.383787,-7.130644
0038:103335,0.980901,0.402219,-6.745493
0038:153903,0.981197,0.334594,-6.390060
0038:204013,0.992804,0.324709,-6.028468
0038:253849,0.988945,0.360650,-5.687664
0038:304204,0.968363,0.387647,-5.344856
0038:354406,0.956347,0.344873,-5.008250
0038:405248,0.963081,0.280073,-4.685800
0038:455054,0.976265,0.356258,-4.352800
0038:505195,0.967859,0.388621,-4.069252
0038:555702,0.970211,0.345399,-3.762422
0038:605507,0.957222,0.306094,-3.497334
0038:655800,0.966985,0.330167,-3.230684
0038:706033,0.968909,0.390392,-2.970853
0038:756357,0.944498,0.358540,-2.719312
0038:806589,0.939524,0.279175,-2.490179
0038:857005,0.951812,0.306423,-2.244098
0038:907176,0.934669,0.346413,-2.029327
0038:957500,0.920376,0.346162,-1.822301
0039:007763,0.909246,0.268533,-1.613418
0039:057996,0.918825,0.283995,-1.422576
0039:108167,0.907351,0.344396,-1.243346
0039:158461,0.911350,0.362189,-1.070678
0039:208815,0.893675,0.307924,-0.910964
0039:258926,0.907967,0.281922,-0.743855
0039:309067,0.925927,0.342102,-0.603915
0039:359543,0.934062,0.390071,-0.466786
0039:409562,0.900608,0.318782,-0.317682
0039:460161,0.894041,0.330628,-0.181577
0039:509874,0.911548,0.342071,-0.059881
0039:560626,0.918683,0.380846,0.043035
0039:610248,0.876780,0.327787,0.145569
0039:660602,0.868708,0.306779,0.245669
0039:710926,0.889261,0.321556,0.331825
0039:761159,0.900265,0.345050,0.405393
0039:811300,0.903467,0.301315,0.465456
0039:861563,0.855190,0.297109,0.516281
0039:911887,0.848037,0.274252,0.561666
0039:962119,0.880238,0.313117,0.586488
0040:012413,0.878164,0.296320,0.599501
0040:062706,0.864607,0.249108,0.592901
0040:112786,0.862140,0.295614,0.582481
0040:163201,0.862367,0.315592,0.567594
0040:163201,0.862367,0.315592,0.567594
0040:263575,0.878242,0.272420,0.496383
0040:263575,0.878242,0.272420,0.496383
0040:363765,0.883405,0.301849,0.385293
0040:363765,0.883405,0.301849,0.385293
0040:464474,0.875232,0.282647,0.277992
0040:464474,0.875232,0.282647,0.277992
0040:564848,0.879081,0.251780,0.154488
0040:564848,0.879081,0.251780,0.154488
0040:665068,0.843115,0.234821,0.045498
0040:665068,0.843115,0.234821,0.045498
0040:765625,0.836847,0.198536,-0.048666
0040:765625,0.836847,0.198536,-0.048666
0040:866334,0.851075,0.224896,-0.122549
0040:866334,0.851075,0.224896,-0.122549
0040:966677,0.845268,0.212873,-0.161579
0040:966677,0.845268,0.212873,-0.161579
0041:067264,0.869539,0.224316,-0.196154
0041:067264,0.869539,0.224316,-0.196154
0041:167423,0.838254,0.211077,-0.220908
0041:167423,0.838254,0.211077,-0.220908
0041:268163,0.815517,0.215206,-0.231734
0041:268163,0.815517,0.215206,-0.231734
0041:368506,0.817023,0.152547,-0.258049
0041:368506,0.817023,0.152547,-0.258049
0041:469276,0.825037,0.232317,-0.277841
0041:469276,0.825037,0.232317,-0.277841
0041:569222,0.823835,0.151564,-0.293046
0041:569222,0.823835,0.151564,-0.293046
0041:669656,0.825203,0.200826,-0.334793
0041:720377,0.821445,0.167415,-0.340638
0041:770549,0.788146,0.164382,-0.356198
0041:820812,0.802532,0.184894,-0.355272
0041:871044,0.806623,0.150613,-0.396435
0041:921917,0.825507,0.134506,-0.400655
0041:971448,0.825226,0.125662,-0.411466
0042:021558,0.800641,0.194069,-0.428373
0042:071760,0.796119,0.106788,-0.418810
0042:123793,0.806462,0.122039,-0.432759
0042:172958,0.794154,0.108854,-0.451871
0042:222488,0.818875,0.136727,-0.471490
0042:272812,0.793335,0.123427,-0.508569
0042:323136,0.770547,0.105684,-0.521255
0042:373613,0.780625,0.129138,-0.554206
0042:425280,0.808317,0.143788,-0.576714
0042:474200,0.815705,0.148329,-0.609450
0042:524798,0.782736,0.105227,-0.648780
0042:574665,0.816763,0.133053,-0.703028
0042:624531,0.810485,0.101044,-0.770045
0042:674702,0.799316,0.155478,-0.812902
0042:724996,0.792612,0.128986,-0.864359
0042:775167,0.784970,0.108892,-0.913428
0042:825308,0.804372,0.162484,-0.985943
0042:875419,0.802861,0.139475,-1.050878
0042:926567,0.799944,0.197370,-1.128781
0042:975792,0.745489,0.151787,-1.192355
0043:026116,0.749430,0.161652,-1.248108
0043:076226,0.774956,0.163760,-1.312147
0043:128076,0.795866,0.168693,-1.366818
0043:177851,0.767964,0.152669,-1.438779
0043:227168,0.732505,0.127899,-1.506588
0043:277492,0.764342,0.182377,-1.571718
0043:327755,0.780482,0.183965,-1.634406
0043:378292,0.744748,0.205207,-1.695822
0043:429196,0.709348,0.174525,-1.743874
0043:478757,0.733685,0.214955,-1.796360
0043:529448,0.763821,0.192288,-1.857161
0043:579222,0.747920,0.209665,-1.917569
0043:629302,0.692290,0.195095,-1.964036
0043:679779,0.700008,0.233977,-2.018930
0043:730072,0.715503,0.234979,-2.054286
0043:780183,0.713697,0.193782,-2.084451
0043:830415,0.682133,0.204214,-2.111261
0043:880709,0.671837,0.219637,-2.141384
0043:931338,0.702826,0.202450,-2.172082
0043:980929,0.723957,0.240726,-2.195618
0044:031009,0.692879,0.193537,-2.222623
0044:081425,0.650990,0.235756,-2.231490
0044:132939,0.696834,0.208364,-2.233639
0044:182225,0.736124,0.220494,-2.263067
0044:231939,0.718947,0.227581,-2.263816
0044:282080,0.708115,0.208369,-2.271335
0044:332465,0.711790,0.251005,-2.286283
0044:383094,0.752444,0.212943,-2.287627
0044:433418,0.718925,0.239136,-2.286304
0044:483193,0.680612,0.251489,-2.290004
0044:533944,0.678819,0.284558,-2.303684
0044:583963,0.705159,0.188215,-2.287818
0044:633951,0.723579,0.225913,-2.288873
0044:684153,0.702058,0.285842,-2.319535
0044:734416,0.669458,0.252662,-2.319316
0044:784618,0.709872,0.293825,-2.328860
0044:834881,0.714948,0.266664,-2.330803
0044:885114,0.669273,0.281085,-2.342709
0044:936018,0.648664,0.293831,-2.341636
0044:985731,0.686341,0.305171,-2.337924
0045:036025,0.724293,0.249861,-2.347106
0045:086196,0.668758,0.237114,-2.350189
0045:137527,0.647631,0.294639,-2.352537
0045:187027,0.680361,0.265492,-2.351286
0045:236954,0.718503,0.240033,-2.361241
0045:286973,0.682900,0.217094,-2.367165
0045:337297,0.636324,0.280177,-2.362761
0045:387896,0.619203,0.235766,-2.330827
0045:438281,0.653409,0.258349,-2.337340
0045:488239,0.658560,0.216701,-2.326614
0045:539021,0.607693,0.255547,-2.315518
0045:588734,0.599657,0.296070,-2.293526
0045:638997,0.624758,0.224297,-2.266501
0045:689443,0.652841,0.189569,-2.246814
0045:739432,0.624378,0.227403,-2.215878
0045:789695,0.578962,0.258433,-2.194791
0045:839897,0.595233,0.248179,-2.181116
0045:889976,0.648130,0.172983,-2.168681
0045:940575,0.625364,0.202475,-2.166083
0045:990441,0.600980,0.256655,-2.155514
0046:040430,0.614948,0.261331,-2.161248
0046:090876,0.616713,0.222185,-2.144975
0046:141871,0.617955,0.208041,-2.150640
0046:191585,0.574063,0.235372,-2.160524
0046:241482,0.566497,0.269616,-2.178391
0046:291867,0.630091,0.243009,-2.209870
0046:342191,0.634663,0.222866,-2.226428
0046:392942,0.600031,0.229475,-2.248700
0046:443419,0.585157,0.236755,-2.266749
0046:493254,0.611081,0.238906,-2.306742
0046:544067,0.617070,0.236184,-2.346385
0046:593841,0.612347,0.230864,-2.371500
0046:644226,0.585444,0.239235,-2.408118
0046:694520,0.600052,0.207485,-2.443617
0046:744783,0.605996,0.223760,-2.496569
0046:795076,0.600736,0.250502,-2.529605
0046:845339,0.587491,0.229182,-2.576977
0046:895511,0.572666,0.175638,-2.608576
0046:946140,0.582984,0.166407,-2.655606
0046:995945,0.582914,0.197193,-2.701472
0047:046452,0.549975,0.240081,-2.746121
0047:096318,0.533578,0.236491,-2.786795
0047:147161,0.550896,0.210904,-2.830306
0047:196905,0.582293,0.183644,-2.877555
0047:247016,0.554849,0.195401,-2.916669
0047:297187,0.545190,0.185898,-2.971996
0047:347603,0.558407,0.174975,-3.014175
0047:397805,0.570432,0.208978,-3.070799
0047:448251,0.547481,0.222834,-3.104501
0047:498178,0.570279,0.233944,-3.156643
0047:548838,0.604130,0.225392,-3.205814
0047:598643,0.588964,0.171448,-3.237988
0047:648906,0.585576,0.198831,-3.272396
0047:699230,0.569044,0.134385,-3.300501
0047:749462,0.573215,0.110301,-3.307269
0047:799695,0.567074,0.108835,-3.319532
0047:849927,0.558025,0.138288,-3.320441
0047:900282,0.570602,0.146655,-3.318054
0047:950362,0.564570,0.143567,-3.306454
0048:000442,0.548832,0.124016,-3.300791
0048:050796,0.561347,0.135699,-3.268920
0048:101242,0.576722,0.170719,-3.259400
0048:151627,0.570644,0.140331,-3.226990
0048:201677,0.529126,0.103936,-3.206305
0048:252001,0.525891,0.112845,-3.180560
0048:302386,0.549954,0.124087,-3.152202
0048:352557,0.572907,0.096989,-3.151076
0048:403003,0.550210,0.095226,-3.146258
0048:453419,0.511899,0.099705,-3.146419
0048:503224,0.551856,0.145415,-3.149532
0048:553884,0.576575,0.133817,-3.162219
0048:603628,0.555983,0.130367,-3.158998
0048:654013,0.515265,0.117600,-3.186830
0048:704184,0.529109,0.166460,-3.205560
0048:754539,0.565881,0.157140,-3.242873
0048:804497,0.542832,0.151019,-3.276252
0048:854821,0.519092,0.123325,-3.316676
0048:905023,0.527244,0.161333,-3.357161
0048:955225,0.550594,0.178640,-3.409787
0049:005610,0.568756,0.165349,-3.468862
0049:055903,0.541312,0.130340,-3.526673
0049:106075,0.543343,0.194474,-3.591969
0049:156215,0.567276,0.173306,-3.655071
0049:206295,0.587165,0.199755,-3.718348
0049:256589,0.557784,0.184606,-3.783780
0049:306943,0.534317,0.199427,-3.848289
0049:357237,0.562590,0.203553,-3.917555
0049:407713,0.587403,0.161805,-3.976247
0049:458068,0.555967,0.174394,-4.041414
0049:507965,0.529911,0.154173,-4.084368
0049:558441,0.545231,0.220853,-4.163386
0049:608430,0.565988,0.152728,-4.195858
0049:658632,0.544499,0.126561,-4.243407
0049:708895,0.508762,0.066584,-4.296432
0049:759158,0.507577,0.135156,-4.336197
0049:809512,0.544296,0.154288,-4.364433
0049:859714,0.548563,0.134729,-4.409417
0049:910038,0.501823,0.145365,-4.437861
0049:959996,0.487454,0.187347,-4.476384
0050:010198,0.529413,0.168227,-4.511857
0050:060369,0.539369,0.134699,-4.544062
0050:110510,0.513132,0.118981,-4.571446
0050:160590,0.482291,0.162460,-4.606368
0050:211006,0.521342,0.202355,-4.628140
0050:261024,0.544137,0.185996,-4.662303
0050:311348,0.532052,0.159377,-4.678640
0050:361703,0.495347,0.169379,-4.705451
0050:361703,0.495347,0.169379,-4.705451
0050:462443,0.522701,0.157200,-4.764028
0050:462443,0.522701,0.157200,-4.764028
0050:562755,0.461189,0.126115,-4.823842
0050:562755,0.461189,0.126115,-4.823842
0050:662945,0.505080,0.244615,-4.850489
0050:662945,0.505080,0.244615,-4.850489
0050:763288,0.449158,0.189518,-4.892345
0050:763288,0.449158,0.189518,-4.892345
0050:863600,0.476363,0.210214,-4.929097
0050:863600,0.476363,0.210214,-4.929097
0050:964096,0.433516,0.203270,-4.942294
0050:964096,0.433516,0.203270,-4.942294
0051:065110,0.466761,0.156973,-4.969159
0051:065110,0.466761,0.156973,-4.969159
0051:165087,0.432806,0.140258,-5.003625
0051:165087,0.432806,0.140258,-5.003625
0051:265643,0.441609,0.169404,-5.062329
0051:265643,0.441609,0.169404,-5.062329
0051:365955,0.426796,0.180700,-5.116741
0051:365955,0.426796,0.180700,-5.116741
0051:466787,0.437334,0.187460,-5.161876
0051:466787,0.437334,0.187460,-5.161876
0051:567160,0.430856,0.165183,-5.203185
0051:567160,0.430856,0.165183,-5.203185
0051:667259,0.429311,0.203282,-5.236760
0051:667259,0.429311,0.203282,-5.236760
0051:767632,0.430419,0.197485,-5.273396
0051:767632,0.430419,0.197485,-5.273396
0051:868127,0.441461,0.160458,-5.285442
0051:919642,0.456830,0.144999,-5.271468
0051:968959,0.405904,0.150708,-5.264693
0052:019191,0.402431,0.149577,-5.253221
0052:069362,0.433709,0.153137,-5.240249
0052:121365,0.429928,0.147927,-5.205317
0052:170407,0.390986,0.120611,-5.167955
0052:170407,0.390986,0.120611,-5.167955
0052:269682,0.381340,0.117542,-5.120451
0052:320220,0.388849,0.220906,-4.695829
0052:370574,0.380805,0.254121,-4.325258
0052:370574,0.380805,0.254121,-4.325258
0052:470368,0.386445,0.206303,-3.886762
0052:470368,0.386445,0.206303,-3.886762
0052:570741,0.384543,0.266624,-2.882122
0052:621370,0.385790,0.243834,-1.668455
0052:671572,0.387133,0.231371,-0.999327
0052:722049,0.391013,0.277645,-0.302699
0052:772098,0.387577,0.293186,0.428894
0052:822514,0.396011,0.257509,1.181071
0052:872777,0.381879,0.249564,1.964898
0052:923741,0.367383,0.262593,2.762609
0052:973303,0.390948,0.293100,3.571127
0053:023596,0.387335,0.228436,4.378490
0053:073706,0.371433,0.242671,5.181069
0053:125587,0.381600,0.245872,6.003439
0053:174995,0.391658,0.209959,6.815453
0053:224648,0.385918,0.224737,7.639830
0053:274941,0.393433,0.248040,8.422805
0053:325082,0.388371,0.242323,9.220492
0053:375895,0.385638,0.253747,9.988514
0053:426127,0.380505,0.214737,10.766142
0053:475902,0.393192,0.224824,11.457153
0053:526348,0.380298,0.246892,12.183608
0053:576123,0.398842,0.261203,12.823156
0053:626294,0.406079,0.255114,13.454110
0053:676679,0.392370,0.224574,14.068560
0053:726698,0.376801,0.245749,14.647671
0053:777083,0.384836,0.278063,15.202329
0053:827193,0.409723,0.328033,15.716583
0053:877456,0.394806,0.303694,16.207033
0053:928482,0.373955,0.286626,16.651648
0053:977952,0.355958,0.329295,17.081789
0054:028245,0.368589,0.302858,17.454922
0054:078569,0.360660,0.331206,17.804228
0054:130236,0.346756,0.323095,18.132456
0054:179828,0.344392,0.323258,18.455389
0054:229419,0.355282,0.305848,18.726313
0054:279682,0.367373,0.290813,18.986673
0054:330159,0.368346,0.284421,19.220842
0054:380544,0.347751,0.286400,19.451395
0054:431081,0.355201,0.306587,19.661690
0054:480612,0.362564,0.264369,19.817688
0054:531485,0.350463,0.245190,19.994061
0054:581016,0.344447,0.223682,20.113237
0054:631065,0.350416,0.267881,20.247271
0054:681176,0.355927,0.342100,20.370077
0054:731622,0.363443,0.340122,20.474684
0054:781763,0.375977,0.294722,20.567297
0054:832056,0.358958,0.318577,20.646622
0054:882472,0.369639,0.370150,20.719425
0054:933009,0.369964,0.315254,20.774887
0054:982815,0.372202,0.273849,20.819717
0055:033016,0.362640,0.323310,20.844889
0055:083554,0.364710,0.332009,20.859831
0055:134641,0.364864,0.267946,20.867577
0055:184324,0.362124,0.294832,20.862223
0055:234160,0.348320,0.328287,20.837822
0055:284423,0.332776,0.369289,20.843338
0055:334655,0.344735,0.307611,20.804152
0055:385529,0.360478,0.292028,20.775389
0055:435548,0.358084,0.319036,20.737402
0055:485322,0.351451,0.341772,20.703865
0055:536165,0.350748,0.337566,20.663553
0055:585848,0.357831,0.270221,20.612345
0055:636050,0.348013,0.313809,20.561661
0055:686618,0.340122,0.299344,20.500603
0055:736515,0.344866,0.250403,20.436604
0055:786931,0.343939,0.333369,20.360342
0055:837133,0.325095,0.345190,20.313732
0055:887396,0.307350,0.334297,20.257013
0055:938177,0.315961,0.322877,20.196133
0055:987921,0.342918,0.271086,20.124340
0056:038215,0.348620,0.303574,20.068550
0056:088417,0.346705,0.402175,19.998434
0056:139412,0.347165,0.330566,19.940071
0056:188973,0.373800,0.314626,19.891199
0056:239084,0.372263,0.318444,19.845026
0056:289316,0.343830,0.316291,19.813051
0056:339793,0.332140,0.320283,19.752829
0056:389995,0.342583,0.302306,19.698153
0056:440319,0.338450,0.346398,19.654549
0056:490093,0.328936,0.348409,19.603724
0056:540906,0.332511,0.314635,19.536659
0056:590497,0.347720,0.309922,19.494410
0056:640791,0.364847,0.246384,19.455154
0056:690901,0.353133,0.310306,19.420813
0056:741164,0.342193,0.394112,19.376450
0056:791580,0.372348,0.313393,19.356262
0056:841690,0.399177,0.322512,19.330673
0056:891984,0.373201,0.367479,19.304201
0056:942765,0.343816,0.391190,19.249002
0056:992449,0.349260,0.295928,19.219070
0057:042620,0.369704,0.359176,19.161308
0057:092944,0.354960,0.421637,19.114952
0057:143512,0.343883,0.391164,19.077539
0057:193287,0.356757,0.314229,19.055399
0057:243519,0.365359,0.347612,19.011557
0057:293782,0.357693,0.384798,18.987658
0057:343984,0.340389,0.392407,18.955790
0057:394430,0.353525,0.347012,18.928564
0057:444693,0.351181,0.318006,18.890821
0057:494437,0.350671,0.285012,18.856340
0057:545402,0.363335,0.328783,18.805714
0057:595330,0.362361,0.331428,18.756796
0057:645471,0.371299,0.278310,18.702868
0057:695734,0.365450,0.285400,18.646284
0057:745905,0.354702,0.360313,18.620008
0057:796137,0.378180,0.349522,18.585840
0057:846431,0.385635,0.255888,18.549963
0057:896633,0.354984,0.259643,18.539158
0057:947262,0.336242,0.328082,18.529791
0057:997189,0.332351,0.320599,18.505970
0058:047483,0.321312,0.216333,18.482903
0058:097654,0.311581,0.248359,18.453913
0058:148314,0.285636,0.293097,18.438963
0058:197967,0.303604,0.250300,18.412119
0058:248260,0.314525,0.213407,18.391655
0058:298431,0.311979,0.195341,18.386480
0058:348725,0.323915,0.236106,18.356071
0058:399141,0.315850,0.266275,18.344868
0058:449800,0.318102,0.154944,18.313248
0058:499575,0.306356,0.149842,18.288507
0058:550387,0.293162,0.259444,18.250553
0058:600040,0.298040,0.287531,18.220381
0058:650455,0.296321,0.255290,18.192127
0058:700810,0.302637,0.229911,18.166981
0058:750951,0.288572,0.238648,18.144999
0058:801275,0.301633,0.234725,18.101496
0058:851538,0.321051,0.187603,18.085054
0058:901862,0.320142,0.098794,18.058283
0058:952155,0.308344,0.151213,18.060074
0059:002449,0.298248,0.186610,18.047300
0059:052803,0.327027,0.157769,18.032887
0059:103036,0.329359,0.165051,18.046461
0059:153146,0.316229,0.150516,18.057003
0059:203379,0.303441,0.141210,18.075897
0059:253489,0.303819,0.158928,18.099485
0059:303996,0.295762,0.057589,18.104979
0059:353985,0.302391,0.147887,18.117678
0059:404400,0.273628,0.180184,18.133863
0059:454785,0.272794,0.157835,18.158190
0059:504743,0.294096,0.188225,18.191992
0059:555097,0.314401,0.103745,18.219202
0059:605208,0.288402,0.128580,18.242279
0059:655227,0.261836,0.127543,18.249434
0059:705642,0.279795,0.127861,18.256170
0059:755661,0.303290,0.107686,18.255539
0059:806016,0.281837,0.160926,18.279819
0059:856370,0.265576,0.206307,18.291178
0059:906603,0.283490,0.186571,18.318979
0059:956957,0.288781,0.120299,18.341646
0060:007251,0.295525,0.101763,18.343019
0060:057605,0.261605,0.174933,18.348791
0060:107868,0.266817,0.170910,18.321047
0060:158101,0.299333,0.141798,18.338861
0060:208425,0.295230,0.132822,18.342955
0060:258596,0.243640,0.144707,18.348412
0060:308706,0.261846,0.097714,18.329601
0060:359000,0.252994,0.145451,18.327112
0060:409263,0.272955,0.057741,18.322838
0060:459526,0.236810,0.120100,18.335600
0060:509606,0.243299,0.096580,18.332926
0060:560418,0.259528,0.047741,18.333797
0060:610223,0.268230,0.062179,18.322908
0060:660456,0.232894,0.166486,18.306543
0060:710810,0.226233,0.139839,18.289228
0060:710810,0.226233,0.139839,18.289228
0060:811062,0.246567,0.090770,18.279428
0060:811062,0.246567,0.090770,18.279428
0060:911587,0.246454,0.138315,18.270039
0060:911587,0.246454,0.138315,18.270039
0061:011869,0.247542,0.175510,18.206697
0061:011869,0.247542,0.175510,18.206697
0061:112273,0.246830,0.238076,18.170856
0061:112273,0.246830,0.238076,18.170856
0061:212708,0.247136,0.138513,18.156565
0061:212708,0.247136,0.138513,18.156565
0061:313020,0.244046,0.223512,18.127163
0061:313020,0.244046,0.223512,18.127163
0061:413485,0.260029,0.208287,18.152773
0061:464022,0.195725,0.303059,18.585423
0061:464022,0.195725,0.303059,18.585423
0061:564457,0.119348,0.564203,20.377106
0061:564457,0.119348,0.564203,20.377106
0061:664861,0.094998,0.517486,22.912928
0061:664861,0.094998,0.517486,22.912928
0061:765326,0.097455,0.700481,26.097578
0061:765326,0.097455,0.700481,26.097578
0061:865882,0.045161,0.641877,29.738092
0061:865882,0.045161,0.641877,29.738092
0061:966194,0.114651,0.757788,33.788174
0061:966194,0.114651,0.757788,33.788174
0062:066659,0.034200,0.708252,38.178898
0062:119089,0.176592,0.771582,42.818100
0062:168162,0.161043,0.721701,45.207905
0062:217845,0.108332,0.715313,47.643059
0062:267833,0.157342,0.703323,50.081097
0062:318218,0.247618,0.728834,52.540844
0062:368603,0.240813,0.703362,55.022278
0062:368603,0.240813,0.703362,55.022278
0062:469099,0.197736,0.701514,57.573124
0062:469099,0.197736,0.701514,57.573124
0062:569106,0.333107,0.691667,62.467419
0062:619461,0.273621,0.704503,67.177925
0062:669968,0.325182,0.672582,69.507843
0062:719895,0.408531,0.684780,71.763809
0062:770158,0.433836,0.667759,73.933243
0062:820482,0.427181,0.688782,76.014702
0062:870653,0.458234,0.688503,77.980598
0062:921618,0.527765,0.705626,79.895256
0062:971332,0.558624,0.712857,81.700142
0063:021320,0.567760,0.711262,83.398773
0063:071644,0.604857,0.740596,85.006226
0063:123433,0.659549,0.739998,86.507416
0063:172536,0.690787,0.749711,87.922348
0063:222036,0.686119,0.734908,89.220123
0063:272238,0.675663,0.706608,90.425652
0063:322410,0.720497,0.749455,91.558754
0063:373100,0.737456,0.669938,92.624336
0063:424370,0.731347,0.734819,93.627808
0063:473473,0.704912,0.726184,94.490341
0063:523981,0.742975,0.736985,95.345032
0063:573633,0.780286,0.734291,96.037384
0063:623713,0.775112,0.761381,96.733528
0063:673976,0.731470,0.725837,97.352303
0063:724300,0.761316,0.757302,97.896225
0063:774532,0.805798,0.750844,98.360588
0063:824887,0.801890,0.777795,98.765511
0063:875150,0.770070,0.769224,99.102730
0063:926481,0.784251,0.765106,99.352394
0063:975584,0.810709,0.791805,99.536583
0064:025725,0.814954,0.782699,99.652733
0064:075927,0.802000,0.789934,99.708618
0064:127899,0.795591,0.740687,99.694099
0064:177308,0.790087,0.710533,99.628494
0064:226716,0.794241,0.765410,99.505600
0064:276857,0.763909,0.746681,99.320465
0064:327273,0.750333,0.750692,99.106232
0064:377780,0.742955,0.692517,98.862297
0064:428592,0.737408,0.722183,98.554604
0064:478336,0.721385,0.736021,98.233238
0064:529026,0.683905,0.691013,97.877808
0064:578862,0.673880,0.683978,97.510757
0064:628850,0.680710,0.742312,97.126762
0064:679144,0.652946,0.738987,96.736183
0064:729376,0.630892,0.706833,96.326477
0064:779700,0.643740,0.669433,95.893738
0064:829872,0.643622,0.722220,95.459480
0064:880287,0.632102,0.765087,95.044937
0064:930947,0.588831,0.733686,94.635880
0064:980874,0.585042,0.697570,94.209702
0065:031046,0.605346,0.725414,93.786781
0065:081187,0.603357,0.756709,93.374649
0065:132640,0.560134,0.720081,92.977913
0065:182201,0.558937,0.732561,92.577332
0065:232128,0.561416,0.720742,92.177689
0065:282330,0.555028,0.753339,91.798866
0065:332441,0.541693,0.711010,91.430779
0065:382948,0.530231,0.663608,91.058144
0065:433424,0.515318,0.683852,90.661102
0065:483107,0.532093,0.732880,90.339241
0065:533737,0.544352,0.686279,89.987595
0065:583664,0.525801,0.641557,89.677452
0065:633774,0.502731,0.666919,89.352417
0065:684220,0.527568,0.706137,89.040787
0065:734270,0.563805,0.702913,88.727119
0065:784472,0.569169,0.688317,88.450043
0065:834643,0.521603,0.697284,88.160194
0065:884845,0.524782,0.669397,87.907913
0065:935535,0.570383,0.640641,87.644676
0065:985218,0.566606,0.616815,87.393578
0066:035542,0.519374,0.633797,87.153076
0066:085805,0.523952,0.632252,86.926819
0066:136984,0.555451,0.604406,86.689758
0066:186545,0.532186,0.624728,86.472687
0066:236625,0.486141,0.608831,86.272652
0066:286888,0.495394,0.601486,86.056412
0066:336998,0.533151,0.592273,85.859833
0066:387597,0.529653,0.627824,85.683136
0066:438287,0.510801,0.655212,85.491096
0066:487879,0.515550,0.624377,85.319321
0066:538691,0.537657,0.630210,85.165070
0066:588313,0.523791,0.624615,85.033745
0066:638637,0.515133,0.625504,84.888985
0066:688900,0.527203,0.587083,84.772041
0066:739163,0.529058,0.596426,84.659286
0066:789426,0.530626,0.614568,84.566139
0066:839628,0.513162,0.612330,84.476181
0066:889860,0.504224,0.580067,84.396873
0066:940490,0.508694,0.579008,84.344398
0066:990295,0.528547,0.606583,84.274170
0067:040466,0.524366,0.601980,84.213585
0067:090882,0.506078,0.567351,84.177147
0067:141633,0.473465,0.547787,84.120789
0067:191316,0.493082,0.570935,84.072311
0067:241396,0.522083,0.574660,84.036728
0067:291934,0.496631,0.558156,84.014420
0067:342105,0.464458,0.537506,83.994492
0067:392521,0.462952,0.522933,83.980232
0067:442875,0.496097,0.559199,83.958069
0067:492803,0.486941,0.529017,83.966629
0067:543279,0.453869,0.538214,83.986839
0067:593145,0.442066,0.529445,83.988403
0067:643469,0.484271,0.519544,84.002975
0067:693641,0.484970,0.519001,84.029831
0067:743965,0.450723,0.531896,84.071053
0067:794594,0.439844,0.512335,84.103874
0067:844796,0.478471,0.542185,84.129646
0067:894967,0.476661,0.564373,84.187134
0067:945536,0.462957,0.525201,84.236526
0067:995371,0.439222,0.564646,84.299019
0068:045604,0.451740,0.511969,84.364616
0068:095806,0.473817,0.507833,84.442825
0068:146740,0.480415,0.566674,84.514481
0068:196362,0.458995,0.589256,84.586243
0068:246473,0.458317,0.517423,84.661652
0068:296675,0.492419,0.535975,84.732010
0068:346937,0.490479,0.564897,84.808151
0068:397323,0.450053,0.514895,84.896545
0068:447677,0.464201,0.566518,84.978767
0068:497726,0.498505,0.499018,85.044945
0068:548356,0.501038,0.525232,85.140076
0068:598039,0.469021,0.581286,85.238632
0068:648363,0.424700,0.507542,85.324821
0068:698748,0.447791,0.499929,85.404053
0068:749041,0.470849,0.511331,85.473717
0068:799457,0.456012,0.538658,85.537224
0068:849720,0.439119,0.546987,85.611816
0068:900044,0.437605,0.493607,85.674919
0068:950185,0.477081,0.490616,85.747833
0069:000448,0.485779,0.515994,85.807388
0069:050650,0.464641,0.532139,85.864517
0069:100882,0.440940,0.489634,85.931602
0069:151328,0.454600,0.516480,85.994987
0069:201408,0.465362,0.506054,86.060036
0069:251580,0.452816,0.505294,86.127571
0069:302209,0.459399,0.472948,86.196045
0069:352167,0.486086,0.512422,86.272148
0069:402735,0.496103,0.551545,86.331688
0069:452815,0.457847,0.555707,86.404564
0069:502925,0.434613,0.532542,86.464058
0069:553646,0.466642,0.543819,86.529541
0069:603268,0.489625,0.541200,86.585289
0069:653714,0.471399,0.583222,86.650230
0069:703977,0.436867,0.558535,86.724709
0069:754240,0.451407,0.563848,86.799149
0069:804503,0.466625,0.559752,86.878105
0069:854827,0.450984,0.506964,86.967758
0069:905090,0.467697,0.567488,87.047066
0069:955444,0.486911,0.486501,87.130318
0070:005555,0.503627,0.596808,87.201843
0070:055848,0.508744,0.576224,87.296745
0070:106020,0.501736,0.552158,87.379005
0070:156161,0.495378,0.543681,87.489113
0070:206362,0.520556,0.519474,87.591805
0070:256503,0.508539,0.542349,87.692291
0070:306675,0.513800,0.562876,87.797211
0070:357060,0.497832,0.524524,87.904579
0070:407262,0.515264,0.503896,88.004295
0070:457830,0.513765,0.520363,88.096161
0070:507696,0.516787,0.539461,88.197144
0070:558173,0.501685,0.533360,88.298302
0070:608222,0.484683,0.498819,88.383331
0070:658424,0.499980,0.539920,88.468781
0070:708657,0.496329,0.547167,88.557945
0070:759011,0.497378,0.496273,88.637405
0070:809152,0.496688,0.486732,88.718262
0070:859507,0.486975,0.467058,88.801682
0070:909800,0.505656,0.496914,88.870819
0070:909800,0.505656,0.496914,88.870819
0071:009868,0.499724,0.501863,89.031219
0071:009868,0.499724,0.501863,89.031219
0071:110455,0.514157,0.491501,89.180298
0071:110455,0.514157,0.491501,89.180298
0071:211225,0.500781,0.453741,89.319946
0071:211225,0.500781,0.453741,89.319946
0071:311599,0.485433,0.522700,89.440842
0071:311599,0.485433,0.522700,89.440842
0071:412247,0.485822,0.471129,89.579079
0071:462540,0.468432,0.501088,89.634926
0071:462540,0.468432,0.501088,89.634926
0071:562883,0.471813,0.436025,89.747635
0071:562883,0.471813,0.436025,89.747635
0071:663226,0.425424,0.449526,89.828766
0071:663226,0.425424,0.449526,89.828766
0071:763599,0.443598,0.436058,89.905777
0071:763599,0.443598,0.436058,89.905777
0071:864003,0.395719,0.448884,89.957214
0071:864003,0.395719,0.448884,89.957214
0071:964682,0.417879,0.447158,89.955673
0071:964682,0.417879,0.447158,89.955673
0072:065208,0.404680,0.418472,89.928192
0072:117515,0.416270,0.495708,89.846916
0072:166497,0.467140,0.497262,89.819725
0072:166497,0.467140,0.497262,89.819725
0072:265863,0.456802,0.457285,89.784477
0072:316675,0.462073,0.442373,89.736809
0072:366938,0.482748,0.444986,89.716637
0072:366938,0.482748,0.444986,89.716637
0072:467037,0.450544,0.463084,89.689034
0072:467037,0.450544,0.463084,89.689034
0072:567685,0.432624,0.431571,89.658997
0072:567685,0.432624,0.431571,89.658997
0072:667875,0.447867,0.468801,89.626244
0072:718535,0.462240,0.394374,89.604881
0072:768615,0.478446,0.403084,89.600060
0072:819000,0.471528,0.480207,89.589462
0072:869385,0.458231,0.469846,89.587807
0072:920075,0.475968,0.437074,89.551666
0072:969514,0.475748,0.434017,89.522591
0073:019868,0.460628,0.433673,89.506165
0073:070009,0.443218,0.443676,89.475159
0073:121676,0.446644,0.420319,89.441391
0073:171115,0.470176,0.412279,89.397736
0073:220615,0.452328,0.423235,89.370285
0073:271275,0.434298,0.428800,89.347618
0073:321141,0.493399,0.382361,89.310577
0073:371679,0.608558,0.253517,89.268990
0073:422522,0.706111,0.260623,89.200813
0073:472144,0.690973,0.276136,89.131386
0073:522559,0.674438,0.271856,89.054573
0073:572303,0.768511,0.222571,88.970413
0073:622505,0.873414,0.167712,88.879372
0073:672616,0.858485,0.212147,88.771400
0073:722696,0.805290,0.248164,88.668839
0073:772959,0.843199,0.191461,88.545479
0073:823161,0.931768,0.159751,88.414818
0073:873363,0.953185,0.177388,88.284111
0073:924480,0.903903,0.207005,88.152390
0073:973614,0.891729,0.188580,88.001747
0074:024182,0.975002,0.134323,87.841225
0074:074018,1.032100,0.127477,87.680885
0074:125929,0.995044,0.171601,87.512161
0074:175093,0.948131,0.178514,87.337975
0074:224715,0.981755,0.140510,87.165894
0074:274825,1.053257,0.128839,86.981392
0074:325272,1.047179,0.168413,86.802544
0074:375840,0.981448,0.197561,86.610161
0074:426713,0.974064,0.168622,86.412292
0074:476091,1.043107,0.136800,86.214043
0074:526873,1.079915,0.161130,86.002083
0074:576800,1.031484,0.193931,85.803299
0074:626727,0.991740,0.178511,85.599113
0074:677173,1.038945,0.147876,85.375801
0074:727345,1.100137,0.145850,85.150520
0074:777669,1.080192,0.166898,84.935303
0074:827871,1.025359,0.170855,84.698723
0074:878347,1.025645,0.134807,84.463699
0074:928855,1.089930,0.120040,84.230309
0074:978507,1.113279,0.147255,83.979340
0075:028923,1.057134,0.162490,83.735680
0075:079064,1.026239,0.141784,83.484222
0075:130639,1.064821,0.124509,83.226898
0075:180200,1.115311,0.147329,82.958214
0075:229761,1.089815,0.161305,82.691223
0075:280116,1.036797,0.160312,82.418083
0075:330501,1.046766,0.139908,82.136894
0075:380886,1.107468,0.145489,81.847679
0075:431393,1.113778,0.168161,81.550125
0075:481137,1.070119,0.162740,81.267899
0075:531827,1.045775,0.143398,80.958504
0075:581602,1.088974,0.134920,80.665283
0075:631865,1.136183,0.158310,80.355324
0075:682250,1.104842,0.155597,80.044510
0075:732330,1.067707,0.134594,79.726784
0075:782532,1.078741,0.136468,79.409470
0075:832795,1.125479,0.143403,79.087326
0075:883119,1.128726,0.150680,78.756599
0075:934084,1.080310,0.154811,78.425964
0075:983584,1.060843,0.136679,78.092079
0076:033938,1.101944,0.148854,77.749847
0076:084232,1.130198,0.170398,77.408478
0076:135319,1.095179,0.165227,77.068817
0076:185093,1.054321,0.143380,76.724976
0076:234959,1.076395,0.153584,76.372772
0076:285039,1.127113,0.176308,76.014137
0076:335394,1.118361,0.171943,75.660286
0076:385809,1.069534,0.143433,75.305298
0076:436194,1.073602,0.143908,74.924591
0076:486152,1.124094,0.172704,74.576500
0076:536934,1.138957,0.172293,74.203644
0076:586678,1.092855,0.148615,73.855583
0076:636850,1.064711,0.137913,73.479431
0076:687174,1.102864,0.163431,73.086159
0076:737406,1.142580,0.177494,72.685829
0076:787669,1.110291,0.156612,72.279053
0076:837871,1.058612,0.137700,71.870171
0076:888287,1.071552,0.158792,71.451942
0076:938885,1.123385,0.182887,71.023300
0076:988660,1.124611,0.168633,70.586960
0077:038892,1.072283,0.142260,70.146873
0077:089278,1.058260,0.151405,69.703415
0077:139754,1.108313,0.177789,69.256531
0077:189559,1.143010,0.171391,68.807350
0077:239914,1.106860,0.142566,68.356285
0077:290177,1.066666,0.141219,67.901886
0077:340440,1.095774,0.169437,67.440285
0077:390916,1.146576,0.175719,66.976250
0077:441393,1.132196,0.148023,66.497643
0077:491259,1.080580,0.139445,66.040230
0077:542041,1.078140,0.166750,65.530136
0077:591877,1.127336,0.181707,65.059059
0077:642170,1.144506,0.159092,64.569801
0077:692403,1.097579,0.139777,64.074821
0077:742696,1.063874,0.159160,63.574940
0077:792929,1.097764,0.186923,63.072144
0077:843222,1.139466,0.174078,62.564468
0077:893394,1.118134,0.146205,62.054955
0077:943992,1.070016,0.154312,61.540630
0077:993828,1.080954,0.184601,61.022621
0078:044274,1.134657,0.182839,60.500233
0078:094415,1.144774,0.152380,59.975437
0078:145410,1.099078,0.149281,59.445721
0078:195124,1.080459,0.180034,58.913467
0078:245295,1.123044,0.190328,58.377331
0078:295558,1.154501,0.163310,57.837410
0078:345852,1.122150,0.145451,57.295769
0078:396481,1.077915,0.170837,56.751259
0078:446775,1.094563,0.193027,56.180649
0078:496519,1.137177,0.174327,55.648350
0078:547240,1.128516,0.149812,55.069283
