0000:000000,0.000000,0.000000,0.000000
0000:072267,0.934279,0.202895,-11.520509
0000:122438,0.916729,0.199898,-11.709912
0000:172915,0.921623,0.201091,-11.918923
0000:223300,0.942811,0.201781,-12.114052
0000:223300,0.942811,0.201781,-12.114052
0000:323826,0.925839,0.197541,-12.525644
0000:323826,0.925839,0.197541,-12.525644
0000:424107,0.935323,0.199019,-12.946337
0000:424107,0.935323,0.199019,-12.946337
0000:524633,0.934732,0.194853,-13.374753
0000:524633,0.934732,0.194853,-13.374753
0000:625281,0.920551,0.201795,-13.812742
0000:625281,0.920551,0.201795,-13.812742
0000:725746,0.939298,0.196161,-14.259620
0000:725746,0.939298,0.196161,-14.259620
0000:825936,0.915153,0.204035,-14.714928
0000:825936,0.915153,0.204035,-14.714928
0000:926401,0.946814,0.196477,-15.177965
0000:926401,0.946814,0.196477,-15.177965
0001:027049,0.917726,0.198065,-15.651909
0001:077403,0.931590,0.197721,-15.901386
0001:077403,0.931590,0.197721,-15.901386
0001:177838,0.938589,0.189372,-16.385956
0001:177838,0.938589,0.189372,-16.385956
0001:278150,0.919032,0.193668,-16.870041
0001:278150,0.919032,0.193668,-16.870041
0001:378554,0.941979,0.190833,-17.372599
0001:378554,0.941979,0.190833,-17.372599
0001:478958,0.913328,0.200999,-17.884075
0001:530472,0.944719,0.196202,-18.402100
0001:580155,0.931912,0.194657,-18.664284
0001:630601,0.915703,0.198211,-18.928213
0001:680620,0.922910,0.197224,-19.195801
0001:732470,0.943149,0.189771,-19.465050
0001:781665,0.943244,0.185000,-19.733694
0001:831165,0.924049,0.187344,-20.006243
0001:881397,0.919156,0.187461,-20.279631
0001:931568,0.937856,0.182218,-20.555202
0001:982442,0.950115,0.177707,-20.833429
0001:982442,0.950115,0.177707,-20.833429
0002:082235,0.932805,0.179055,-21.124336
0002:082235,0.932805,0.179055,-21.124336
0002:182700,0.932516,0.181717,-21.688719
0002:233329,0.943123,0.181043,-22.250803
0002:283439,0.923975,0.186152,-22.539804
0002:333824,0.924276,0.185783,-22.830799
0002:384087,0.944096,0.180336,-23.124775
0002:434137,0.952720,0.177378,-23.419458
0002:484461,0.937344,0.182683,-23.715094
0002:535303,0.927894,0.182482,-24.013559
0002:584926,0.946723,0.176518,-24.313673
0002:634975,0.962660,0.171852,-24.617516
0002:685329,0.953438,0.173883,-24.920107
0002:736996,0.936263,0.174676,-25.224499
0002:786313,0.940023,0.170380,-25.531343
0002:835783,0.958870,0.166404,-25.840181
0002:886045,0.956647,0.167153,-26.150837
0002:936186,0.938084,0.171489,-26.463099
0002:986693,0.931545,0.170986,-26.775724
0003:037567,0.947756,0.167811,-27.104858
0003:087250,0.956387,0.167786,-27.410040
0003:137726,0.941860,0.172431,-27.740982
0003:187776,0.927920,0.172383,-28.049603
0003:237489,0.938324,0.167980,-28.372145
0003:287935,0.956289,0.163343,-28.696840
0003:338046,0.952729,0.162168,-29.022730
0003:388461,0.934350,0.161653,-29.348600
0003:439060,0.932303,0.157892,-29.677883
0003:488804,0.951823,0.153758,-30.007704
0003:539830,0.957442,0.153419,-30.340502
0003:589299,0.939490,0.155203,-30.673193
0003:639532,0.928549,0.152116,-31.009449
0003:689795,0.943255,0.149949,-31.345833
0003:741584,0.958005,0.151594,-31.683332
0003:790809,0.948037,0.155186,-32.022160
0003:840339,0.928699,0.154701,-32.363407
0003:890419,0.932231,0.152336,-32.706360
0003:940713,0.952563,0.151557,-33.052444
0003:991037,0.952538,0.153077,-33.399651
0004:041910,0.932322,0.154104,-33.761356
0004:091471,0.928236,0.151191,-34.095428
0004:142009,0.947879,0.149712,-34.460289
0004:191875,0.957971,0.150678,-34.797836
0004:242199,0.945568,0.149008,-35.149734
0004:292492,0.931038,0.146543,-35.503750
0004:342847,0.939624,0.143770,-35.860390
0004:393110,0.956424,0.142485,-36.218582
0004:443464,0.952168,0.144945,-36.576569
0004:494063,0.930834,0.144512,-36.936153
0004:544539,0.930095,0.142297,-37.298618
0004:594497,0.947070,0.142264,-37.662121
0004:644699,0.951470,0.145742,-38.026333
0004:694932,0.933562,0.145933,-38.391178
0004:746049,0.923085,0.143833,-38.758251
0004:795854,0.938662,0.144889,-39.125629
0004:845629,0.956354,0.145901,-39.495056
0004:895983,0.947689,0.144046,-39.863853
0004:946185,0.930210,0.140935,-40.235657
0004:996692,0.937490,0.139336,-40.608356
0005:047291,0.959300,0.137201,-40.997532
0005:096852,0.961743,0.134999,-41.358955
0005:147512,0.944907,0.130517,-41.750317
0005:197256,0.939461,0.130193,-42.112556
0005:247671,0.956242,0.129103,-42.492764
0005:297751,0.967444,0.127347,-42.872883
0005:348075,0.953260,0.124052,-43.253460
0005:398308,0.935958,0.122982,-43.636829
0005:448601,0.944201,0.124985,-44.021149
0005:498833,0.961013,0.125230,-44.406105
0005:549737,0.956147,0.123252,-44.792091
0005:599604,0.937357,0.122724,-45.178444
0005:649775,0.935330,0.125475,-45.566944
0005:699885,0.955320,0.124986,-45.954533
0005:751277,0.964580,0.119559,-46.344589
0005:800625,0.948879,0.116849,-46.734299
0005:850705,0.940845,0.115139,-47.126698
0005:900968,0.956633,0.115853,-47.519390
0005:951292,0.974416,0.112921,-47.914318
0006:001646,0.965986,0.108537,-48.308823
0006:052092,0.946528,0.110027,-48.752190
0006:101928,0.952365,0.111674,-49.100838
0006:152587,0.971193,0.110588,-49.514748
0006:202423,0.969643,0.107590,-49.897655
0006:252595,0.949553,0.107909,-50.296520
0006:302919,0.941812,0.110184,-50.696823
0006:353090,0.955930,0.111870,-51.097080
0006:403231,0.966065,0.107923,-51.498940
0006:453463,0.952491,0.104733,-51.900692
0006:503757,0.938697,0.105753,-52.305283
0006:554447,0.949344,0.105818,-52.708603
0006:604405,0.968490,0.100852,-53.114944
0006:654301,0.965571,0.098121,-53.519833
0006:704656,0.949708,0.100573,-53.927666
0006:755346,0.949230,0.101487,-54.335957
0006:805029,0.969594,0.097606,-54.745419
0006:855109,0.977917,0.092441,-55.153408
0006:905219,0.961568,0.093677,-55.563786
0006:955360,0.950760,0.097288,-55.974789
0007:006142,0.964557,0.095888,-56.385632
0007:056466,0.978338,0.093023,-56.846741
0007:106332,0.968017,0.092357,-57.210049
0007:157053,0.949784,0.097245,-57.639130
0007:206828,0.951819,0.098345,-58.036892
0007:256968,0.971316,0.094140,-58.452126
0007:307201,0.974393,0.091654,-58.867260
0007:357494,0.958239,0.093055,-59.282219
0007:407666,0.953361,0.095237,-59.698677
0007:457837,0.972337,0.091188,-60.114159
0007:508131,0.983844,0.086311,-60.532242
0007:558638,0.973411,0.088293,-60.950481
0007:608565,0.960178,0.090588,-61.369247
0007:658858,0.967632,0.087946,-61.788628
0007:709121,0.983235,0.083294,-62.209202
0007:759750,0.978876,0.085253,-62.629715
0007:809556,0.957654,0.088686,-63.050041
0007:859880,0.953039,0.087831,-63.470528
0007:910020,0.970069,0.085097,-63.892101
0007:960528,0.974457,0.084667,-64.313988
0008:010699,0.958335,0.087572,-64.736198
0008:061114,0.946382,0.088060,-65.176025
0008:110920,0.959796,0.084735,-65.582207
0008:161732,0.975664,0.079875,-66.023911
0008:211232,0.968672,0.082457,-66.430504
0008:261556,0.953966,0.083436,-66.853584
0008:311636,0.959773,0.079714,-67.277603
0008:361960,0.979250,0.076604,-67.702324
0008:412253,0.981397,0.077671,-68.126503
0008:462516,0.961741,0.080436,-68.551575
0008:512840,0.956853,0.078443,-68.977364
0008:563134,0.972179,0.075821,-69.403038
0008:613458,0.983123,0.075779,-69.828903
0008:664148,0.968531,0.078842,-70.255318
0008:714380,0.952673,0.079803,-70.682663
0008:764613,0.958987,0.076190,-71.110413
0008:814845,0.973791,0.074854,-71.537605
0008:865108,0.970228,0.077787,-71.965919
0008:915340,0.950906,0.078073,-72.393044
0008:965512,0.947955,0.074407,-72.820480
0009:016294,0.966864,0.072521,-73.248581
0009:066373,0.973215,0.073445,-73.693588
0009:116514,0.960607,0.074110,-74.102364
0009:167021,0.951786,0.071190,-74.546547
0009:217040,0.965358,0.068455,-74.957016
0009:267303,0.981438,0.068401,-75.385551
0009:317474,0.973482,0.070450,-75.812912
0009:367768,0.955381,0.069863,-76.241356
0009:418153,0.958757,0.068038,-76.668587
0009:468141,0.978217,0.066379,-77.097839
0009:518435,0.977807,0.067334,-77.525223
0009:568545,0.961682,0.066433,-77.952354
0009:618838,0.954069,0.064558,-78.378647
0009:669162,0.967934,0.062658,-78.807861
0009:719425,0.978952,0.063962,-79.234550
0009:769749,0.966792,0.063184,-79.661697
0009:820012,0.953155,0.062094,-80.088577
0009:870397,0.964469,0.059964,-80.517067
0009:920721,0.985086,0.061408,-80.943474
0009:971045,0.983455,0.061683,-81.370499
0009:971045,0.983455,0.061683,-81.370499
0010:071663,0.969599,0.057795,-82.241043
0010:121621,0.988384,0.058132,-82.651405
0010:172189,0.995231,0.058303,-83.095345
0010:172189,0.995231,0.058303,-83.095345
0010:272287,0.969007,0.055273,-83.930756
0010:272287,0.969007,0.055273,-83.930756
0010:373027,0.991945,0.056092,-84.781723
0010:373027,0.991945,0.056092,-84.781723
0010:473186,0.966501,0.048634,-85.633263
0010:473186,0.966501,0.048634,-85.633263
0010:573529,0.987984,0.051546,-86.483864
0010:573529,0.987984,0.051546,-86.483864
0010:673872,0.972400,0.048255,-87.331451
0010:673872,0.972400,0.048255,-87.331451
0010:774642,0.986362,0.049327,-88.179398
0010:774642,0.986362,0.049327,-88.179398
0010:874985,0.984386,0.048089,-89.025612
0010:874985,0.984386,0.048089,-89.025612
0010:975450,0.983590,0.049328,-89.869713
0010:975450,0.983590,0.049328,-89.869713
0011:076128,0.993540,0.046841,-90.730080
0011:076128,0.993540,0.046841,-90.730080
0011:176532,0.975811,0.043703,-91.571259
0011:176532,0.975811,0.043703,-91.571259
0011:276814,0.999827,0.039008,-92.392174
0011:276814,0.999827,0.039008,-92.392174
0011:377126,0.971810,0.035911,-93.228409
0011:377126,0.971810,0.035911,-93.228409
0011:477621,0.999975,0.034545,-94.063950
0011:529044,0.978576,0.031682,-94.898079
0011:578178,0.985309,0.034747,-95.313065
0011:578178,0.985309,0.034747,-95.313065
0011:678185,1.004551,0.033605,-95.728828
0011:730554,0.990404,0.030801,-96.554802
0011:779565,0.986078,0.034485,-96.966499
0011:829248,1.001172,0.033865,-97.379776
0011:878992,1.008810,0.029510,-97.791710
0011:929225,0.981349,0.023884,-98.127151
0011:979579,0.923710,0.090893,-98.293510
0011:979579,0.923710,0.090893,-98.293510
0012:079587,0.811111,0.198968,-98.335236
0012:079587,0.811111,0.198968,-98.335236
0012:179960,0.580058,0.424453,-97.842033
0012:230497,0.358775,0.574359,-96.652771
0012:280608,0.417085,0.500768,-95.794830
0012:330901,0.313417,0.551307,-94.570786
0012:381073,-0.072204,0.970459,-92.794449
0012:431336,0.064471,0.801218,-90.337837
0012:481446,0.597039,0.137123,-87.521378
0012:532472,0.638915,0.131678,-84.489014
0012:581819,0.336311,0.625069,-81.372284
0012:632296,0.368320,0.467276,-78.117378
0012:682315,0.588507,-0.032670,-74.811356
0012:734256,0.564035,0.043727,-71.479591
0012:783451,0.350760,0.572421,-68.134743
0012:832981,0.345672,0.524853,-64.757439
0012:883122,0.486827,0.092918,-61.379326
0012:933324,0.463556,0.099075,-58.004871
0012:983679,0.378355,0.559958,-54.628792
0013:034979,0.401641,0.591578,-51.178082
0013:084296,0.463079,0.223424,-48.022480
0013:134651,0.487748,0.187230,-44.634418
0013:185188,0.452465,0.558938,-41.597511
0013:234536,0.446502,0.644255,-38.463852
0013:285287,0.512965,0.318741,-35.394585
0013:335275,0.566346,0.225829,-32.418083
0013:385508,0.531593,0.555819,-29.519775
0013:435801,0.514109,0.666335,-26.709127
0013:485789,0.548761,0.454951,-23.996775
0013:536785,0.616726,0.308691,-21.379581
0013:586285,0.649421,0.576280,-18.874077
0013:636548,0.624264,0.790598,-16.485170
0013:686688,0.628113,0.607867,-14.196688
0013:738599,0.730858,0.466738,-12.025384
0013:787977,0.792793,0.616916,-9.998090
0013:837630,0.744059,0.786421,-8.113580
0013:887893,0.706371,0.670082,-6.302126
0013:938125,0.804780,0.525657,-4.664568
0013:988938,0.908493,0.693898,-3.140521
0014:039353,0.823631,0.790482,-1.685226
0014:088670,0.736687,0.700241,-0.466175
0014:139482,0.815899,0.551082,0.755311
0014:188982,0.938068,0.628642,1.768203
0014:239550,0.886379,0.732691,2.784842
0014:289569,0.756823,0.724003,3.644835
0014:339893,0.818631,0.580923,4.474097
0014:389973,0.951387,0.611551,5.190578
0014:440175,0.913406,0.717922,5.867361
0014:490377,0.778738,0.700730,6.417511
0014:541372,0.819167,0.605106,6.934193
0014:590842,0.954667,0.658943,7.330645
0014:641074,0.968763,0.732271,7.679140
0014:691154,0.793207,0.723713,7.942379
0014:742638,0.791809,0.678101,8.138327
0014:792229,0.920473,0.634642,8.256656
0014:842126,0.938188,0.680619,8.315597
0014:892389,0.792767,0.650888,8.330826
0014:942591,0.744907,0.617636,8.247940
0014:993067,0.852821,0.573281,8.168772
0015:043574,0.907393,0.648870,7.985405
0015:093288,0.791314,0.623219,7.824538
0015:143948,0.700034,0.584055,7.558236
0015:193905,0.779584,0.598207,7.308873
0015:244016,0.841845,0.609628,7.022241
0015:294157,0.780737,0.648675,6.693211
0015:344420,0.682924,0.577665,6.371850
0015:394683,0.728019,0.573071,5.979101
0015:444884,0.812272,0.588527,5.618018
0015:495269,0.784160,0.552850,5.236507
0015:545899,0.698223,0.573673,4.812490
0015:595582,0.728738,0.531134,4.413878
0015:645997,0.776129,0.553769,3.991044
0015:696382,0.783033,0.534088,3.554722
0015:747347,0.678332,0.535997,3.164503
0015:796847,0.655439,0.495855,2.731495
0015:846774,0.705474,0.530234,2.291670
0015:897098,0.722967,0.530520,1.873014
0015:947453,0.666689,0.484707,1.464827
0015:998021,0.623974,0.523150,1.033456
0016:048284,0.693514,0.499769,0.593121
0016:098181,0.707609,0.507226,0.211398
0016:148901,0.659341,0.484484,-0.197668
0016:198646,0.621641,0.538826,-0.604314
0016:248969,0.674283,0.525198,-1.002043
0016:299141,0.709234,0.502223,-1.391894
0016:349556,0.673859,0.523536,-1.760691
0016:399697,0.629068,0.521686,-2.138860
0016:449991,0.648064,0.542759,-2.523154
0016:500162,0.702282,0.542841,-2.889122
0016:550883,0.678632,0.504191,-3.228406
0016:600627,0.594156,0.489499,-3.556944
0016:651256,0.615871,0.476005,-3.894511
0016:701031,0.654374,0.499147,-4.229168
0016:752148,0.643229,0.475397,-4.548612
0016:801526,0.589991,0.473561,-4.830909
0016:851728,0.617724,0.446330,-5.099854
0016:902083,0.669393,0.448903,-5.363850
0016:952223,0.644805,0.462985,-5.638554
0017:002761,0.599960,0.456434,-5.870412
0017:053024,0.596878,0.447945,-6.072260
0017:102921,0.646145,0.444216,-6.249295
0017:153611,0.648913,0.418469,-6.452233
0017:203386,0.586243,0.469714,-6.602955
0017:253526,0.564697,0.444184,-6.759292
0017:303820,0.618353,0.472218,-6.870997
0017:353961,0.631372,0.437327,-6.956925
0017:404254,0.568598,0.388339,-7.016857
0017:454517,0.535139,0.365968,-7.082911
0017:504811,0.554407,0.405907,-7.136806
0017:555318,0.589695,0.380825,-7.180427
0017:605092,0.575543,0.389397,-7.179794
0017:655203,0.527473,0.352659,-7.158682
0017:705557,0.525458,0.331596,-7.137564
0017:756278,0.546330,0.346233,-7.106400
0017:806083,0.559983,0.391537,-7.073291
0017:856499,0.549920,0.346699,-7.018627
0017:906762,0.556789,0.397625,-6.942378
0017:957055,0.588284,0.384821,-6.857279
0018:007593,0.593304,0.341126,-6.765461
0018:058039,0.558585,0.379641,-6.687140
0018:107936,0.550166,0.336274,-6.612175
0018:158565,0.550291,0.362452,-6.538066
0018:208492,0.551068,0.373619,-6.421507
0018:258633,0.538308,0.377693,-6.312841
0018:308804,0.509789,0.285868,-6.218146
0018:359098,0.510214,0.366618,-6.045651
0018:409239,0.532015,0.255634,-5.349526
0018:459563,0.442826,0.384734,-4.205827
0018:509764,0.340356,0.488366,-2.723039
0018:560546,0.373335,0.456406,-0.996538
0018:610351,0.449503,0.400284,0.957852
0018:660614,0.406369,0.480648,3.075562
0018:710847,0.337986,0.535709,5.357593
0018:761232,0.352567,0.477540,7.785125
0018:811159,0.399503,0.409278,10.383107
0018:861544,0.392876,0.465709,13.049893
0018:911654,0.344074,0.531131,15.815937
0018:961948,0.339468,0.485679,18.673548
0019:012516,0.373491,0.497911,21.600607
0019:062901,0.359452,0.545295,24.698765
0019:112828,0.331143,0.607725,27.583580
0019:163640,0.362089,0.571351,30.745037
0019:213476,0.429253,0.518227,33.651314
0019:263770,0.452246,0.585463,36.663593
0019:314063,0.465179,0.639466,39.647839
0019:364173,0.507329,0.626579,42.601990
0019:414467,0.571965,0.580016,45.500557
0019:464669,0.626430,0.622948,48.321625
0019:514779,0.665804,0.693015,51.117477
0019:564981,0.669347,0.678625,53.803623
0019:615244,0.742269,0.673846,56.414330
0019:665507,0.784716,0.666582,58.927925
0019:715800,0.816276,0.743493,61.321850
0019:765728,0.802359,0.738220,63.631718
0019:816235,0.846752,0.693729,65.801453
0019:866437,0.893024,0.683821,67.890633
0019:916730,0.896618,0.720174,69.871880
0019:967024,0.878023,0.757396,71.744370
0020:017317,0.917289,0.643444,73.472847
0020:067733,0.987476,0.668656,75.269005
0020:117721,0.995866,0.773307,76.577682
0020:167831,0.969058,0.779527,78.006989
0020:217911,0.959298,0.720492,79.244125
0020:268235,0.954670,0.711193,80.388855
0020:318651,0.998199,0.728486,81.435333
0020:368944,0.989774,0.760613,82.398132
0020:419207,0.958859,0.757032,83.297035
0020:469500,0.936172,0.687490,84.090904
0020:519702,0.990229,0.696427,84.795807
0020:569965,1.013674,0.731523,85.444000
0020:620320,0.966136,0.688849,86.019791
0020:620320,0.966136,0.688849,86.019791
0020:720785,0.974128,0.715934,86.906845
0020:720785,0.974128,0.715934,86.906845
0020:820883,0.939115,0.649596,87.514374
0020:820883,0.939115,0.649596,87.514374
0020:921379,0.933592,0.683935,87.795509
0020:921379,0.933592,0.683935,87.795509
0021:021660,0.980813,0.570297,87.866859
0021:072290,0.937107,0.603187,87.791817
0021:072290,0.937107,0.603187,87.791817
0021:173029,0.965222,0.600925,87.539101
0021:173029,0.965222,0.600925,87.539101
0021:273128,0.923888,0.565482,87.114067
0021:273128,0.923888,0.565482,87.114067
0021:373562,0.940812,0.572368,86.573082
0021:373562,0.940812,0.572368,86.573082
0021:474271,0.919696,0.592501,85.910263
0021:474271,0.919696,0.592501,85.910263
0021:574614,0.874781,0.627445,85.202042
0021:574614,0.874781,0.627445,85.202042
0021:675140,0.887875,0.602492,84.425331
0021:727539,0.831342,0.617900,83.623756
0021:776398,0.874942,0.622710,83.250366
0021:776398,0.874942,0.622710,83.250366
0021:875978,0.869791,0.525953,82.877663
0021:875978,0.869791,0.525953,82.877663
0021:976290,0.826750,0.494304,82.083725
0021:976290,0.826750,0.494304,82.083725
0022:077335,0.848188,0.550385,81.274521
0022:077335,0.848188,0.550385,81.274521
0022:177769,0.792074,0.532710,80.521622
0022:228276,0.846834,0.484929,79.748703
0022:278326,0.793617,0.479161,79.361816
0022:328711,0.771468,0.503609,78.973549
0022:378760,0.790744,0.494319,78.587135
0022:429114,0.820829,0.417468,78.210983
0022:479347,0.764272,0.423469,77.855003
0022:530312,0.718618,0.462986,77.486176
0022:579812,0.736727,0.486033,77.135689
0022:630044,0.779675,0.481374,76.810555
0022:680216,0.755951,0.439839,76.510765
0022:732096,0.726290,0.430095,76.197861
0022:781169,0.770466,0.373154,75.900894
0022:830730,0.808113,0.394658,75.610916
0022:881023,0.824362,0.364718,75.327126
0022:931225,0.808816,0.357323,75.076210
0022:981793,0.795990,0.394763,74.824333
0023:032606,0.803728,0.444892,74.569649
0023:082136,0.834489,0.405106,74.355629
0023:082136,0.834489,0.405106,74.355629
0023:181838,0.808734,0.340872,74.164978
0023:232315,0.792612,0.389810,73.795593
0023:282639,0.799139,0.388070,73.645912
0023:332749,0.758537,0.330493,73.488388
0023:382859,0.734840,0.370058,73.355301
0023:433214,0.772028,0.377647,73.251617
0023:483233,0.804595,0.360685,73.168083
0023:534167,0.795096,0.375348,73.093391
0023:584460,0.768403,0.369144,73.051537
0023:633838,0.787317,0.405493,73.035866
0023:684132,0.814798,0.392320,73.034943
0023:735829,0.784956,0.360752,73.045753
0023:785207,0.748134,0.374243,73.077942
0023:834615,0.735279,0.363773,73.133575
0023:884878,0.774097,0.379408,73.200668
0023:935324,0.766678,0.358950,73.279427
0023:985709,0.710730,0.336251,73.357857
0024:036583,0.670669,0.349797,73.454750
0024:086174,0.713351,0.380351,73.552864
0024:136590,0.732299,0.355243,73.679565
0024:186364,0.698880,0.347643,73.800369
0024:236444,0.674743,0.334144,73.939171
0024:286677,0.715155,0.383751,74.078613
0024:336757,0.741816,0.382932,74.210220
0024:386867,0.739242,0.393660,74.350220
0024:437191,0.719929,0.407412,74.505463
0024:487088,0.736592,0.373310,74.671387
0024:538083,0.759867,0.412027,74.820770
0024:587583,0.728725,0.410344,74.984077
0024:638334,0.705048,0.391634,75.142944
0024:687956,0.726783,0.445104,75.317337
0024:739196,0.757894,0.434287,75.500961
0024:788635,0.713680,0.389536,75.659225
0024:838379,0.692208,0.404581,75.833900
0024:888611,0.697369,0.480465,76.023941
0024:938905,0.723030,0.432556,76.203873
0024:989320,0.725954,0.398857,76.395874
0025:040224,0.729890,0.364230,76.598396
0025:089724,0.742542,0.424988,76.807716
0025:140475,0.735530,0.408975,77.005264
0025:190433,0.718605,0.352820,77.201584
0025:240635,0.730266,0.346058,77.401260
0025:290929,0.734017,0.387214,77.604851
0025:341100,0.756239,0.423161,77.813881
0025:391363,0.762614,0.413923,78.010963
0025:441504,0.741032,0.318079,78.218079
0025:491736,0.737301,0.359546,78.386566
0025:542396,0.749863,0.368447,78.525146
0025:593300,0.728868,0.341114,78.686935
0025:642525,0.689933,0.329605,78.818863
0025:692910,0.687026,0.385869,78.916008
0025:744027,0.703039,0.356743,79.037117
0025:793894,0.697463,0.318323,79.150673
0025:843455,0.656359,0.329814,79.249176
0025:893779,0.655001,0.321711,79.340675
0025:944103,0.680872,0.337109,79.435638
0025:994610,0.709875,0.264666,79.504433
0026:045331,0.676073,0.301576,79.610832
0026:094892,0.658593,0.315616,79.686737
0026:145734,0.719883,0.313513,79.749199
0026:195540,0.745066,0.290997,79.797127
0026:245802,0.720560,0.329478,79.873642
0026:296035,0.655794,0.326487,79.931961
0026:346542,0.685342,0.298184,79.957092
0026:396683,0.707735,0.302968,79.998802
0026:447007,0.692347,0.323686,80.042137
0026:497117,0.659113,0.331892,80.089050
0026:547807,0.661001,0.291086,80.101250
0026:597521,0.666220,0.271885,80.121452
0026:647631,0.650496,0.294404,80.184586
0026:697955,0.618940,0.293062,80.211311
0026:749103,0.647823,0.284532,80.212334
0026:798695,0.667829,0.251585,80.243484
0026:848866,0.669556,0.275023,80.282547
0026:899190,0.664994,0.293839,80.305092
0026:949423,0.665874,0.285407,80.328293
0026:999777,0.676144,0.241384,80.363342
0027:050132,0.660946,0.281531,80.412682
0027:099967,0.675977,0.326812,80.426109
0027:150658,0.689344,0.315769,80.432861
0027:200463,0.684294,0.287734,80.468353
0027:250726,0.660557,0.270838,80.497147
0027:300989,0.646420,0.322513,80.494102
0027:351221,0.657150,0.276722,80.520020
0027:401759,0.633595,0.220974,80.531853
0027:451747,0.622605,0.207887,80.531654
0027:502193,0.621065,0.290997,80.514839
0027:552700,0.650421,0.276549,80.528214
0027:602566,0.619466,0.198257,80.532349
0027:652890,0.583694,0.218999,80.513069
0027:703031,0.615747,0.271546,80.485664
0027:753660,0.642879,0.270360,80.490776
0027:803557,0.639749,0.235758,80.471153
0027:853576,0.612686,0.229181,80.443901
0027:904174,0.607861,0.258918,80.449768
0027:953949,0.636058,0.241334,80.416786
0028:004395,0.655554,0.215841,80.393059
0028:054811,0.610830,0.235621,80.383011
0028:104677,0.577405,0.251242,80.371567
0028:155337,0.626009,0.297075,80.337799
0028:205111,0.659978,0.259188,80.327461
0028:255527,0.605347,0.242189,80.325012
0028:305668,0.554914,0.237560,80.309372
0028:355778,0.580621,0.227873,80.270042
0028:406102,0.617114,0.238501,80.249687
0028:456396,0.600423,0.182341,80.229843
0028:506658,0.555172,0.229878,80.170631
0028:557105,0.577932,0.254521,80.141228
0028:607215,0.571737,0.226013,80.107201
0028:657417,0.582904,0.260833,80.020844
0028:707527,0.593061,0.292768,79.978737
0028:758248,0.557607,0.237155,79.952576
0028:807961,0.565415,0.268836,79.842590
0028:858255,0.620991,0.281801,79.767456
0028:908426,0.593151,0.251600,79.735268
0028:958933,0.533392,0.282594,79.653496
0029:009135,0.540027,0.293621,79.564827
0029:059642,0.566209,0.262263,79.519157
0029:109326,0.562521,0.277114,79.456352
0029:160046,0.526419,0.288768,79.357811
0029:209882,0.540586,0.272968,79.285309
0029:260145,0.563453,0.286392,79.194229
0029:310347,0.540045,0.285963,79.088799
0029:360488,0.507891,0.344006,78.981049
0029:410842,0.524714,0.291540,78.882607
0029:461075,0.556263,0.324306,78.750816
0029:511246,0.548153,0.353976,78.639351
0029:561509,0.523447,0.311867,78.534103
0029:611711,0.510820,0.290850,78.422775
0029:661974,0.511221,0.325565,78.286850
0029:712054,0.511413,0.370528,78.183853
0029:762286,0.493600,0.316462,78.077271
0029:812732,0.493892,0.316260,77.952003
0029:862629,0.521143,0.309061,77.864082
0029:913014,0.509842,0.341094,77.784889
0029:963246,0.505309,0.289486,77.698807
0030:013784,0.510848,0.257588,77.630875
0030:063986,0.515144,0.279051,77.595352
0030:113730,0.527080,0.302992,77.548553
0030:164115,0.507348,0.311615,77.480026
0030:214256,0.529837,0.267610,77.453003
0030:264275,0.516258,0.259274,77.427116
0030:314660,0.517579,0.307200,77.369141
0030:364831,0.530278,0.290658,77.329536
0030:415033,0.535868,0.222704,77.299828
0030:465174,0.546960,0.258717,77.250923
0030:515467,0.528453,0.282821,77.208565
0030:565761,0.544275,0.286189,77.214813
0030:616115,0.553995,0.223971,77.177483
0030:666409,0.570640,0.185717,77.166931
0030:716702,0.554394,0.211782,77.180077
0030:766904,0.523611,0.221603,77.158333
0030:817106,0.549121,0.195633,77.130409
0030:867369,0.529984,0.135979,77.131943
0030:917571,0.516391,0.167553,77.128258
0030:967956,0.520498,0.230894,77.106133
0030:967956,0.520498,0.230894,77.106133
0031:068879,0.510888,0.178916,77.130859
0031:068879,0.510888,0.178916,77.130859
0031:169069,0.513818,0.204086,77.175934
0031:169069,0.513818,0.204086,77.175934
0031:269137,0.493785,0.173126,77.188950
0031:269137,0.493785,0.173126,77.188950
0031:369327,0.511119,0.204091,77.221275
0031:369327,0.511119,0.204091,77.221275
0031:469975,0.521233,0.208250,77.218170
0031:469975,0.521233,0.208250,77.218170
0031:570348,0.527468,0.225436,77.199471
0031:570348,0.527468,0.225436,77.199471
0031:670844,0.492477,0.177331,77.178596
0031:670844,0.492477,0.177331,77.178596
0031:771614,0.522624,0.214373,77.165199
0031:771614,0.522624,0.214373,77.165199
0031:872140,0.529666,0.209836,77.135574
0031:872140,0.529666,0.209836,77.135574
0031:972604,0.529205,0.221685,77.094307
0031:972604,0.529205,0.221685,77.094307
0032:073313,0.534039,0.260804,77.077187
0032:073313,0.534039,0.260804,77.077187
0032:173748,0.528131,0.256131,77.024712
0032:173748,0.528131,0.256131,77.024712
0032:274091,0.497599,0.235773,77.013969
0032:274091,0.497599,0.235773,77.013969
0032:374739,0.517357,0.197187,76.990227
0032:374739,0.517357,0.197187,76.990227
0032:475020,0.535539,0.263254,76.928123
0032:526687,0.473628,0.279319,76.847984
0032:575973,0.514809,0.265380,76.806389
0032:626145,0.489424,0.250480,76.762711
0032:676255,0.478283,0.248991,76.666367
0032:728410,0.481382,0.259923,76.619179
0032:777208,0.509549,0.245889,76.554726
0032:826769,0.503998,0.288546,76.465149
0032:877002,0.483106,0.274446,76.418045
0032:927448,0.463418,0.232616,76.342361
0032:977741,0.499861,0.259716,76.267677
0032:977741,0.499861,0.259716,76.267677
0033:077779,0.508856,0.233483,76.220261
0033:077779,0.508856,0.233483,76.220261
0033:178213,0.453436,0.268179,76.079277
0033:228751,0.467871,0.265501,75.976547
0033:279655,0.430477,0.259832,75.920288
0033:329094,0.405644,0.242405,75.878769
0033:379540,0.426379,0.261394,75.805626
0033:429803,0.471021,0.235379,75.778252
0033:479852,0.458241,0.204161,75.720459
0033:530908,0.435647,0.271171,75.661705
0033:580225,0.456171,0.243457,75.655449
0033:630549,0.475819,0.203342,75.608841
0033:680538,0.482569,0.216121,75.579819
0033:732418,0.429037,0.227836,75.590576
0033:781521,0.427091,0.214884,75.557510
0033:830991,0.462442,0.161770,75.557854
0033:881071,0.479105,0.117600,75.562172
0033:931456,0.440556,0.186961,75.528313
0033:982298,0.421621,0.217044,75.517265
0034:032867,0.432373,0.187361,75.475700
0034:082702,0.435023,0.182608,75.478203
0034:133209,0.373195,0.200077,75.462563
0034:182892,0.367107,0.255910,75.430801
0034:233003,0.414673,0.194832,75.458488
0034:283388,0.411951,0.180801,75.432983
0034:333498,0.381894,0.212143,75.421692
0034:383700,0.365905,0.190877,75.443687
0034:434024,0.389604,0.146339,75.419243
0034:484256,0.408329,0.124958,75.407814
0034:535313,0.378834,0.133604,75.400459
0034:584843,0.345775,0.206312,75.368034
0034:635137,0.360977,0.177916,75.377426
0034:685491,0.362582,0.153386,75.323387
0034:737250,0.383940,0.188520,75.312042
0034:786658,0.374442,0.162168,75.283409
0034:836158,0.383715,0.192335,75.246033
0034:886299,0.377189,0.192396,75.247246
0034:936715,0.343991,0.221607,75.200119
0034:987191,0.362110,0.225241,75.191032
0035:038034,0.368071,0.205487,75.150154
0035:087412,0.391154,0.176975,75.132568
0035:138651,0.354561,0.173332,75.137596
0035:187968,0.375449,0.219045,75.119057
0035:238109,0.389586,0.173922,75.126373
0035:288219,0.403938,0.152995,75.135666
0035:338452,0.400551,0.171556,75.146599
0035:388745,0.393499,0.165459,75.187233
0035:439008,0.386625,0.172082,75.195923
0035:489180,0.388280,0.139326,75.243622
0035:539839,0.377156,0.135010,75.238380
0035:589553,0.388524,0.185777,75.248421
0035:639877,0.371682,0.141574,75.262482
0035:690140,0.347910,0.190081,75.235672
0035:741379,0.354977,0.166425,75.275658
0035:791032,0.365640,0.180363,75.229546
0035:840746,0.402421,0.129632,75.230988
0035:891253,0.356788,0.122308,75.200081
0035:941119,0.322065,0.206652,75.160606
0035:991870,0.285141,0.183174,75.170944
0036:042011,0.280839,0.182073,75.124069
0036:091938,0.282060,0.129455,75.127335
0036:142537,0.277279,0.129228,75.099953
0036:192434,0.285128,0.180396,75.079681
0036:242453,0.272998,0.134784,75.093307
0036:292746,0.286943,0.177398,75.067917
0036:342826,0.288479,0.143112,75.086517
0036:393150,0.271273,0.155953,75.081314
0036:443352,0.312467,0.142218,75.066948
0036:493523,0.305140,0.149663,75.095695
0036:544183,0.282208,0.173126,75.096581
0036:593866,0.244703,0.142743,75.153580
0036:644220,0.253084,0.159512,75.171463
0036:694514,0.262638,0.129316,75.223343
0036:745662,0.250765,0.159020,75.264877
0036:795284,0.261585,0.152035,75.309669
0036:845608,0.253395,0.093600,75.391830
0036:895444,0.265977,0.114724,75.431198
0036:945646,0.256275,0.087163,75.500229
0036:996031,0.291794,0.105152,75.554985
0037:046629,0.282748,0.077150,75.652664
0037:096282,0.259257,0.060155,75.704292
0037:146972,0.256021,0.127241,75.787239
0037:196564,0.250076,0.096360,75.860497
0037:246979,0.251707,0.098348,75.937958
0037:296998,0.235063,0.045979,76.014938
0037:347383,0.214054,0.077168,76.048828
0037:397493,0.205571,0.059019,76.111618
0037:447756,0.219461,0.063845,76.132904
0037:498050,0.202162,0.000900,76.199753
0037:548831,0.168983,0.041434,76.207718
0037:598453,0.201592,0.060782,76.247086
0037:648716,0.212970,0.041043,76.255180
0037:699040,0.227490,0.041955,76.294250
0037:749944,0.208990,-0.023605,76.341400
0037:799780,0.192712,0.013606,76.374512
0037:850012,0.200495,-0.017096,76.425987
0037:900306,0.167058,-0.022162,76.420418
0037:950538,0.143997,-0.036723,76.473305
0038:001259,0.164329,0.000485,76.477737
0038:051278,0.175582,-0.012350,76.512085
0038:101297,0.135474,0.017238,76.519043
0038:151956,0.136431,-0.014118,76.530014
0038:201792,0.155869,0.007686,76.527008
0038:251994,0.175662,0.015773,76.520012
0038:302257,0.139075,0.002604,76.521179
0038:352306,0.150443,0.055141,76.506416
0038:402630,0.158468,0.003854,76.505241
0038:452924,0.178384,0.090993,76.502274
0038:503187,0.161615,0.034262,76.550949
0038:553694,0.125478,0.059167,76.533424
0038:603651,0.150303,0.075273,76.553574
0038:654067,0.150037,0.058706,76.494873
0038:704299,0.160277,0.059048,76.485596
0038:754990,0.134741,0.071243,76.438232
0038:804917,0.145536,0.085788,76.411156
0038:855180,0.158085,0.082686,76.379654
0038:905443,0.177486,0.088759,76.327400
0038:955736,0.143297,0.067987,76.318832
0039:006213,0.150329,0.104358,76.250710
0039:056811,0.177725,0.070658,76.224312
0039:106342,0.194123,0.060726,76.159195
0039:157093,0.177855,0.081627,76.127739
0039:206807,0.185622,0.160241,76.046593
0039:256887,0.231925,0.150187,76.003448
0039:306997,0.222813,0.104828,75.954391
0039:357596,0.202468,0.153696,75.908089
0039:407645,0.201302,0.136857,75.891212
0039:457999,0.243821,0.148809,75.842918
0039:508232,0.238657,0.087644,75.840935
0039:558464,0.222675,0.138661,75.810165
0039:608727,0.220842,0.111716,75.819252
0039:658960,0.249363,0.097424,75.809738
0039:709314,0.272706,0.064195,75.812141
0039:759455,0.254012,0.131572,75.770737
0039:809748,0.230031,0.127424,75.755440
0039:859981,0.232382,0.096664,75.730797
0039:910305,0.237664,0.029259,75.705475
0039:960568,0.222865,0.045891,75.676804
0040:011350,0.213726,0.045575,75.609634
0040:061368,0.233815,0.022119,75.563148
0040:111509,0.240993,0.057972,75.477852
0040:162077,0.224960,0.040216,75.419342
0040:211883,0.219655,0.065523,75.330757
0040:262207,0.262878,0.040490,75.278763
0040:312317,0.251820,0.045875,75.181900
0040:362427,0.239612,0.079011,75.089577
0040:412721,0.249627,0.015532,75.016685
0040:462953,0.285975,0.036623,74.895393
0040:513338,0.252213,0.023077,74.817039
0040:563571,0.234290,0.094964,74.722633
0040:613864,0.251702,0.024422,74.652077
0040:664158,0.254226,0.026646,74.564888
0040:714359,0.249734,0.049563,74.516747
0040:764653,0.236969,0.046301,74.484482
0040:814855,0.259789,0.029509,74.433960
0040:865179,0.248273,-0.011443,74.442581
0040:915350,0.221119,0.064556,74.422676
0040:965644,0.240021,0.067279,74.452438
0041:015815,0.257956,-0.002424,74.438622
0041:066231,0.263394,-0.035984,74.485962
0041:116219,0.224779,-0.061610,74.522408
0041:166909,0.237420,-0.031839,74.533958
0041:216745,0.250333,-0.059773,74.589050
0041:266855,0.207812,-0.025828,74.621208
0041:317027,0.166420,0.027355,74.698524
0041:367442,0.193316,0.033432,74.763290
0041:367442,0.193316,0.033432,74.763290
0041:467541,0.210770,-0.012423,74.942116
0041:467541,0.210770,-0.012423,74.942116
0041:568219,0.206944,0.021884,75.130455
0041:568219,0.206944,0.021884,75.130455
0041:668684,0.198456,0.002633,75.316307
0041:668684,0.198456,0.002633,75.316307
0041:769088,0.201052,0.040957,75.495346
0041:769088,0.201052,0.040957,75.495346
0041:869614,-0.310792,-0.407619,74.932335
0041:869614,-0.310792,-0.407619,74.932335
0041:970048,-0.497158,-1.216103,71.949440
0041:970048,-0.497158,-1.216103,71.949440
0042:070849,-0.543270,-1.470659,66.560905
0042:070849,-0.543270,-1.470659,66.560905
0042:171130,0.000772,-0.667507,59.565544
0042:171130,0.000772,-0.667507,59.565544
0042:271260,-0.252440,-1.195395,51.582726
0042:271260,-0.252440,-1.195395,51.582726
0042:371633,-0.042949,-0.856701,42.251507
0042:371633,-0.042949,-0.856701,42.251507
0042:472159,0.535991,-0.428367,31.998676
0042:472159,0.535991,-0.428367,31.998676
0042:572257,0.585122,-0.424051,21.359917
0042:572257,0.585122,-0.424051,21.359917
0042:672692,0.887471,-0.037787,10.555960
0042:725701,0.997401,-0.601834,-0.202768
0042:774316,1.153791,-0.580731,-5.558641
0042:824091,1.181420,-0.282045,-10.903676
0042:874537,1.056760,-0.180569,-16.119526
0042:924861,1.099478,-0.439348,-21.220404
0042:975124,1.359330,-0.494930,-26.202688
0042:975124,1.359330,-0.494930,-26.202688
0043:075345,1.433504,-0.264179,-31.279686
0043:075345,1.433504,-0.264179,-31.279686
0043:175779,1.383702,-0.469085,-40.518932
0043:226439,1.662763,-0.248862,-49.063313
0043:277007,1.638013,-0.267815,-53.170124
0043:326782,1.706055,-0.402387,-57.090336
0043:377228,1.761824,-0.418687,-60.768299
0043:427826,1.794087,-0.269562,-64.224640
0043:477540,1.780653,-0.298471,-67.484512
0043:528535,1.734261,-0.409487,-70.508186
0043:577944,1.725810,-0.346594,-73.293892
0043:628085,1.812880,-0.234475,-75.872543
0043:678195,1.839420,-0.267044,-78.223488
0043:730014,1.732589,-0.376263,-80.381912
0043:779636,1.675204,-0.275169,-82.344536
0043:828709,1.732348,-0.177628,-84.102600
0043:879125,1.803048,-0.180861,-85.691444
0043:929082,1.723619,-0.211047,-87.112267
0043:979590,1.682312,-0.184077,-88.347038
0044:030341,1.801590,-0.081813,-89.469292
0044:079993,1.868939,-0.093066,-90.343170
0044:130470,1.763806,-0.118166,-91.126289
0044:180214,1.698771,-0.132428,-91.710365
0044:230263,1.765208,-0.126781,-92.163673
0044:280526,1.802191,-0.098030,-92.471336
0044:330728,1.686339,-0.082193,-92.622414
0044:381052,1.599144,-0.150146,-92.664024
0044:431163,1.657016,-0.182528,-92.580070
0044:481456,1.689623,-0.129832,-92.365150
0044:532299,1.629657,-0.084856,-92.066444
0044:581768,1.579742,-0.130906,-91.671791
0044:632092,1.609066,-0.148374,-91.188377
0044:682264,1.661536,-0.091570,-90.628197
0044:734419,1.649218,-0.028706,-90.000259
0044:783461,1.597174,-0.086928,-89.310600
0044:833114,1.584678,-0.071180,-88.584785
0044:883315,1.645624,-0.032833,-87.804520
0044:933792,1.648674,0.000831,-87.016701
0044:984208,1.601319,-0.046650,-86.190666
0045:035630,1.561194,-0.071514,-85.342812
0045:084428,1.608880,-0.077296,-84.533371
0045:135088,1.622796,-0.029244,-83.673492
0045:185168,1.547192,-0.028491,-82.867783
0045:235248,1.460217,-0.084473,-82.047714
0045:285297,1.479630,-0.094823,-81.249222
0045:335621,1.507061,-0.068926,-80.446083
0045:385731,1.449970,-0.058356,-79.661613
0045:436025,1.395222,-0.048079,-78.884552
0045:486318,1.416183,-0.087022,-78.124275
0045:537283,1.468558,-0.033335,-77.378670
0045:586783,1.501043,0.015046,-76.657623
0045:637016,1.457960,-0.003620,-75.952545
0045:687217,1.415267,-0.051793,-75.283012
0045:738732,1.498094,-0.033495,-74.622810
0045:788171,1.503982,-0.026127,-73.976845
0045:837976,1.401606,-0.058865,-73.371429
0045:888361,1.309622,-0.113465,-72.791702
0045:938502,1.360872,-0.094265,-72.259811
0045:989253,1.388318,-0.048864,-71.754547
0046:039913,1.304607,-0.040246,-71.271484
0046:089504,1.248388,-0.120041,-70.857475
0046:139920,1.269150,-0.146587,-70.436317
0046:189725,1.317765,-0.083081,-70.092125
0046:239927,1.266304,-0.069042,-69.771805
0046:290098,1.220325,-0.085588,-69.489441
0046:340300,1.250636,-0.123791,-69.259598
0046:390441,1.311110,-0.067127,-69.023140
0046:440612,1.314304,-0.053126,-68.821846
0046:490692,1.267031,-0.093615,-68.703781
0046:541413,1.263909,-0.051841,-68.610519
0046:591432,1.305011,-0.043792,-68.558136
0046:641390,1.314330,-0.111884,-68.500015
0046:691744,1.211024,-0.091340,-68.512955
0046:742678,1.203933,-0.129815,-68.557846
0046:792514,1.235366,-0.138398,-68.621201
0046:842380,1.223404,-0.133511,-68.723122
0046:892643,1.167330,-0.123828,-68.875450
0046:943059,1.158886,-0.156264,-69.068642
0046:993444,1.164690,-0.154812,-69.248016
0047:043920,1.167049,-0.080587,-69.481117
0047:093848,1.156724,-0.118794,-69.713585
0047:144812,1.129007,-0.143024,-69.949142
0047:194343,1.146402,-0.108538,-70.217110
0047:244820,1.191834,-0.104891,-70.490021
0047:295052,1.205410,-0.090928,-70.745064
0047:345315,1.162982,-0.141516,-71.045052
0047:395639,1.179843,-0.120061,-71.340164
0047:445963,1.217598,-0.130651,-71.627319
0047:496073,1.184403,-0.141714,-71.925919
0047:546825,1.132549,-0.180193,-72.249207
0047:596752,1.129502,-0.175344,-72.558121
0047:646862,1.141537,-0.188624,-72.864731
0047:697125,1.152054,-0.200095,-73.188591
0047:747998,1.079830,-0.156186,-73.511604
0047:797590,1.078982,-0.191631,-73.809952
0047:847761,1.115247,-0.185591,-74.094406
0047:898055,1.147044,-0.130935,-74.394966
0047:948257,1.114829,-0.136073,-74.690361
0047:998764,1.109630,-0.129320,-74.972969
0048:049088,1.163737,-0.162282,-75.230667
0048:099076,1.186485,-0.130763,-75.479362
0048:149675,1.171022,-0.093851,-75.755135
0048:199694,1.140446,-0.155200,-75.987663
0048:249895,1.155189,-0.168247,-76.208008
0048:300128,1.200518,-0.195144,-76.415657
0048:350238,1.177925,-0.195599,-76.617996
0048:400593,1.138105,-0.154318,-76.841812
0048:450917,1.122741,-0.216979,-77.038170
0048:501149,1.154767,-0.196420,-77.206818
0048:551565,1.168049,-0.197915,-77.371109
0048:601553,1.124487,-0.208427,-77.515198
0048:651846,1.108243,-0.267751,-77.673103
0048:702445,1.096516,-0.202104,-77.816803
0048:752739,1.121065,-0.180610,-77.960571
0048:802696,1.132679,-0.122685,-78.085915
0048:852898,1.123496,-0.184437,-78.182602
0048:903070,1.140517,-0.154804,-78.272003
0048:953333,1.169813,-0.158313,-78.383621
0049:003718,1.169279,-0.037392,-78.491005
0049:054042,1.147362,-0.099370,-78.578293
0049:103877,1.133584,-0.117199,-78.653961
0049:154659,1.147188,-0.109204,-78.705009
0049:204403,1.141299,-0.141321,-78.753815
0049:254483,1.096562,-0.167578,-78.820778
0049:304776,1.045689,-0.152599,-78.867203
0049:355253,1.081072,-0.147523,-78.911400
0049:405455,1.094832,-0.148241,-78.932594
0049:455718,1.069725,-0.139544,-78.965858
0049:506256,1.026139,-0.209241,-78.990730
0049:556518,1.029704,-0.135541,-79.028595
0049:606507,1.122012,-0.158504,-79.073326
0049:656770,1.119765,-0.115201,-79.073151
0049:706850,1.069708,-0.143903,-79.075005
0049:757357,1.042318,-0.150641,-79.055717
0049:807467,1.100474,-0.089340,-79.060730
0049:857791,1.098719,-0.116605,-79.066200
0049:908054,1.066888,-0.117105,-79.052887
0049:958286,1.032028,-0.146136,-79.029228
0050:008854,1.047752,-0.171480,-79.019402
0050:059148,1.056698,-0.135540,-79.039169
0050:109045,1.023482,-0.154372,-79.033958
0050:159704,0.996712,-0.185798,-79.011833
0050:209479,0.997084,-0.175042,-78.990097
0050:259650,1.034499,-0.153164,-78.987686
0050:310280,1.007390,-0.140465,-78.966019
0050:360207,1.018913,-0.105986,-78.936417
0050:410531,1.029249,-0.162612,-78.875984
0050:460489,1.013461,-0.135847,-78.813400
0050:510813,0.992970,-0.034799,-78.764191
0050:561014,1.002247,-0.064055,-78.711700
0050:611216,1.036476,-0.095548,-78.643181
0050:661632,1.019260,-0.084952,-78.565681
0050:711834,0.986125,-0.074245,-78.534439
0050:761944,0.982141,-0.073615,-78.492279
0050:812207,0.997238,-0.136049,-78.428764
0050:862348,0.985017,-0.156420,-78.398445
0050:912580,0.953478,-0.131363,-78.330765
0050:962904,0.931620,-0.128007,-78.283875
0051:013289,0.936444,-0.192854,-78.231827
0051:063705,0.926964,-0.219763,-78.162399
0051:113541,0.934452,-0.135489,-78.126900
0051:163926,0.921206,-0.157012,-78.047478
0051:213975,0.919579,-0.177653,-77.979118
0051:264299,0.943025,-0.160058,-77.932365
0051:314501,0.966139,-0.128926,-77.872368
0051:364855,0.955389,-0.111617,-77.789787
0051:415027,0.926448,-0.116341,-77.718857
0051:465290,0.950064,-0.099726,-77.669952
0051:515522,0.977421,-0.097152,-77.599960
0051:566212,0.940322,-0.083092,-77.541985
0051:566212,0.940322,-0.083092,-77.541985
0051:666372,0.903422,-0.129395,-77.444260
0051:666372,0.903422,-0.129395,-77.444260
0051:766684,0.888906,-0.167891,-77.328888
0051:766684,0.888906,-0.167891,-77.328888
0051:867515,0.857719,-0.177749,-77.210449
0051:867515,0.857719,-0.177749,-77.210449
0051:967736,0.882091,-0.131893,-77.143417
0051:967736,0.882091,-0.131893,-77.143417
0052:068659,0.861103,-0.104138,-77.083420
0052:068659,0.861103,-0.104138,-77.083420
0052:168941,0.916835,-0.108775,-77.014580
0052:168941,0.916835,-0.108775,-77.014580
0052:269222,0.886723,-0.035515,-76.993294
0052:269222,0.886723,-0.035515,-76.993294
0052:369504,0.849010,-0.081211,-76.973602
0052:369504,0.849010,-0.081211,-76.973602
0052:469969,0.820347,-0.102450,-76.988342
0052:469969,0.820347,-0.102450,-76.988342
0052:570525,0.774050,-0.117019,-77.035126
0052:570525,0.774050,-0.117019,-77.035126
0052:671112,0.778657,-0.107534,-77.061638
0052:723573,0.754463,-0.195492,-77.092720
0052:772401,0.782107,-0.081452,-77.112556
0052:772401,0.782107,-0.081452,-77.112556
0052:872042,0.791641,-0.095761,-77.094063
0052:922702,0.785006,-0.132616,-77.098122
0052:972965,0.784270,-0.082718,-77.082481
0052:972965,0.784270,-0.082718,-77.082481
0053:072850,0.790727,-0.057338,-77.056694
0053:072850,0.790727,-0.057338,-77.056694
0053:173376,0.773448,-0.091490,-77.019241
0053:223852,0.774221,-0.046910,-77.006683
0053:274237,0.752304,-0.122198,-76.962524
0053:324256,0.705311,-0.159307,-76.952126
0053:374458,0.702117,-0.147776,-76.946838
0053:425026,0.731828,-0.130011,-76.930885
0053:474953,0.722326,-0.154182,-76.934708
0053:525918,0.696886,-0.215462,-76.914551
0053:575479,0.664330,-0.170744,-76.890808
0053:625742,0.651697,-0.107558,-76.897377
0053:675883,0.704170,-0.112186,-76.880577
0053:727763,0.698596,-0.136633,-76.858650
0053:776958,0.702144,-0.136884,-76.861839
0053:826611,0.717587,-0.055079,-76.826393
0053:876721,0.721441,-0.103549,-76.808105
0053:926893,0.732600,-0.134586,-76.800110
0053:977247,0.697062,-0.122815,-76.760445
0054:027998,0.666047,-0.041470,-76.741020
0054:077529,0.667057,-0.084554,-76.713402
0054:127853,0.649264,-0.168712,-76.689835
0054:177933,0.610635,-0.215026,-76.695007
0054:227860,0.597438,-0.156137,-76.624313
0054:278245,0.594921,-0.138833,-76.618439
0054:328508,0.600981,-0.116446,-76.587250
0054:378710,0.601419,-0.173675,-76.548508
0054:428820,0.623865,-0.095167,-76.541885
0054:479266,0.651744,-0.089417,-76.497231
0054:530323,0.685395,-0.115939,-76.480545
0054:579853,0.666612,-0.086580,-76.458855
0054:629933,0.667313,-0.121886,-76.420967
0054:680196,0.686043,-0.019472,-76.426155
0054:732229,0.678797,-0.087670,-76.388809
0054:781515,0.634468,-0.105421,-76.376320
0054:831229,0.595466,-0.059233,-76.369484
0054:881492,0.586544,-0.092862,-76.348724
0054:931755,0.596305,-0.055774,-76.360603
0054:982292,0.589117,-0.150742,-76.347282
0055:032861,0.512930,-0.174118,-76.335258
0055:082452,0.539102,-0.109466,-76.332718
0055:133081,0.546607,-0.147680,-76.290741
0055:182947,0.540422,-0.180734,-76.292305
0055:232997,0.540038,-0.154180,-76.261459
0055:283199,0.534415,-0.131056,-76.228889
0055:333614,0.580290,-0.109468,-76.230522
0055:383786,0.595744,-0.131821,-76.169571
0055:433988,0.567444,-0.106313,-76.151695
0055:484098,0.569879,-0.062668,-76.092384
0055:535032,0.570583,-0.075250,-76.052666
0055:584715,0.614752,-0.086145,-76.040138
0055:634917,0.611589,-0.119378,-75.968178
0055:685333,0.565506,-0.030275,-75.951843
0055:736786,0.568384,-0.087794,-75.916573
0055:786378,0.557853,-0.141136,-75.873695
0055:836122,0.581599,-0.138733,-75.848289
0055:886476,0.555840,-0.137374,-75.788544
0055:936709,0.525795,-0.119136,-75.766876
0055:987246,0.538721,-0.137446,-75.714211
0056:037814,0.563855,-0.142151,-75.677681
0056:087559,0.576061,-0.099630,-75.620750
0056:138279,0.581391,-0.076334,-75.560249
0056:187962,0.597269,-0.088321,-75.504303
0056:238103,0.609733,-0.098157,-75.420853
0056:288397,0.654846,-0.065199,-75.398918
0056:338599,0.644438,0.004492,-75.326447
0056:388831,0.603442,-0.075359,-75.293526
0056:439002,0.602273,-0.090681,-75.235039
0056:489296,0.618393,-0.081825,-75.203590
0056:540017,0.629759,-0.030384,-75.169968
0056:590005,0.564262,-0.082471,-75.134491
0056:640024,0.545788,-0.111103,-75.114670
0056:690348,0.571755,-0.126160,-75.096428
0056:741465,0.591191,-0.013831,-75.118309
0056:791728,0.577938,-0.091187,-75.128342
0056:841075,0.571279,-0.110067,-75.163315
0056:891369,0.569387,-0.109759,-75.173416
0056:941693,0.589747,-0.050736,-75.248642
0056:992200,0.583011,-0.076987,-75.272316
0057:042646,0.580218,-0.098805,-75.340858
0057:092421,0.579565,-0.131124,-75.389397
0057:142989,0.582685,-0.019016,-75.461029
0057:192825,0.579180,-0.062778,-75.499809
0057:243026,0.542681,-0.086042,-75.573029
0057:293137,0.575959,-0.106114,-75.626488
0057:343430,0.560642,-0.088811,-75.680611
0057:393541,0.524380,-0.094697,-75.739548
0057:444048,0.486660,-0.170148,-75.779930
0057:494036,0.514490,-0.157064,-75.852921
0057:544879,0.550309,-0.149282,-75.876671
0057:594562,0.517349,-0.080129,-75.956047
0057:644642,0.499243,-0.137455,-75.972931
0057:694905,0.516025,-0.152953,-76.014252
0057:746022,0.582091,-0.102096,-76.071693
0057:795522,0.566351,-0.136837,-76.087624
0057:845785,0.528745,-0.087781,-76.151871
0057:896201,0.542234,-0.136007,-76.164993
0057:946372,0.581780,-0.089293,-76.209648
0057:996910,0.583780,-0.118497,-76.247398
0058:047356,0.544676,-0.146808,-76.298065
0058:097253,0.541184,-0.140984,-76.334663
0058:147943,0.529893,-0.116341,-76.358337
0058:197809,0.559581,-0.152891,-76.404770
0058:248072,0.527932,-0.183817,-76.443893
0058:298426,0.501452,-0.172309,-76.488899
0058:348323,0.511051,-0.124987,-76.494293
0058:398739,0.544556,-0.126697,-76.551674
0058:449093,0.534780,-0.116485,-76.550026
0058:499295,0.467947,-0.094175,-76.576675
0058:549772,0.509849,-0.104800,-76.593407
0058:599882,0.552782,-0.094542,-76.601959
0058:650023,0.535297,-0.081633,-76.636116
0058:700316,0.506319,-0.108359,-76.657051
0058:751037,0.552618,-0.078088,-76.685211
0058:800781,0.571518,-0.025860,-76.739677
0058:851075,0.531411,-0.033732,-76.763878
0058:901338,0.485838,-0.026526,-76.765503
0058:951631,0.505550,-0.047486,-76.794350
0059:002077,0.558580,-0.013566,-76.806038
0059:052432,0.503884,-0.021789,-76.818802
0059:102237,0.457138,-0.048519,-76.827095
0059:153019,0.472690,-0.072433,-76.833984
0059:202854,0.523574,-0.015051,-76.849792
0059:253148,0.508233,-0.042824,-76.832741
0059:303380,0.465772,-0.111219,-76.843590
0059:353613,0.458647,-0.065985,-76.831779
0059:403937,0.497918,0.001452,-76.841042
0059:454016,0.512389,0.014094,-76.821175
0059:504157,0.437614,-0.061846,-76.803398
0059:554817,0.450932,-0.003361,-76.818283
0059:604622,0.484622,0.003101,-76.827576
0059:654916,0.471749,0.062842,-76.824364
0059:705118,0.454405,-0.030270,-76.804031
0059:755808,0.433151,-0.057134,-76.789833
0059:805460,0.453879,-0.068739,-76.740852
0059:855845,0.466043,0.029392,-76.745331
0059:905834,0.425911,-0.112047,-76.686905
0059:956219,0.384328,-0.089548,-76.706894
0060:006451,0.383472,-0.074236,-76.676247
0060:056897,0.443987,-0.035983,-76.670151
0060:106916,0.430724,-0.098441,-76.613884
0060:157515,0.386694,-0.104774,-76.595604
0060:207411,0.387164,-0.069446,-76.566589
0060:257796,0.412009,0.014673,-76.550247
0060:308090,0.429731,-0.092929,-76.515808
0060:358414,0.389016,-0.079983,-76.513748
0060:408677,0.405255,-0.053523,-76.483673
0060:459123,0.422713,-0.025409,-76.479462
0060:508989,0.421005,-0.047744,-76.456139
0060:559160,0.386189,-0.113581,-76.459000
0060:609423,0.407761,-0.080315,-76.457214
0060:659595,0.396160,-0.051625,-76.469086
0060:709705,0.396761,-0.111181,-76.498962
0060:759968,0.370665,-0.237261,-76.494370
0060:810353,0.402285,-0.204445,-76.545525
0060:860464,0.449176,-0.186351,-76.563011
0060:910971,0.424912,-0.174422,-76.600861
0060:961050,0.400316,-0.194331,-76.596649
0061:011496,0.416900,-0.177685,-76.633224
0061:061943,0.449059,-0.157429,-76.635239
0061:111748,0.438018,-0.120469,-76.694267
0061:162255,0.423141,-0.181624,-76.693840
0061:212396,0.409763,-0.149090,-76.741806
0061:262537,0.470946,-0.162523,-76.762543
0061:312861,0.461107,-0.071542,-76.825958
0061:363062,0.442664,-0.202466,-76.866653
0061:413325,0.418249,-0.193287,-76.894974
0061:463649,0.430632,-0.180011,-76.942047
0061:513851,0.457812,-0.191722,-76.974121
0061:564328,0.417153,-0.247178,-77.025436
0061:564328,0.417153,-0.247178,-77.025436
0061:664671,0.390237,-0.280197,-77.116425
0061:664671,0.390237,-0.280197,-77.116425
0061:764830,0.384796,-0.222831,-77.161041
0061:764830,0.384796,-0.222831,-77.161041
0061:865295,0.392521,-0.219486,-77.166466
0061:865295,0.392521,-0.219486,-77.166466
0061:966004,0.405547,-0.211476,-77.146690
0061:966004,0.405547,-0.211476,-77.146690
0062:066561,0.392605,-0.208077,-77.114998
0062:066561,0.392605,-0.208077,-77.114998
0062:167300,0.396377,-0.132955,-77.044792
0062:167300,0.396377,-0.132955,-77.044792
0062:267338,0.391107,-0.144456,-76.441765
0062:267338,0.391107,-0.144456,-76.441765
0062:367894,0.295179,0.050289,-74.301674
0062:367894,0.295179,0.050289,-74.301674
0062:468359,0.282099,0.017000,-71.188004
0062:468359,0.282099,0.017000,-71.188004
0062:568763,0.239233,0.134386,-67.400581
0062:568763,0.239233,0.134386,-67.400581
0062:669411,0.239818,0.137331,-63.079334
0062:721566,0.250183,0.241307,-58.324524
0062:771035,0.213913,0.201658,-55.784855
0062:771035,0.213913,0.201658,-55.784855
0062:870127,0.267162,0.212062,-53.231586
0062:870127,0.267162,0.212062,-53.231586
0062:970653,0.214686,0.280786,-47.995541
0062:970653,0.214686,0.280786,-47.995541
0063:071453,0.175628,0.318708,-42.487541
0063:071453,0.175628,0.318708,-42.487541
0063:171888,0.194870,0.343563,-37.054169
0063:222151,0.196112,0.375098,-31.808540
0063:272597,0.236518,0.377977,-29.197639
0063:322524,0.269620,0.419576,-26.627209
0063:372848,0.246034,0.526563,-24.186495
0063:423416,0.273612,0.492790,-21.772663
0063:472977,0.329126,0.504174,-19.457281
0063:524125,0.364142,0.517606,-17.225979
0063:573625,0.335402,0.550028,-15.076879
0063:623858,0.349930,0.568772,-13.015174
0063:674090,0.427459,0.613373,-11.045766
0063:726093,0.444973,0.585345,-9.166379
0063:775196,0.410861,0.653746,-7.421907
0063:824787,0.414891,0.703090,-5.783097
0063:874898,0.442174,0.622744,-4.203945
0063:925252,0.468954,0.701403,-2.766064
0063:975637,0.486341,0.658485,-1.391734
0063:975637,0.486341,0.658485,-1.391734
0064:075583,0.471307,0.668106,-0.091871
0064:126609,0.551108,0.620504,2.147926
0064:176231,0.552788,0.628579,3.112857
0064:226525,0.535635,0.618730,4.052511
0064:276635,0.591689,0.676881,4.873868
0064:326868,0.638436,0.643334,5.655984
0064:376947,0.593588,0.668065,6.344913
0064:427241,0.579310,0.644250,6.964715
0064:477412,0.589885,0.672590,7.489938
0064:528347,0.660200,0.650277,7.941140
0064:577816,0.640976,0.646724,8.316475
0064:627987,0.622375,0.674236,8.590983
0064:678464,0.582785,0.644122,8.835019
0064:730009,0.586112,0.727050,8.953747
0064:779967,0.599201,0.656900,9.032243
0064:829283,0.574516,0.651169,9.045957
0064:879699,0.580162,0.673850,8.995869
0064:929687,0.571473,0.613572,8.908946
0064:980194,0.589711,0.643791,8.735705
0065:031495,0.573529,0.605494,8.548800
0065:080476,0.562531,0.610375,8.310365
0065:131441,0.598278,0.596923,8.045630
0065:181216,0.609590,0.528724,7.749671
0065:231326,0.555563,0.578559,7.405351
0065:281619,0.516822,0.601794,7.041563
0065:331943,0.498992,0.583040,6.678491
0065:382267,0.494179,0.525654,6.289504
0065:432500,0.511459,0.493059,5.894523
0065:482824,0.503730,0.423800,5.448267
0065:533728,0.492742,0.523591,5.003279
0065:583319,0.483446,0.478880,4.574762
0065:633582,0.465163,0.444422,4.124527
0065:683754,0.457930,0.463932,3.666378
0065:735512,0.459296,0.550067,3.214563
0065:784554,0.460616,0.494657,2.773861
0065:834542,0.440988,0.416502,2.329395
0065:884805,0.454765,0.394570,1.877833
0065:935160,0.439212,0.495945,1.434562
0065:985575,0.472908,0.409112,1.005738
0066:036174,0.457254,0.386786,0.538770
0066:085674,0.439734,0.464761,0.116980
0066:136486,0.444214,0.468780,-0.334343
0066:186017,0.473587,0.505954,-0.765086
0066:236341,0.470646,0.459260,-1.175846
0066:286421,0.415937,0.444883,-1.578291
0066:336623,0.421733,0.535179,-2.029794
0066:386977,0.448239,0.505980,-2.455859
0066:437301,0.458428,0.496404,-2.863670
0066:487442,0.408246,0.488353,-3.231526
0066:538285,0.393681,0.528765,-3.608425
0066:587937,0.432672,0.472001,-3.991113
0066:638322,0.439720,0.473580,-4.352949
0066:688402,0.403859,0.435440,-4.699966
0066:739337,0.408168,0.477790,-5.030009
0066:789264,0.447201,0.465742,-5.365780
0066:838977,0.462492,0.455517,-5.639724
0066:889271,0.393493,0.487058,-5.895034
0066:939473,0.319139,0.484409,-6.160485
0066:990102,0.375232,0.542789,-6.390793
0067:040426,0.418718,0.530460,-6.601909
0067:090536,0.389694,0.543610,-6.793047
0067:140921,0.329323,0.521003,-6.945841
0067:190879,0.368706,0.514249,-7.097129
0067:241081,0.410723,0.498064,-7.226149
0067:291252,0.369406,0.507656,-7.367072
0067:341668,0.330734,0.483758,-7.501168
0067:391870,0.328711,0.606157,-7.629267
0067:442011,0.413219,0.590070,-7.769499
0067:492335,0.390057,0.585206,-7.843239
0067:543483,0.371739,0.569073,-7.924237
0067:592800,0.402479,0.491947,-7.974788
0067:643093,0.425040,0.512354,-8.017442
0067:693326,0.394707,0.526855,-8.049351
0067:744351,0.337260,0.482827,-8.075302
0067:793912,0.360036,0.527272,-8.085156
0067:844114,0.399819,0.535326,-8.072047
0067:894316,0.377833,0.553465,-8.037883
0067:944579,0.344263,0.549268,-7.986613
0067:994934,0.347518,0.549626,-7.878098
0068:045777,0.359680,0.516525,-7.775489
0068:095368,0.365832,0.557258,-7.657749
0068:146363,0.343072,0.542987,-7.566054
0068:195894,0.335616,0.525852,-7.444842
0068:245974,0.325390,0.535096,-7.329506
0068:296145,0.366561,0.582340,-7.210485
0068:346469,0.350131,0.579067,-7.067475
0068:396458,0.349661,0.518581,-6.902439
0068:446812,0.373704,0.460113,-6.725649
0068:496892,0.374576,0.501217,-6.526082
0068:547429,0.361984,0.464179,-6.340749
0068:597540,0.346307,0.498770,-6.148988
0068:647833,0.361081,0.513255,-5.959661
0068:697883,0.391812,0.518406,-5.732923
0068:748542,0.408039,0.549258,-5.510166
0068:798286,0.374438,0.446891,-5.272965
0068:848458,0.354346,0.366229,-5.051972
0068:898782,0.359012,0.485319,-4.863424
0068:948953,0.379477,0.441051,-4.663567
0068:999338,0.373172,0.397595,-4.450556
0069:049510,0.366604,0.382787,-4.222456
0069:099773,0.380981,0.392753,-4.050992
0069:150127,0.404607,0.407794,-3.875619
0069:199963,0.416381,0.408618,-3.715757
0069:250104,0.388131,0.379242,-3.534114
0069:300153,0.355618,0.378882,-3.367282
0069:350294,0.399714,0.451644,-3.231257
0069:400679,0.393145,0.367771,-3.096221
0069:451064,0.390360,0.359841,-2.941379
0069:501235,0.363070,0.387228,-2.792650
0069:551742,0.355249,0.455057,-2.661237
0069:601822,0.379626,0.395371,-2.543150
0069:652116,0.353825,0.351327,-2.410456
0069:702257,0.334271,0.359310,-2.286189
0069:752916,0.356574,0.450441,-2.197572
0069:802844,0.377827,0.405115,-2.109260
0069:853137,0.390157,0.369011,-2.000359
0069:903308,0.357169,0.359874,-1.915668
0069:953602,0.368036,0.423639,-1.849598
0070:003956,0.400524,0.438152,-1.797861
0070:054555,0.399613,0.365595,-1.674522
0070:104391,0.364120,0.383618,-1.609623
0070:155081,0.374139,0.477197,-1.560666
0070:204825,0.371738,0.432951,-1.466889
0070:254966,0.354411,0.386426,-1.390655
0070:305168,0.342357,0.437258,-1.365074
0070:355339,0.363166,0.464008,-1.304967
0070:405480,0.340949,0.446394,-1.243367
0070:455896,0.334024,0.427687,-1.223187
0070:506037,0.353193,0.443940,-1.208471
0070:556269,0.383117,0.466856,-1.161978
0070:606440,0.375174,0.456903,-1.145171
0070:656703,0.337597,0.423993,-1.123491
0070:707058,0.352026,0.402740,-1.095198
0070:757290,0.359006,0.425754,-1.062440
0070:807431,0.371338,0.447780,-1.102850
0070:857694,0.378825,0.392937,-1.092109
0070:907988,0.341721,0.385890,-1.093180
0070:958220,0.351030,0.411728,-1.099309
0071:008727,0.377016,0.428569,-1.108991
0071:059051,0.360501,0.382702,-1.095175
0071:108917,0.352448,0.348495,-1.108201
0071:159394,0.371112,0.397976,-1.135928
0071:209321,0.374334,0.404262,-1.151154
0071:259493,0.354954,0.376451,-1.168056
0071:309817,0.324371,0.411010,-1.229692
0071:360018,0.332880,0.445383,-1.274630
0071:410465,0.340486,0.443850,-1.303987
0071:460666,0.337193,0.389003,-1.367412
0071:510807,0.327403,0.399141,-1.425261
0071:561070,0.317037,0.386675,-1.444609
0071:611181,0.298735,0.378065,-1.507679
0071:661688,0.320911,0.359084,-1.558172
0071:711829,0.315757,0.341803,-1.591950
0071:762153,0.291298,0.304529,-1.632907
0071:812446,0.283434,0.397244,-1.717421
0071:862923,0.310096,0.366047,-1.752415
0071:862923,0.310096,0.366047,-1.752415
0071:963082,0.272500,0.404119,-1.857319
0071:963082,0.272500,0.404119,-1.857319
0072:063730,0.283154,0.434673,-1.934316
0072:063730,0.283154,0.434673,-1.934316
0072:164226,0.272346,0.440743,-2.066057
0072:164226,0.272346,0.440743,-2.066057
0072:264294,0.310487,0.431927,-2.146716
0072:264294,0.310487,0.431927,-2.146716
0072:364850,0.277807,0.384798,-2.258385
0072:364850,0.277807,0.384798,-2.258385
0072:465346,0.292768,0.368128,-2.355901
0072:465346,0.292768,0.368128,-2.355901
0072:565780,0.285536,0.357250,-2.441577
0072:565780,0.285536,0.357250,-2.441577
0072:666397,0.297594,0.376754,-2.573901
0072:666397,0.297594,0.376754,-2.573901
0072:766893,0.286807,0.394561,-2.625372
0072:766893,0.286807,0.394561,-2.625372
0072:867175,0.296524,0.347611,-2.664381
0072:867175,0.296524,0.347611,-2.664381
0072:967823,0.270820,0.432070,-2.710123
0072:967823,0.270820,0.432070,-2.710123
0073:068196,0.255890,0.339888,-2.707041
0073:068196,0.255890,0.339888,-2.707041
0073:168691,0.271006,0.361897,-2.676150
0073:168691,0.271006,0.361897,-2.676150
0073:268851,0.260210,0.331174,-2.676886
0073:268851,0.260210,0.331174,-2.676886
0073:369011,0.289814,0.326928,-2.618264
0073:369011,0.289814,0.326928,-2.618264
0073:469659,0.282458,0.277787,-2.539624
0073:521203,0.323026,0.330959,-2.497867
0073:570612,0.305523,0.351694,-2.428789
0073:620783,0.285015,0.242253,-2.406967
0073:671016,0.310050,0.272739,-2.379298
0073:722774,0.311968,0.323647,-2.312414
0073:772121,0.287779,0.343615,-2.283020
0073:821438,0.274655,0.276829,-2.245670
0073:871579,0.320570,0.236763,-2.208081
0073:921842,0.309160,0.295663,-2.200264
0073:972258,0.302843,0.340589,-2.176966
0073:972258,0.302843,0.340589,-2.176966
0074:072112,0.300294,0.258520,-2.144729
0074:123413,0.312097,0.278825,-2.121948
0074:172974,0.298018,0.301081,-2.133236
0074:223237,0.307764,0.290045,-2.134113
0074:273439,0.310396,0.263716,-2.100286
0074:323549,0.285075,0.292857,-2.123658
0074:373781,0.295667,0.345427,-2.130650
0074:424136,0.284097,0.279884,-2.104647
0074:474460,0.283936,0.267743,-2.129163
0074:525425,0.292580,0.299321,-2.119489
0074:574986,0.303556,0.294077,-2.095983
0074:625279,0.324049,0.335476,-2.135004
0074:675603,0.342707,0.269165,-2.088272
0074:727484,0.268562,0.152621,-2.447129
0074:776862,0.279986,-0.005312,-3.484114
0074:826545,0.421606,-0.077355,-4.853495
0074:876838,0.504002,0.043285,-6.540639
0074:927010,0.401657,-0.109413,-8.399975
0074:977547,0.410748,-0.088257,-10.530227
0075:028268,0.594859,-0.114748,-12.868314
0075:077798,0.597521,-0.100821,-15.236573
0075:128458,0.463045,-0.056092,-17.954739
0075:178752,0.442444,-0.186665,-20.559462
0075:228374,0.536284,-0.149089,-23.390852
0075:278759,0.598121,-0.077471,-26.362303
0075:328838,0.480261,-0.108301,-29.384962
0075:379040,0.429926,-0.140991,-32.477383
0075:429151,0.510243,-0.113556,-35.592682
0075:479597,0.587984,-0.027965,-38.783451
0075:530348,0.505110,-0.017217,-41.954754
0075:579787,0.450350,-0.072586,-45.093830
0075:629897,0.560554,-0.097253,-48.185543
0075:680160,0.665518,-0.100721,-51.273552
0075:731613,0.611805,-0.087997,-54.280159
0075:781327,0.553449,-0.183536,-57.233688
0075:831010,0.668353,-0.157199,-60.133339
0075:881304,0.746453,-0.162099,-62.955795
0075:931506,0.705366,-0.193116,-65.671967
0075:982074,0.662064,-0.271352,-68.274277
0076:032642,0.770149,-0.223354,-70.879234
0076:082142,0.914826,-0.262193,-73.185043
0076:132863,0.890024,-0.246798,-75.572655
0076:182576,0.794178,-0.299645,-77.635216
0076:232900,0.860934,-0.298364,-79.654297
0076:283041,1.009109,-0.312201,-81.540314
0076:333762,1.054376,-0.296208,-83.314468
0076:383567,0.962385,-0.339849,-84.948944
0076:434013,0.959397,-0.361332,-86.477997
0076:484215,1.096758,-0.324457,-87.905685
0076:534844,1.155028,-0.298345,-89.159645
0076:584710,1.071114,-0.388249,-90.315636
0076:635004,0.987791,-0.360448,-91.373978
0076:685328,1.072220,-0.380180,-92.322281
0076:736506,1.154713,-0.416010,-93.187576
0076:786311,1.072623,-0.493036,-93.962120
0076:836178,0.966685,-0.422390,-94.665154
0076:886502,1.002290,-0.519556,-95.302078
0076:936795,1.134016,-0.459552,-95.854309
0076:987241,1.133162,-0.466468,-96.333961
0077:037992,0.989804,-0.498983,-96.765480
0077:087615,0.975992,-0.502957,-97.125359
0077:138488,1.094141,-0.429447,-97.443077
0077:188049,1.137457,-0.426763,-97.668495
0077:238220,1.054664,-0.427808,-97.818542
0077:288453,0.987801,-0.456310,-97.918777
0077:338624,1.056877,-0.507618,-97.973785
0077:389162,1.110139,-0.444189,-97.962944
0077:439119,1.047411,-0.509129,-97.913078
0077:489688,0.961157,-0.470421,-97.823380
0077:540347,0.973168,-0.540737,-97.693314
0077:590061,1.069188,-0.493056,-97.496544
0077:640171,1.051479,-0.489778,-97.253441
0077:690648,0.928937,-0.517709,-96.984016
0077:741521,0.914000,-0.593362,-96.703217
0077:791265,0.986393,-0.469120,-96.399971
0077:841467,1.018480,-0.467316,-96.077721
0077:891669,0.932917,-0.477123,-95.716324
0077:941963,0.870568,-0.510181,-95.349854
0077:992470,0.944342,-0.493805,-94.991806
0078:042916,0.959776,-0.406235,-94.606277
0078:092904,0.897918,-0.412730,-94.217392
0078:143655,0.837032,-0.477807,-93.834892
0078:193369,0.891715,-0.454558,-93.478584
0078:243632,0.926130,-0.424308,-93.092354
0078:293986,0.830741,-0.438527,-92.720299
0078:344249,0.779354,-0.500254,-92.350563
0078:394177,0.799838,-0.500586,-91.970261
0078:444562,0.836436,-0.425605,-91.626175
0078:494764,0.792290,-0.411053,-91.243019
0078:545332,0.703751,-0.505701,-90.889526
0078:595228,0.745883,-0.471476,-90.552658
0078:645430,0.800492,-0.416704,-90.191643
0078:695693,0.764951,-0.389742,-89.866905
0078:746597,0.683784,-0.435151,-89.512360
0078:796128,0.706365,-0.423619,-89.226219
0078:846452,0.760527,-0.349523,-88.893105
0078:896776,0.722745,-0.331697,-88.615372
0078:947039,0.669240,-0.383108,-88.309021
0078:997393,0.662902,-0.411985,-88.053139
0079:047778,0.717273,-0.349626,-87.762344
0079:097583,0.690581,-0.324392,-87.541351
0079:148273,0.620903,-0.385624,-87.291313
0079:198109,0.587922,-0.387023,-87.086205
0079:248433,0.638298,-0.416326,-86.846542
0079:298696,0.619241,-0.362683,-86.642372
0079:348898,0.579356,-0.398737,-86.440422
0079:399161,0.553906,-0.379632,-86.262573
0079:449332,0.597739,-0.339196,-86.070869
0079:499626,0.586827,-0.256415,-85.911743
0079:549828,0.573866,-0.329575,-85.734657
0079:599908,0.551808,-0.315515,-85.618279
0079:650140,0.592481,-0.317885,-85.480301
0079:700800,0.621235,-0.225439,-85.397232
0079:751032,0.549495,-0.316698,-85.286064
0079:801020,0.514766,-0.309715,-85.227013
0079:851161,0.547790,-0.328023,-85.147522
0079:901333,0.562696,-0.251345,-85.095657
0079:951413,0.512050,-0.300374,-85.065773
0080:002011,0.474491,-0.315925,-85.042404
0080:052549,0.498549,-0.321919,-85.024887
0080:102293,0.553908,-0.290360,-85.028870
0080:153075,0.507215,-0.360629,-85.045135
0080:202880,0.483738,-0.379640,-85.071320
0080:253173,0.488829,-0.309536,-85.110611
0080:303375,0.558325,-0.311324,-85.159492
0080:353669,0.535418,-0.307408,-85.247337
0080:404115,0.499282,-0.362896,-85.305840
0080:453920,0.517978,-0.329367,-85.421288
0080:504122,0.555433,-0.310250,-85.505905
0080:554385,0.562347,-0.317708,-85.612892
0080:604587,0.524430,-0.343167,-85.703941
0080:654758,0.522991,-0.302488,-85.836975
0080:704991,0.555001,-0.277128,-85.959702
0080:755650,0.535254,-0.310257,-86.100990
0080:805486,0.494078,-0.334683,-86.211494
0080:855993,0.495809,-0.314867,-86.368530
0080:905798,0.549930,-0.287600,-86.486610
0080:956061,0.561161,-0.312415,-86.631027
0081:006446,0.520584,-0.342256,-86.747047
0081:057014,0.502087,-0.275479,-86.902237
0081:106942,0.564668,-0.300565,-87.012184
0081:158822,0.585155,-0.302564,-87.139252
0081:208505,0.547194,-0.319276,-87.245407
0081:258616,0.514975,-0.344683,-87.361794
0081:308970,0.544338,-0.282673,-87.480682
0081:359263,0.581265,-0.364228,-87.581383
0081:409526,0.552961,-0.344278,-87.701607
0081:459728,0.501565,-0.377620,-87.790924
0081:510052,0.531871,-0.331355,-87.891769
0081:560285,0.559816,-0.392294,-87.968643
0081:610426,0.532639,-0.359364,-88.052994
0081:660597,0.492622,-0.406311,-88.093620
0081:710707,0.510071,-0.347646,-88.166893
0081:761764,0.567561,-0.362124,-88.196037
0081:761764,0.567561,-0.362124,-88.196037
0081:862046,0.521524,-0.346573,-88.240105
0081:862046,0.521524,-0.346573,-88.240105
0081:962541,0.642430,-0.312101,-88.366623
0081:962541,0.642430,-0.312101,-88.366623
0082:063097,0.646532,-0.342110,-88.487396
0082:063097,0.646532,-0.342110,-88.487396
0082:163623,0.692348,-0.290219,-88.677101
0082:163623,0.692348,-0.290219,-88.677101
0082:263966,0.733322,-0.279182,-88.887444
0082:263966,0.733322,-0.279182,-88.887444
0082:364553,0.699160,-0.253852,-89.113251
0082:364553,0.699160,-0.253852,-89.113251
0082:465079,0.799149,-0.250394,-89.355988
0082:465079,0.799149,-0.250394,-89.355988
0082:565666,0.700202,-0.210337,-89.616455
0082:565666,0.700202,-0.210337,-89.616455
0082:666466,0.850776,-0.173280,-89.890862
0082:718347,0.746800,-0.155965,-90.190376
0082:767481,0.781625,-0.129068,-90.347923
0082:767481,0.781625,-0.129068,-90.347923
0082:867030,0.869341,-0.129131,-90.500969
0082:867030,0.869341,-0.129131,-90.500969
0082:967342,0.807851,-0.139716,-90.823456
0082:967342,0.807851,-0.139716,-90.823456
0083:067960,0.859075,-0.126261,-91.172447
0083:067960,0.859075,-0.126261,-91.172447
0083:168333,0.840516,-0.144305,-91.528328
0083:218626,0.827865,-0.107588,-91.902687
0083:269103,0.898037,-0.110813,-92.093704
0083:319122,0.888007,-0.114128,-92.289513
0083:369507,0.830717,-0.097498,-92.482933
0083:420106,0.824955,-0.072218,-92.677048
0083:470002,0.889931,-0.072644,-92.884201
0083:520876,0.923052,-0.089812,-93.092018
0083:570315,0.878430,-0.077470,-93.306572
0083:620394,0.836441,-0.057156,-93.518990
0083:670688,0.873590,-0.053597,-93.736610
0083:722843,0.926014,-0.078442,-93.963539
0083:771916,0.904037,-0.088364,-94.179634
0083:821416,0.850855,-0.069242,-94.406082
0083:871526,0.851740,-0.076456,-94.636978
0083:922003,0.905292,-0.092627,-94.862091
0083:972174,0.924230,-0.087584,-95.098488
0083:972174,0.924230,-0.087584,-95.098488
0084:072151,0.864197,-0.077076,-95.340454
0084:123421,0.882405,-0.071876,-95.816780
0084:172860,0.927495,-0.071913,-96.046463
0084:223001,0.903767,-0.061251,-96.287498
0084:273111,0.853825,-0.035097,-96.526428
0084:323526,0.875699,-0.045174,-96.776924
0084:373698,0.935130,-0.051089,-97.022263
0084:424022,0.941314,-0.050348,-97.275078
0084:474437,0.892228,-0.027990,-97.527367
0084:525341,0.873782,-0.045323,-97.779236
0084:574902,0.925732,-0.054896,-98.035141
0084:625196,0.956318,-0.059627,-98.286194
0084:675489,0.920059,-0.047858,-98.545532
0084:727217,0.882739,-0.047130,-98.799362
0084:776595,0.897460,-0.056847,-99.054276
0084:826309,0.947728,-0.070250,-99.319420
0084:876571,0.945626,-0.058113,-99.580177
0084:926773,0.886164,-0.041399,-99.833008
0084:977403,0.882977,-0.051695,-100.094185
0085:028184,0.939435,-0.048479,-100.372894
0085:077562,0.954482,-0.033409,-100.623985
0085:128252,0.914618,-0.025422,-100.894279
0085:178637,0.892599,-0.027647,-101.149979
0085:228229,0.927415,-0.029907,-101.421227
0085:278584,0.969323,-0.028014,-101.696808
0085:328724,0.952390,-0.026143,-101.976952
0085:378926,0.915048,-0.027751,-102.268204
0085:429098,0.923974,-0.033817,-102.562653
0085:479300,0.962519,-0.039911,-102.855728
0085:529990,0.964782,-0.046768,-103.151886
0085:579795,0.929412,-0.042180,-103.455391
0085:629814,0.916689,-0.042646,-103.765617
0085:680077,0.948207,-0.047597,-104.082779
0085:731683,0.967965,-0.046709,-104.402023
0085:781152,0.940409,-0.037336,-104.721313
0085:831018,0.913701,-0.035485,-105.043320
0085:881373,0.937684,-0.030853,-105.369736
0085:931666,0.976578,-0.024050,-105.701599
0085:982234,0.972965,-0.020391,-106.037773
0086:032528,0.938182,-0.016699,-106.390846
0086:082211,0.940543,-0.019212,-106.719711
0086:132993,0.981494,-0.020756,-107.082542
0086:182676,0.994371,-0.025539,-107.418076
0086:232939,0.963529,-0.032934,-107.764938
0086:283293,0.940841,-0.038892,-108.110138
0086:333861,0.967533,-0.041144,-108.458519
0086:383758,0.994802,-0.043889,-108.801231
0086:434052,0.975202,-0.049876,-109.140068
0086:484376,0.935802,-0.052753,-109.482437
0086:534944,0.942786,-0.049387,-109.831177
0086:584810,0.979047,-0.042406,-110.179489
0086:635195,0.982855,-0.042615,-110.520721
0086:685611,0.948305,-0.040232,-110.861145
0086:736545,0.936397,-0.033121,-111.201500
0086:786564,0.968969,-0.026316,-111.538185
0086:836521,0.995029,-0.026746,-111.874992
0086:886540,0.972429,-0.029264,-112.208763
0086:936895,0.946896,-0.029714,-112.540672
0086:987280,0.965456,-0.028849,-112.872498
0087:037726,1.003751,-0.033911,-113.216965
0087:087592,0.998588,-0.042497,-113.534142
0087:138404,0.961587,-0.046403,-113.875847
0087:187996,0.956593,-0.045672,-114.190742
0087:238198,0.989864,-0.046400,-114.518616
0087:288308,1.005419,-0.050204,-114.845940
0087:338480,0.973150,-0.050192,-115.169441
0087:388773,0.947795,-0.044133,-115.492577
0087:438975,0.969402,-0.038353,-115.815414
