0000:000000,0.000000,0.000000,0.000000
0000:074036,0.801813,0.126194,90.327637
0000:124726,0.810000,0.127126,90.310287
0000:174531,0.813715,0.126897,90.294662
0000:224855,0.813111,0.126058,90.277641
0000:274965,0.813606,0.124297,90.262344
0000:325258,0.818398,0.125387,90.246475
0000:375430,0.823200,0.124984,90.230957
0000:425692,0.821833,0.124775,90.217125
0000:475833,0.816567,0.123153,90.202232
0000:526340,0.813177,0.124531,90.188110
0000:576267,0.813009,0.125330,90.173759
0000:626469,0.812089,0.126516,90.159538
0000:676762,0.805988,0.126925,90.146957
0000:726933,0.802424,0.128148,90.134232
0000:777196,0.804276,0.128955,90.121346
0000:777196,0.804276,0.128955,90.121346
0000:877417,0.808093,0.127877,90.095085
0000:877417,0.808093,0.127877,90.095085
0000:977912,0.812982,0.128373,90.070122
0000:977912,0.812982,0.128373,90.070122
0001:078224,0.821803,0.126451,90.048065
0001:128822,0.820927,0.123915,90.037178
0001:128822,0.820927,0.123915,90.037178
0001:229256,0.824843,0.124783,90.015091
0001:229256,0.824843,0.124783,90.015091
0001:329812,0.818236,0.124962,89.997749
0001:329812,0.818236,0.124962,89.997749
0001:430185,0.813034,0.129681,89.977974
0001:430185,0.813034,0.129681,89.977974
0001:530558,0.811760,0.130776,89.960892
0001:530558,0.811760,0.130776,89.960892
0001:630992,0.808497,0.136267,89.945404
0001:630992,0.808497,0.136267,89.945404
0001:731488,0.814211,0.133816,89.930305
0001:784070,0.817459,0.132378,89.914597
0001:832929,0.822716,0.130828,89.909721
0001:832929,0.822716,0.130828,89.909721
0001:932478,0.826412,0.128017,89.903893
0001:932478,0.826412,0.128017,89.903893
0002:032759,0.821022,0.126413,89.891602
0002:032759,0.821022,0.126413,89.891602
0002:133285,0.821223,0.127601,89.882248
0002:133285,0.821223,0.127601,89.882248
0002:233749,0.809147,0.132085,89.874161
0002:284226,0.807625,0.133578,89.866737
0002:334550,0.808248,0.133650,89.865204
0002:384660,0.805309,0.135086,89.863739
0002:434801,0.804103,0.135174,89.863144
0002:485491,0.809611,0.133633,89.861923
0002:535265,0.816057,0.131691,89.859566
0002:586199,0.817073,0.130864,89.858269
0002:635669,0.815513,0.130733,89.857811
0002:685779,0.817046,0.128364,89.856964
0002:736042,0.822334,0.126605,89.856712
0002:787800,0.822959,0.126137,89.856758
0002:837483,0.817493,0.127836,89.859207
0002:886708,0.814662,0.129597,89.861687
0002:937062,0.817199,0.130412,89.862381
0002:987386,0.816226,0.128979,89.864059
0003:037740,0.808451,0.130765,89.866035
0003:037740,0.808451,0.130765,89.866035
0003:137747,0.806052,0.132622,89.868599
0003:188926,0.810348,0.134258,89.876518
0003:239158,0.809779,0.134189,89.880234
0003:288688,0.808141,0.135648,89.884232
0003:338951,0.810595,0.136879,89.889549
0003:389122,0.817188,0.136463,89.895218
0003:439324,0.819516,0.136593,89.900162
0003:489495,0.818663,0.137832,89.904030
0003:539941,0.818633,0.137537,89.909317
0003:590692,0.821632,0.135691,89.914810
0003:640192,0.823721,0.137076,89.921387
0003:690272,0.819266,0.138313,89.927582
0003:740504,0.814545,0.140864,89.934921
0003:792201,0.814743,0.140600,89.942307
0003:841518,0.814442,0.141516,89.950768
0003:891170,0.811905,0.144014,89.960709
0003:941372,0.805692,0.146068,89.970299
0003:991757,0.803203,0.145458,89.978493
0004:042295,0.805649,0.143874,89.988449
0004:092985,0.810461,0.143087,89.999397
0004:142515,0.810349,0.144191,90.009308
0004:193113,0.810141,0.142566,90.021011
0004:242766,0.814156,0.140651,90.030701
0004:292846,0.820449,0.138829,90.042809
0004:343047,0.819780,0.139049,90.054207
0004:393585,0.816938,0.136331,90.067993
0004:443817,0.816277,0.134719,90.080460
0004:494110,0.818864,0.132821,90.093513
0004:544465,0.816919,0.133080,90.106483
0004:595399,0.810435,0.133360,90.119568
0004:644777,0.804361,0.133356,90.134178
0004:695131,0.803793,0.133766,90.149788
0004:745577,0.802513,0.135496,90.164062
0004:796938,0.799719,0.137728,90.178749
0004:846255,0.798100,0.137798,90.195671
0004:895999,0.800681,0.136181,90.213074
0004:946323,0.807037,0.135697,90.229889
0004:996311,0.808946,0.134012,90.247780
0005:046849,0.808870,0.131758,90.264816
0005:097722,0.812141,0.129265,90.284996
0005:147191,0.817564,0.128885,90.301811
0005:197881,0.818981,0.130228,90.321587
0005:248236,0.815423,0.129150,90.339584
0005:297949,0.811393,0.128901,90.358383
0005:348151,0.811280,0.129979,90.377373
0005:398475,0.810519,0.132326,90.397392
0005:448737,0.806561,0.133411,90.416977
0005:498878,0.801032,0.134321,90.437157
0005:549080,0.800320,0.135450,90.459496
0005:599831,0.801798,0.137734,90.481071
0005:649972,0.801725,0.138475,90.503059
0005:699929,0.798174,0.136209,90.525871
0005:750162,0.798688,0.135659,90.549629
0005:801401,0.805379,0.135375,90.572624
0005:851084,0.810198,0.134078,90.596458
0005:900920,0.810277,0.133236,90.620239
0005:951121,0.812219,0.130581,90.645210
0006:001415,0.815880,0.130330,90.671272
0006:051922,0.818308,0.131780,90.697998
0006:102215,0.817840,0.131960,90.724007
0006:152111,0.813316,0.132373,90.750160
0006:203076,0.811929,0.133571,90.778053
0006:252637,0.813141,0.134677,90.804413
0006:302991,0.811691,0.134688,90.832489
0006:353132,0.805985,0.133697,90.860970
0006:403364,0.803324,0.135275,90.889839
0006:453719,0.804794,0.133900,90.919373
0006:504134,0.805492,0.133008,90.949356
0006:554183,0.805682,0.129564,90.978020
0006:604934,0.804960,0.130374,91.009476
0006:654770,0.808791,0.129860,91.040359
0006:705124,0.814834,0.128449,91.071930
0006:755112,0.817053,0.127762,91.102196
0006:806565,0.815865,0.126145,91.133461
0006:855760,0.815843,0.129076,91.165321
0006:905870,0.817688,0.130630,91.196968
0006:956194,0.815621,0.130047,91.228340
0007:006396,0.811728,0.130745,91.262184
0007:056750,0.806321,0.131860,91.295380
0007:107105,0.806234,0.134087,91.331146
0007:157123,0.807458,0.134024,91.364029
0007:207752,0.801689,0.131970,91.399582
0007:257618,0.796555,0.131780,91.432381
0007:308095,0.795765,0.133231,91.468819
0007:358480,0.800703,0.132665,91.504494
0007:408407,0.801292,0.129487,91.541115
0007:458670,0.800082,0.129039,91.579071
0007:508871,0.803566,0.128728,91.616524
0007:559073,0.809049,0.127975,91.654984
0007:609641,0.814490,0.126737,91.694679
0007:659446,0.813289,0.126927,91.733025
0007:709617,0.810619,0.128794,91.773781
0007:759789,0.811973,0.131391,91.813957
0007:810479,0.813339,0.131347,91.854004
0007:860467,0.808535,0.131846,91.895157
0007:910486,0.802605,0.133770,91.937042
0007:960779,0.798167,0.136005,91.979164
0008:010859,0.796850,0.135306,92.020699
0008:061304,0.797301,0.132946,92.064384
0008:111964,0.794773,0.133614,92.109856
0008:161647,0.794172,0.134447,92.151108
0008:212490,0.799367,0.132515,92.197113
0008:262264,0.803977,0.131747,92.240288
0008:312527,0.805971,0.132702,92.285789
0008:362759,0.806030,0.133661,92.330795
0008:413022,0.811112,0.134193,92.375839
0008:463193,0.818284,0.132189,92.422005
0008:513670,0.817622,0.131581,92.468964
0008:563780,0.814413,0.134197,92.516106
0008:614165,0.811466,0.134521,92.563362
0008:664306,0.811013,0.135557,92.611015
0008:714660,0.809690,0.136931,92.659378
0008:764892,0.804099,0.138616,92.707191
0008:815185,0.798089,0.139060,92.754341
0008:865296,0.798590,0.138402,92.803391
0008:915620,0.799964,0.137594,92.852409
0008:965882,0.796927,0.138267,92.901390
0009:016115,0.795994,0.138369,92.952179
0009:066469,0.798237,0.136688,93.002144
0009:116793,0.804354,0.133439,93.055199
0009:166598,0.808295,0.134147,93.105644
0009:217288,0.807802,0.133526,93.160828
0009:267093,0.809125,0.134607,93.211929
0009:317264,0.814776,0.134890,93.265480
0009:367435,0.814956,0.135388,93.319206
0009:417637,0.812191,0.137426,93.373466
0009:468602,0.807627,0.139632,93.428017
0009:518132,0.805512,0.137956,93.481873
0009:568487,0.803272,0.139388,93.536987
0009:618627,0.799541,0.141954,93.591324
0009:668890,0.792845,0.143300,93.646057
0009:719245,0.790675,0.143690,93.702736
0009:769751,0.792532,0.143175,93.760361
0009:819770,0.794379,0.143869,93.819008
0009:869972,0.793808,0.142814,93.877220
0009:920021,0.791493,0.142056,93.935669
0009:970436,0.796389,0.142155,93.993530
0010:020669,0.802232,0.142356,94.051880
0010:071115,0.802453,0.143507,94.111931
0010:122476,0.800926,0.143088,94.174400
0010:171366,0.801992,0.142422,94.230476
0010:221964,0.804610,0.142309,94.293976
0010:271861,0.802167,0.144389,94.353035
0010:322185,0.796040,0.145033,94.414932
0010:372356,0.791255,0.145121,94.476562
0010:422741,0.791453,0.146254,94.539139
0010:472942,0.790506,0.146765,94.602066
0010:523205,0.785108,0.146418,94.664940
0010:573438,0.782655,0.146595,94.728432
0010:623914,0.785265,0.143399,94.792580
0010:674085,0.788127,0.142611,94.857834
0010:724287,0.790255,0.143442,94.922798
0010:774641,0.790570,0.139880,94.990059
0010:824904,0.792043,0.137273,95.055359
0010:875045,0.797313,0.137150,95.120590
0010:925277,0.799296,0.137462,95.188576
0010:975357,0.798584,0.137914,95.255852
0011:025620,0.796419,0.137128,95.323547
0011:025620,0.796419,0.137128,95.323547
0011:126389,0.797160,0.140319,95.462997
0011:126389,0.797160,0.140319,95.462997
0011:226579,0.788479,0.142375,95.599167
0011:226579,0.788479,0.142375,95.599167
0011:326891,0.785959,0.143610,95.733498
0011:326891,0.785959,0.143610,95.733498
0011:427234,0.782446,0.142851,95.873642
0011:427234,0.782446,0.142851,95.873642
0011:527759,0.787522,0.141351,96.013809
0011:527759,0.787522,0.141351,96.013809
0011:628407,0.790214,0.140563,96.157646
0011:628407,0.790214,0.140563,96.157646
0011:728841,0.795553,0.142117,96.301682
0011:728841,0.795553,0.142117,96.301682
0011:829214,0.799819,0.144965,96.446213
0011:829214,0.799819,0.144965,96.446213
0011:929557,0.794063,0.148483,96.593193
0011:929557,0.794063,0.148483,96.593193
0012:029808,0.793125,0.151474,96.740891
0012:029808,0.793125,0.151474,96.740891
0012:130761,0.784715,0.153444,96.892403
0012:130761,0.784715,0.153444,96.892403
0012:230981,0.788200,0.152037,97.042664
0012:230981,0.788200,0.152037,97.042664
0012:331293,0.785142,0.148284,97.192047
0012:331293,0.785142,0.148284,97.192047
0012:431452,0.794009,0.146985,97.347008
0012:482692,0.795302,0.143370,97.501953
0012:532466,0.796729,0.143975,97.579514
0012:583461,0.800874,0.146374,97.658150
0012:632748,0.801350,0.147515,97.737648
0012:682980,0.796611,0.147818,97.817139
0012:733060,0.794487,0.149457,97.896217
0012:784940,0.795568,0.152286,97.975258
0012:834196,0.797046,0.151229,98.054764
0012:883757,0.794813,0.151316,98.135323
0012:933897,0.790158,0.150924,98.216568
0012:984038,0.790989,0.150100,98.298523
0013:034698,0.793738,0.148200,98.380775
0013:034698,0.793738,0.148200,98.380775
0013:134460,0.795876,0.145022,98.466835
0013:134460,0.795876,0.145022,98.466835
0013:234925,0.796677,0.146661,98.632141
0013:285493,0.806142,0.146059,98.793343
0013:335786,0.804685,0.145692,98.877884
0013:385988,0.802141,0.148577,98.962326
0013:436220,0.804632,0.148947,99.046417
0013:486819,0.806979,0.148557,99.130798
0013:536715,0.769838,0.114942,99.208511
0013:587833,0.755165,0.100929,99.269821
0013:637241,0.726109,0.083304,99.316933
0013:687595,0.750478,0.072347,99.353752
0013:737797,0.797378,0.065328,99.383965
0013:789555,0.830031,0.053009,99.406189
0013:838872,0.855202,0.048926,99.424438
0013:888341,0.884125,0.060572,99.438568
0013:938665,0.922281,0.057233,99.450424
0013:988714,0.940462,0.071767,99.459206
0014:039099,0.934250,0.065057,99.466957
0014:089759,0.888289,0.063596,99.471748
0014:139533,0.875279,0.062570,99.476814
0014:190010,0.846648,0.055033,99.480995
0014:239693,0.804826,0.059158,99.483253
0014:290352,0.778977,0.088063,99.487793
0014:340218,0.747714,0.079351,99.491257
0014:390542,0.732574,0.095087,99.493103
0014:440744,0.735869,0.069175,99.495499
0014:490915,0.746988,0.068781,99.497101
0014:541208,0.758497,0.068486,99.498512
0014:592143,0.763449,0.068484,99.501251
0014:641765,0.762515,0.068444,99.502304
0014:691997,0.761167,0.067157,99.505142
0014:742290,0.765140,0.065924,99.507523
0014:793804,0.772576,0.063617,99.510429
0014:843518,0.774940,0.061801,99.514618
0014:893262,0.776104,0.061622,99.518005
0014:943555,0.782021,0.060793,99.521484
0014:993879,0.787998,0.059421,99.524857
0015:044447,0.793025,0.059414,99.529205
0015:095198,0.793840,0.061820,99.534111
0015:144850,0.794533,0.064021,99.538765
0015:195327,0.796778,0.063745,99.543968
0015:244979,0.799698,0.063974,99.549149
0015:295120,0.798232,0.066248,99.554146
0015:345413,0.794164,0.066751,99.560799
0015:395554,0.794165,0.065233,99.567238
0015:445969,0.797526,0.062419,99.574142
0015:495958,0.802533,0.060990,99.580795
0015:546251,0.803374,0.059111,99.585991
0015:596758,0.804188,0.058240,99.593414
0015:646502,0.809463,0.055056,99.601570
0015:696795,0.816204,0.055184,99.608849
0015:747089,0.817407,0.054596,99.617279
0015:798480,0.818175,0.054042,99.624870
0015:848041,0.820818,0.055436,99.633476
0015:897999,0.825199,0.057869,99.642708
0015:948231,0.825609,0.059395,99.652298
0015:998372,0.821672,0.059938,99.662277
0016:049062,0.819937,0.060711,99.672600
0016:099203,0.820819,0.060953,99.683128
0016:148977,0.820559,0.061966,99.692352
0016:199698,0.817183,0.063167,99.702530
0016:249411,0.817154,0.063087,99.712929
0016:299918,0.820457,0.062244,99.721992
0016:349876,0.824434,0.061889,99.731445
0016:400169,0.824080,0.060566,99.742477
0016:450371,0.824786,0.058980,99.752762
0016:500664,0.829611,0.057012,99.762199
0016:550897,0.835821,0.056366,99.773735
0016:601709,0.837641,0.057048,99.785637
0016:651209,0.838386,0.056691,99.798309
0016:701502,0.839133,0.055862,99.810211
0016:751795,0.842042,0.056914,99.822289
0016:803035,0.844748,0.058137,99.833977
0016:852901,0.842326,0.060044,99.846573
0016:902736,0.839248,0.059871,99.858017
0016:953121,0.839100,0.060315,99.872078
0017:003354,0.841809,0.060193,99.883949
0017:053708,0.839444,0.059363,99.895462
0017:104215,0.835954,0.058769,99.907890
0017:153867,0.837076,0.058996,99.920647
0017:204588,0.842910,0.058240,99.934479
0017:254179,0.847347,0.058109,99.947189
0017:304351,0.848656,0.057153,99.960884
0017:354827,0.849088,0.056708,99.974327
0017:404785,0.854244,0.056956,99.988640
0017:455322,0.857693,0.059228,100.004013
0017:505249,0.855893,0.059139,100.017937
0017:555573,0.853776,0.060112,100.033028
0017:606172,0.853365,0.061713,100.047150
0017:655855,0.855691,0.063539,100.061935
0017:705965,0.852834,0.063432,100.078026
0017:756350,0.848114,0.064693,100.093002
0017:806918,0.844990,0.065289,100.108170
0017:856692,0.847719,0.065558,100.123962
0017:907108,0.848977,0.065513,100.139656
0017:957279,0.846573,0.064238,100.154678
0018:007633,0.846204,0.064328,100.170395
0018:058201,0.849625,0.064120,100.185364
0018:108617,0.854874,0.063153,100.202034
0018:158574,0.858134,0.062075,100.217545
0018:209264,0.857023,0.062179,100.234314
0018:259069,0.860859,0.062968,100.250198
0018:309240,0.866002,0.063415,100.267326
0018:359351,0.865160,0.063827,100.283096
0018:409644,0.862008,0.064946,100.301056
0018:459785,0.859334,0.067062,100.317192
0018:510292,0.862591,0.068680,100.335594
0018:560280,0.862128,0.068885,100.350632
0018:611092,0.858763,0.067429,100.368095
0018:660989,0.853168,0.066508,100.385788
0018:711251,0.852801,0.067168,100.403198
0018:761423,0.854353,0.065387,100.419250
0018:812052,0.855578,0.063763,100.436630
0018:861704,0.854485,0.061879,100.454056
0018:911997,0.858919,0.063254,100.472168
0018:962504,0.865054,0.063113,100.488953
0019:012767,0.868146,0.062503,100.506828
0019:063427,0.870037,0.062312,100.524689
0019:113781,0.869320,0.064033,100.541397
0019:163708,0.871276,0.064595,100.559212
0019:214459,0.874846,0.066128,100.578621
0019:264173,0.874092,0.066333,100.596039
0019:314436,0.869965,0.068671,100.614418
0019:364759,0.868714,0.070534,100.633102
0019:415022,0.870019,0.069226,100.649727
0019:465194,0.868756,0.067938,100.667915
0019:515395,0.863916,0.066345,100.685181
0019:565597,0.863367,0.063902,100.704338
0019:615707,0.866181,0.061462,100.722816
0019:666245,0.869004,0.060276,100.740608
0019:716202,0.869110,0.059811,100.759346
0019:766801,0.870565,0.060329,100.777985
0019:817125,0.876501,0.061450,100.795082
0019:867082,0.880373,0.061910,100.814430
0019:917223,0.881544,0.062887,100.832802
0019:967669,0.880319,0.065093,100.852333
0020:017718,0.882777,0.066597,100.870102
0020:068347,0.884889,0.067919,100.888268
0020:118702,0.884060,0.068101,100.907005
0020:168568,0.879891,0.068633,100.924004
0020:219075,0.877715,0.068941,100.942551
0020:269063,0.877353,0.067471,100.960495
0020:319234,0.875613,0.066531,100.979523
0020:369466,0.871359,0.064118,100.997917
0020:419668,0.870278,0.063466,101.016144
0020:469961,0.871302,0.061291,101.033958
0020:520133,0.873565,0.058654,101.052956
0020:570396,0.873763,0.059257,101.072525
0020:620658,0.873895,0.059486,101.091660
0020:670860,0.876175,0.060432,101.110519
0020:721031,0.881314,0.060948,101.129532
0020:771233,0.885351,0.061725,101.148537
0020:821465,0.883605,0.063644,101.168289
0020:871606,0.882718,0.065854,101.186928
0020:921899,0.883878,0.066437,101.205070
0020:972132,0.884236,0.067510,101.225197
0021:022242,0.879968,0.067860,101.243324
0021:072627,0.874382,0.067679,101.262367
0021:123073,0.874723,0.066559,101.281265
0021:173214,0.875405,0.063992,101.299744
0021:223568,0.873854,0.063412,101.319679
0021:273709,0.872562,0.062501,101.334595
0021:324032,0.872870,0.060897,101.353424
0021:374295,0.876104,0.059825,101.371826
0021:374295,0.876104,0.059825,101.371826
0021:474699,0.881834,0.060823,101.408203
0021:474699,0.881834,0.060823,101.408203
0021:575347,0.886245,0.063203,101.445854
0021:575347,0.886245,0.063203,101.445854
0021:675964,0.890370,0.066056,101.482613
0021:675964,0.890370,0.066056,101.482613
0021:776276,0.881787,0.067509,101.518326
0021:776276,0.881787,0.067509,101.518326
0021:876527,0.880525,0.068617,101.552773
0021:876527,0.880525,0.068617,101.552773
0021:976991,0.873421,0.065890,101.586685
0021:976991,0.873421,0.065890,101.586685
0022:077700,0.873801,0.063225,101.621078
0022:128268,0.872877,0.060771,101.638817
0022:128268,0.872877,0.060771,101.638817
0022:228794,0.876823,0.058790,101.672829
0022:228794,0.876823,0.058790,101.672829
0022:329228,0.885032,0.059264,101.707901
0022:329228,0.885032,0.059264,101.707901
0022:429631,0.886789,0.058447,101.742722
0022:480901,0.890211,0.063239,101.774551
0022:530401,0.885256,0.065521,101.791145
0022:581579,0.881502,0.067051,101.807770
0022:630835,0.880866,0.068328,101.824173
0022:681128,0.882007,0.067540,101.840652
0022:731208,0.879903,0.068236,101.857491
0022:783210,0.874540,0.065266,101.872726
0022:832497,0.873695,0.060776,101.888802
0022:881752,0.874317,0.060703,101.905266
0022:932229,0.876858,0.060122,101.921684
0022:982186,0.874583,0.060716,101.935921
0023:032785,0.875599,0.058352,101.951721
0023:032785,0.875599,0.058352,101.951721
0023:132517,0.880461,0.059294,101.968056
0023:132517,0.880461,0.059294,101.968056
0023:233104,0.885022,0.062473,101.999191
0023:283702,0.886155,0.065941,102.030678
0023:334026,0.886134,0.067073,102.045837
0023:384472,0.883428,0.067114,102.060509
0023:434765,0.879403,0.067709,102.076096
0023:485059,0.877138,0.067793,102.090378
0023:535291,0.875009,0.068402,102.105606
0023:586225,0.872662,0.066711,102.120247
0023:635786,0.867321,0.065372,102.133072
0023:685927,0.864331,0.061978,102.147057
0023:736190,0.868011,0.061276,102.160538
0023:788192,0.872879,0.061473,102.173645
0023:837295,0.872411,0.060442,102.186043
0023:886795,0.871050,0.060006,102.199142
0023:936966,0.874499,0.063213,102.212128
0023:987107,0.879540,0.062117,102.224236
0024:037492,0.882624,0.064200,102.237732
0024:088365,0.882153,0.064314,102.250984
0024:138292,0.881307,0.065837,102.262825
0024:188769,0.881589,0.068100,102.275574
0024:238299,0.877004,0.051170,102.250870
0024:288684,0.873665,0.084601,101.740517
0024:338672,0.900047,0.097108,100.754799
0024:389026,0.930618,0.106433,99.391884
0024:439350,0.859934,0.067492,97.058395
0024:489613,0.688024,-0.164430,94.096809
0024:540028,0.667652,-0.205023,90.872673
0024:590963,0.690512,-0.165848,87.449043
0024:640524,0.718980,-0.100509,83.922333
0024:690756,0.687938,-0.303162,80.346680
0024:741019,0.681492,-0.329149,76.758301
0024:792533,0.728097,-0.119736,73.075272
0024:842521,0.776623,-0.172575,69.411896
0024:891807,0.763906,-0.274818,65.734039
0024:942253,0.798181,-0.285171,62.049683
0024:992150,0.847759,-0.184892,58.365219
0025:042840,0.853481,-0.208707,54.693672
0025:093438,0.873621,-0.313292,50.930832
0025:142908,0.907919,-0.285014,47.479206
0025:193720,0.934981,-0.191407,43.830479
0025:243433,0.956728,-0.214404,40.522663
0025:293421,0.988644,-0.341044,37.137791
0025:343898,1.013753,-0.303105,33.792702
0025:393916,1.032589,-0.263061,30.560478
0025:444271,1.069111,-0.227780,27.403770
0025:494381,1.089404,-0.323210,24.364239
0025:545102,1.132736,-0.304241,21.404074
0025:595517,1.123302,-0.229904,18.560217
0025:645292,1.150295,-0.209382,15.817358
0025:695615,1.216494,-0.310738,13.251830
0025:745939,1.219863,-0.327292,10.760860
0025:797270,1.237711,-0.243731,8.384982
0025:846984,1.277703,-0.179290,6.197171
0025:896819,1.322863,-0.261911,4.129166
0025:947113,1.311621,-0.315055,2.193301
0025:997375,1.307106,-0.258450,0.404892
0026:048157,1.334213,-0.174125,-1.243737
0026:098267,1.365949,-0.247874,-2.839072
0026:147737,1.355254,-0.262199,-4.191494
0026:198518,1.342214,-0.219568,-5.543506
0026:248415,1.363245,-0.237529,-6.688612
0026:298555,1.429488,-0.267854,-7.802879
0026:348696,1.415337,-0.262384,-8.799866
0026:399081,1.396319,-0.270850,-9.683503
0026:449069,1.398467,-0.212355,-10.454836
0026:499393,1.415823,-0.254925,-11.127718
0026:549717,1.405517,-0.249233,-11.672864
0026:600438,1.360835,-0.266851,-12.125943
0026:650243,1.389662,-0.218401,-12.468145
0026:700475,1.430408,-0.217212,-12.717446
0026:750555,1.395750,-0.261229,-12.875767
0026:801580,1.340407,-0.237837,-12.932613
0026:851355,1.338357,-0.235437,-12.922302
0026:901435,1.371903,-0.231005,-12.837891
0026:951697,1.381469,-0.280770,-12.700834
0027:001991,1.322227,-0.274899,-12.456121
0027:052406,1.315250,-0.239067,-12.174527
0027:102760,1.366581,-0.285389,-11.800889
0027:152840,1.347722,-0.266630,-11.427659
0027:203164,1.281363,-0.261308,-10.960322
0027:253091,1.262821,-0.259613,-10.498750
0027:303262,1.299388,-0.261133,-9.991526
0027:353739,1.291819,-0.261677,-9.444643
0027:403697,1.243271,-0.256878,-8.869898
0027:453959,1.207124,-0.218905,-8.280384
0027:504009,1.218584,-0.253991,-7.675365
0027:554149,1.230381,-0.270827,-7.049398
0027:604778,1.216423,-0.222699,-6.418227
0027:654675,1.173814,-0.266332,-5.764370
0027:704907,1.143777,-0.263622,-5.121647
0027:755353,1.144365,-0.301135,-4.515313
0027:806165,1.122751,-0.262651,-3.893040
0027:855879,1.079936,-0.293673,-3.270066
0027:906203,1.050149,-0.265675,-2.686792
0027:956465,1.070739,-0.300644,-2.116405
0028:006789,1.068696,-0.304660,-1.559186
0028:057357,1.036571,-0.306157,-1.023079
0028:107773,1.004404,-0.268315,-0.466523
0028:157700,1.007460,-0.292699,0.033048
0028:208390,1.014345,-0.289223,0.560509
0028:258103,0.984027,-0.287980,1.014500
0028:308366,0.947104,-0.322179,1.500378
0028:358507,0.927347,-0.297892,1.936268
0028:408983,0.951303,-0.284198,2.348404
0028:459185,0.936874,-0.295087,2.793443
0028:509478,0.902974,-0.311859,3.197318
0028:559802,0.882505,-0.329585,3.592746
0028:610431,0.877854,-0.263583,3.942365
0028:660236,0.889786,-0.275052,4.296793
0028:710499,0.879714,-0.326336,4.646933
0028:760640,0.836178,-0.341044,4.971992
0028:811299,0.813361,-0.320788,5.270862
0028:861013,0.810031,-0.305380,5.538458
0028:911276,0.808633,-0.297027,5.826288
0028:961569,0.784590,-0.301836,6.082422
0029:011862,0.798257,-0.261504,6.254318
0029:062369,0.799465,-0.311449,6.470471
0029:112815,0.778496,-0.311883,6.683616
0029:162651,0.789694,-0.287068,6.822747
0029:213402,0.796549,-0.233638,6.953475
0029:263207,0.810541,-0.249420,7.096819
0029:313561,0.779428,-0.292859,7.223241
0029:363763,0.775099,-0.235711,7.309042
0029:413843,0.795961,-0.243556,7.381447
0029:464136,0.782117,-0.276613,7.456010
0029:514307,0.737468,-0.251811,7.477172
0029:564662,0.739479,-0.256934,7.489529
0029:614650,0.733651,-0.295275,7.494209
0029:665157,0.720875,-0.274309,7.446567
0029:715267,0.728745,-0.272080,7.405556
0029:765469,0.704685,-0.264888,7.362069
0029:815732,0.699793,-0.272270,7.243340
0029:866025,0.730591,-0.291288,7.146070
0029:916044,0.739474,-0.269873,7.033630
0029:966398,0.722113,-0.270544,6.884655
0030:016753,0.738751,-0.272505,6.721310
0030:067198,0.733757,-0.320311,6.555496
0030:117431,0.723714,-0.265571,6.356440
0030:167327,0.728620,-0.243871,6.136647
0030:217773,0.724435,-0.279225,5.948965
0030:267761,0.717182,-0.334069,5.731927
0030:317994,0.725122,-0.262466,5.482024
0030:368318,0.726473,-0.191920,5.234114
0030:418519,0.711639,-0.249364,5.008523
0030:468691,0.691658,-0.244826,4.751872
0030:518984,0.710626,-0.225777,4.516976
0030:569125,0.731198,-0.212129,4.294120
0030:619418,0.721709,-0.193404,4.060455
0030:669589,0.717808,-0.176188,3.829745
0030:720127,0.739975,-0.215897,3.616617
0030:770145,0.750590,-0.202098,3.417174
0030:820317,0.733841,-0.189111,3.221949
0030:870488,0.729271,-0.166405,3.006432
0030:920842,0.770472,-0.216468,2.817809
0030:970861,0.782836,-0.220038,2.651322
0031:021215,0.733460,-0.254964,2.489702
0031:071631,0.741139,-0.279399,2.326503
0031:121985,0.740855,-0.242745,2.156091
0031:172126,0.754883,-0.262869,2.027745
0031:222511,0.725240,-0.287623,1.898872
0031:272652,0.704409,-0.326622,1.779538
0031:272652,0.704409,-0.326622,1.779538
0031:373238,0.743264,-0.314079,1.562128
0031:373238,0.743264,-0.314079,1.562128
0031:473306,0.699460,-0.277941,1.368200
0031:473306,0.699460,-0.277941,1.368200
0031:573801,0.741268,-0.287466,1.233444
0031:573801,0.741268,-0.287466,1.233444
0031:674113,0.713323,-0.297561,1.158450
0031:674113,0.713323,-0.297561,1.158450
0031:774730,0.693033,-0.293245,1.745218
0031:774730,0.693033,-0.293245,1.745218
0031:874981,0.705746,-0.209384,2.960500
0031:874981,0.705746,-0.209384,2.960500
0031:975660,0.665648,-0.221059,4.592825
0031:975660,0.665648,-0.221059,4.592825
0032:075911,0.673616,-0.187961,6.537622
0032:126692,0.650561,-0.230337,7.667354
0032:126692,0.650561,-0.230337,7.667354
0032:227248,0.622658,-0.144610,10.006629
0032:227248,0.622658,-0.144610,10.006629
0032:327560,0.617910,-0.185270,12.475142
0032:327560,0.617910,-0.185270,12.475142
0032:427994,0.568042,-0.149450,15.131382
0032:479356,0.598274,-0.194490,17.808865
0032:528734,0.589290,-0.141230,19.161676
0032:580034,0.546149,-0.120379,20.479950
0032:629137,0.516814,-0.143184,21.780437
0032:679675,0.515308,-0.167856,23.055029
0032:729754,0.491143,-0.168149,24.310345
0032:781635,0.464977,-0.123009,25.515013
0032:830799,0.438797,-0.067987,26.674726
0032:880390,0.453011,-0.102963,27.790438
0032:930806,0.470548,-0.079424,28.869259
0032:981007,0.456652,-0.049376,29.932930
0033:031545,0.429915,-0.025527,30.930540
0033:031545,0.429915,-0.025527,30.930540
0033:131338,0.451977,-0.098926,31.944185
0033:131338,0.451977,-0.098926,31.944185
0033:231803,0.444104,-0.122208,33.707672
0033:282371,0.413371,-0.073151,35.277485
0033:332511,0.437610,-0.166280,36.012447
0033:382622,0.428143,-0.052046,36.660458
0033:432884,0.415516,-0.041244,37.278099
0033:483025,0.400983,-0.048962,37.867687
0033:533319,0.397577,-0.066070,38.380322
0033:584253,0.428021,-0.080858,38.864803
0033:633936,0.360759,-0.030448,39.332596
0033:684046,0.365576,-0.030572,39.722195
0033:734339,0.411670,-0.050234,40.075504
0033:786067,0.435917,-0.026240,40.450394
0033:835445,0.414469,-0.052448,40.768768
0033:885006,0.379675,-0.009854,41.050350
0033:935299,0.401677,0.019645,41.343025
0033:985684,0.410308,-0.031832,41.610252
0034:035977,0.409616,0.050395,41.816288
0034:086576,0.402300,-0.031127,42.055046
0034:136442,0.376111,-0.014733,42.221821
0034:187010,0.408594,-0.015662,42.354942
0034:236693,0.417111,0.010212,42.491966
0034:286773,0.357735,0.022712,42.620682
0034:337035,0.357967,-0.007865,42.689419
0034:387237,0.395832,0.021095,42.745403
0034:437103,0.382780,-0.017531,42.807968
0034:487366,0.337807,0.072465,42.838818
0034:537568,0.319650,0.037864,42.825100
0034:588746,0.356518,0.071049,42.789951
0034:638032,0.335272,0.067381,42.753380
0034:688387,0.331684,0.133176,42.699326
0034:738711,0.320521,0.069143,42.602211
0034:790164,0.341868,0.041861,42.553398
0034:839725,0.349500,0.019880,42.459412
0034:889255,0.360873,0.121586,42.356113
0034:939548,0.333949,0.072457,42.260914
0034:989720,0.331406,0.054765,42.160038
0035:040349,0.349976,0.039871,42.050198
0035:090978,0.346860,0.054798,41.889820
0035:140722,0.320312,0.069610,41.763348
0035:191229,0.309465,0.046181,41.616844
0035:241461,0.320262,0.050531,41.463966
0035:291205,0.362020,0.083561,41.270969
0035:341498,0.323059,0.115675,41.095448
0035:391700,0.313506,0.093782,40.946762
0035:441841,0.343736,0.057262,40.787968
0035:492165,0.362673,0.078263,40.620602
0035:542580,0.315423,0.149553,40.437805
0035:593179,0.341521,0.120645,40.284626
0035:642923,0.375314,0.069187,40.138325
0035:693033,0.399362,0.082871,40.007969
0035:743387,0.361439,0.095126,39.857330
0035:794840,0.335756,0.084992,39.701828
0035:844218,0.409789,0.004475,39.606285
0035:894115,0.437105,0.009615,39.484917
0035:944347,0.386868,0.036827,39.371738
0035:994518,0.365047,0.031644,39.228546
0036:044873,0.365971,0.028835,39.104492
0036:095563,0.408586,0.023497,38.993305
0036:145185,0.405497,0.067079,38.880333
0036:195997,0.350391,0.030128,38.779362
0036:245710,0.360881,-0.019495,38.665962
0036:295942,0.387318,0.025271,38.560516
0036:346144,0.397507,0.078773,38.472713
0036:396651,0.374445,0.044215,38.374966
0036:446639,0.359426,-0.025977,38.295952
0036:496994,0.416202,-0.063015,38.177185
0036:547135,0.389327,0.004935,38.088688
0036:597886,0.394538,0.027963,38.008121
0036:647721,0.373454,-0.014258,37.926121
0036:697740,0.378083,-0.011486,37.872898
0036:747911,0.375868,0.005369,37.791996
0036:799273,0.343991,0.075267,37.713852
0036:848315,0.344056,0.050992,37.635792
0036:898425,0.379627,-0.010959,37.592350
0036:948474,0.364862,0.015812,37.534374
0036:998737,0.347636,0.069307,37.448460
0037:049122,0.338674,0.037181,37.380600
0037:099598,0.375749,0.013933,37.331837
0037:149586,0.395825,0.022619,37.262329
0037:200154,0.370930,0.014295,37.190796
0037:250051,0.378367,0.020445,37.111000
0037:300344,0.398582,-0.010307,37.042088
0037:350821,0.413379,0.048578,36.978035
0037:400931,0.418064,0.054360,36.935463
0037:451224,0.413633,0.011216,36.889603
0037:501487,0.406316,-0.007860,36.821983
0037:551964,0.408923,0.021099,36.761559
0037:602654,0.422685,0.064737,36.733219
0037:652306,0.426612,-0.008229,36.710793
0037:702630,0.383081,-0.026770,36.694126
0037:753015,0.380648,0.054562,36.656326
0037:803766,0.411841,0.028247,36.638100
0037:853419,0.443793,0.007145,36.667297
0037:903742,0.411613,-0.038359,36.653633
0037:954127,0.403979,-0.048372,36.667831
0038:004299,0.419165,-0.033164,36.657936
0038:054805,0.441015,-0.049261,36.646622
0038:105221,0.435587,-0.046976,36.675732
0038:155056,0.413404,-0.040534,36.693672
0038:205808,0.407233,-0.030324,36.685318
0038:255582,0.405053,-0.007223,36.704247
0038:305936,0.424379,-0.021127,36.729759
0038:356047,0.408828,-0.026988,36.744228
0038:406310,0.403937,-0.047292,36.781010
0038:456542,0.386797,0.000847,36.800243
0038:506835,0.419499,-0.017040,36.804699
0038:557098,0.405847,-0.028020,36.861156
0038:607941,0.393951,-0.039592,36.904118
0038:657593,0.365831,-0.064274,36.905422
0038:707795,0.361991,-0.053520,36.921196
0038:757997,0.395247,-0.052992,36.932507
0038:808473,0.387553,-0.067865,36.976727
0038:858278,0.387231,-0.052367,36.987682
0038:908663,0.389966,-0.055746,36.996620
0038:958743,0.417193,-0.074036,37.005226
0039:009128,0.414142,-0.067350,37.021297
0039:059421,0.396126,-0.074556,37.055050
0039:109806,0.400038,-0.033977,37.050301
0039:159489,0.394931,-0.077364,37.059654
0039:210240,0.384744,-0.106009,37.120251
0039:260076,0.381316,-0.091475,37.117687
0039:310277,0.371625,-0.082032,37.119637
0039:360449,0.360238,-0.071976,37.116825
0039:410559,0.346429,-0.053405,37.114029
0039:460852,0.331015,-0.056148,37.162643
0039:511146,0.314026,-0.032338,37.157627
0039:561256,0.329378,-0.015961,37.155067
0039:611580,0.324495,-0.013979,37.174599
0039:661720,0.324355,-0.009346,37.175900
0039:712014,0.321201,-0.028248,37.198689
0039:762093,0.321341,-0.052619,37.189041
0039:812509,0.336989,-0.054419,37.192104
0039:862558,0.339912,-0.027638,37.221279
0039:912699,0.361391,-0.047416,37.239399
0039:963175,0.365470,-0.044542,37.239006
0040:013133,0.353912,-0.069243,37.238392
0040:063914,0.334842,-0.036144,37.268646
0040:114086,0.338829,-0.071210,37.281235
0040:164135,0.333410,-0.017506,37.270966
0040:214794,0.343256,-0.020752,37.275620
0040:264630,0.323175,-0.031166,37.274391
0040:314923,0.290607,-0.046134,37.267719
0040:365156,0.310367,-0.029249,37.239052
0040:415419,0.318439,-0.042498,37.236450
0040:465620,0.313172,-0.056522,37.223225
0040:515883,0.315488,-0.059292,37.203953
0040:566146,0.322733,-0.004466,37.192120
0040:616439,0.340828,-0.040713,37.167767
0040:666763,0.298320,-0.037175,37.159515
0040:717056,0.310420,-0.051709,37.146038
0040:767441,0.329140,-0.037932,37.098274
0040:817796,0.309410,-0.029625,37.064976
0040:867662,0.262728,-0.029816,37.033237
0040:917955,0.245589,-0.020890,36.976585
0040:968340,0.275673,-0.022371,36.926651
0041:018450,0.292045,0.001533,36.887352
0041:068683,0.276220,-0.020381,36.841278
0041:119464,0.255728,0.029560,36.779884
0041:169330,0.286116,0.048195,36.730328
0041:219959,0.300040,0.018207,36.682537
0041:269948,0.279110,-0.029653,36.633324
0041:320210,0.282188,-0.008249,36.597073
0041:370504,0.302474,-0.001147,36.537739
0041:420736,0.319478,-0.038992,36.483009
0041:471060,0.309697,-0.030136,36.471550
0041:521262,0.284174,-0.009932,36.424671
0041:571738,0.298710,0.008271,36.356403
0041:571738,0.298710,0.008271,36.356403
0041:671928,0.283110,-0.038675,36.298824
0041:671928,0.283110,-0.038675,36.298824
0041:772271,0.295484,0.006937,36.204895
0041:772271,0.295484,0.006937,36.204895
0041:872796,0.271882,0.010205,36.138084
0041:872796,0.271882,0.010205,36.138084
0041:973291,0.284106,0.013184,36.065582
0041:973291,0.284106,0.013184,36.065582
0042:073512,0.271373,-0.006645,36.024654
0042:123836,0.302370,-0.036962,36.004211
0042:123836,0.302370,-0.036962,36.004211
0042:224422,0.301091,-0.020518,35.939884
0042:224422,0.301091,-0.020518,35.939884
0042:324490,0.316088,-0.050217,35.914711
0042:324490,0.316088,-0.050217,35.914711
0042:425107,0.312921,0.006976,35.871510
0042:425107,0.312921,0.006976,35.871510
0042:525419,0.296725,-0.054493,35.853279
0042:525419,0.296725,-0.054493,35.853279
0042:625915,0.322516,-0.004376,35.853184
0042:625915,0.322516,-0.004376,35.853184
0042:726410,0.260920,-0.013680,35.867119
0042:778748,0.272207,0.008115,35.885136
0042:827851,0.253132,0.016555,35.867439
0042:827851,0.253132,0.016555,35.867439
0042:927339,0.253123,0.005257,35.896221
0042:927339,0.253123,0.005257,35.896221
0043:027651,0.293942,0.032853,35.889824
0043:027651,0.293942,0.032853,35.889824
0043:128543,0.231026,-0.025041,35.925896
0043:128543,0.231026,-0.025041,35.925896
0043:228733,0.247915,0.033503,35.925545
0043:279087,0.207662,-0.004499,35.970013
0043:329441,0.222399,0.014636,35.958984
0043:379521,0.228618,0.046695,35.951012
0043:429692,0.252125,0.026194,35.983822
0043:479986,0.210667,-0.007309,36.015656
0043:530371,0.207736,0.012215,36.016445
0043:581274,0.238968,0.002744,36.016254
0043:630866,0.257757,0.022848,36.050850
0043:681129,0.225949,-0.029590,36.112034
0043:731391,0.213301,-0.000065,36.115566
0043:783424,0.267457,0.002847,36.145142
0043:832650,0.271649,0.019400,36.190506
0043:882363,0.233436,-0.018506,36.226620
0043:932595,0.206678,0.022389,36.230217
0043:982767,0.236422,0.031883,36.264717
0044:033274,0.262914,0.023118,36.297836
0044:084147,0.215775,0.041675,36.344383
0044:133921,0.196237,0.017529,36.371334
0044:184367,0.245178,0.063832,36.402977
0044:233776,0.257501,0.061108,36.456333
0044:284527,0.209465,0.001967,36.487038
0044:334240,0.172741,0.008103,36.521049
0044:384503,0.215854,0.047030,36.557030
0044:434644,0.244485,0.047843,36.618191
0044:485090,0.214805,0.082875,36.649414
0044:535047,0.182606,0.022035,36.696545
0044:586043,0.195300,0.004787,36.753193
0044:635603,0.246141,0.088748,36.773125
0044:685897,0.221150,0.113246,36.818989
0044:736190,0.174247,0.073709,36.878742
0044:788009,0.177986,0.024900,36.936172
0044:837509,0.230522,0.063299,36.986176
0044:887040,0.234680,0.057517,37.049397
0044:937333,0.184632,0.012321,37.101891
0044:987657,0.175733,0.029716,37.133095
0045:038133,0.241848,0.029451,37.183743
0045:089129,0.211164,0.030530,37.233662
0045:138293,0.174781,0.018973,37.254528
0045:189166,0.194647,-0.015142,37.278591
0045:239368,0.239937,-0.015393,37.318947
0045:289051,0.221002,0.043627,37.343315
0045:339527,0.194607,0.034014,37.353828
0045:389637,0.211049,-0.000633,37.372421
0045:439870,0.240367,-0.031908,37.411465
0045:490041,0.220284,0.021901,37.394405
0045:540273,0.203571,0.034884,37.407803
0045:590994,0.213819,-0.033255,37.442665
0045:640799,0.230418,-0.022734,37.438343
0045:690787,0.229122,0.039658,37.445431
0045:740958,0.204218,0.008772,37.491230
0045:792228,0.177642,-0.045772,37.492920
0045:841881,0.190622,-0.028761,37.504074
0045:891838,0.226709,0.014402,37.522709
0045:942010,0.209567,0.038387,37.528339
0045:992333,0.174955,0.047081,37.503006
0046:042779,0.169874,0.011643,37.497887
0046:093195,0.198012,0.034057,37.504425
0046:142878,0.205071,0.066742,37.481506
0046:193446,0.181296,0.042461,37.490448
0046:243526,0.176335,-0.021962,37.499332
0046:293453,0.173239,0.016930,37.300995
0046:343624,0.181061,-0.079797,36.914211
0046:393917,0.194561,-0.165957,36.342548
0046:444089,0.226800,-0.159819,35.658909
0046:494351,0.266473,-0.138126,34.904903
0046:544614,0.241031,-0.097944,34.021259
0046:595518,0.232674,-0.204949,33.063499
0046:645201,0.289250,-0.239365,32.073986
0046:695311,0.314838,-0.129030,30.993437
0046:745727,0.302011,-0.160226,29.854380
0046:796844,0.298618,-0.261047,28.705368
0046:846161,0.336321,-0.189037,27.518997
0046:896210,0.361034,-0.144595,26.261415
0046:946900,0.327597,-0.208138,25.010954
0046:997132,0.349807,-0.228001,23.724941
0047:047792,0.375252,-0.177811,22.408804
0047:098055,0.361843,-0.162171,21.086325
0047:148012,0.346408,-0.163087,19.827728
0047:198855,0.352139,-0.239106,18.484966
0047:248629,0.384747,-0.219556,17.275702
0047:298862,0.375918,-0.168103,15.995699
0047:349521,0.379157,-0.223162,14.762445
0047:399265,0.365047,-0.268710,13.538982
0047:449498,0.383704,-0.263678,12.359482
0047:499547,0.363423,-0.216018,11.207435
0047:549779,0.400976,-0.250518,10.119141
0047:600408,0.402110,-0.333496,9.061501
0047:650274,0.449014,-0.337241,8.038550
0047:700385,0.459626,-0.284914,7.089403
0047:750769,0.474536,-0.238893,6.173628
0047:801612,0.496459,-0.359006,5.355302
0047:851081,0.527552,-0.363442,4.563068
0047:901344,0.526104,-0.298749,3.813410
0047:951607,0.527742,-0.288833,3.163121
0048:001900,0.531926,-0.352127,2.547319
0048:052377,0.561257,-0.352676,1.957625
0048:103036,0.559612,-0.301921,1.457275
0048:152750,0.563493,-0.299695,0.981960
0048:203562,0.567782,-0.322724,0.550679
0048:253367,0.586459,-0.370052,0.202005
0048:303477,0.586293,-0.315137,-0.145215
0048:353801,0.583126,-0.276731,-0.471033
0048:404095,0.590829,-0.377736,-0.718709
0048:454296,0.584234,-0.422661,-0.972624
0048:504498,0.590225,-0.318212,-1.189014
0048:554700,0.589011,-0.295373,-1.351365
0048:605512,0.586325,-0.395675,-1.506542
0048:655134,0.607784,-0.393015,-1.649231
0048:705427,0.600438,-0.372513,-1.759714
0048:755568,0.576050,-0.299152,-1.861951
0048:806411,0.593244,-0.340682,-1.925601
0048:855972,0.583027,-0.439976,-1.962062
0048:906296,0.574113,-0.370386,-2.020324
0048:956375,0.552219,-0.318712,-2.046731
0049:006791,0.547464,-0.357246,-2.046924
0049:057084,0.553099,-0.419065,-2.044345
0049:107438,0.527244,-0.378694,-2.016200
0049:157457,0.510982,-0.295586,-2.001988
0049:208056,0.521343,-0.378253,-1.935242
0049:257952,0.536798,-0.412697,-1.897619
0049:308154,0.534756,-0.358640,-1.842559
0049:358325,0.487910,-0.359115,-1.778923
0049:408649,0.485239,-0.337099,-1.718700
0049:458881,0.531387,-0.428557,-1.606126
0049:509083,0.524678,-0.401649,-1.538355
0049:559194,0.494542,-0.365570,-1.452122
0049:609487,0.465264,-0.417374,-1.358629
0049:659536,0.477497,-0.393681,-1.268994
0049:709677,0.463257,-0.425485,-1.166419
0049:760123,0.446847,-0.374445,-1.097992
0049:810325,0.430747,-0.388816,-0.973998
0049:860526,0.421915,-0.403164,-0.894668
0049:910637,0.440255,-0.378561,-0.770107
0049:960808,0.419552,-0.375051,-0.671561
0050:011101,0.404474,-0.382303,-0.560146
0050:061791,0.381296,-0.381193,-0.440536
0050:112115,0.427718,-0.411367,-0.307602
0050:162042,0.395707,-0.419699,-0.189643
0050:212793,0.398061,-0.442771,-0.074280
0050:262629,0.403597,-0.491786,0.056340
0050:312953,0.426806,-0.439453,0.147403
0050:363216,0.424871,-0.460102,0.291221
0050:413539,0.385618,-0.435242,0.382687
0050:463863,0.378071,-0.437316,0.501846
0050:514096,0.395923,-0.424045,0.609062
0050:564389,0.388281,-0.436198,0.717630
0050:614682,0.348847,-0.473850,0.820613
0050:665006,0.359889,-0.432999,0.921141
0050:715208,0.375893,-0.448647,1.019106
0050:765318,0.361877,-0.420797,1.109765
0050:815612,0.322672,-0.495869,1.222886
0050:865752,0.363367,-0.490566,1.312097
0050:916290,0.369435,-0.515517,1.425235
0050:966247,0.374297,-0.506417,1.514160
0051:016724,0.345123,-0.504786,1.630273
0051:066895,0.362197,-0.482902,1.715687
0051:117463,0.406274,-0.490873,1.832671
0051:167360,0.394720,-0.463769,1.933965
0051:217684,0.334686,-0.511968,2.058613
0051:267641,0.355840,-0.444470,2.140593
0051:317935,0.404031,-0.460494,2.259853
0051:368381,0.367911,-0.424229,2.324756
0051:418460,0.284063,-0.449768,2.445259
0051:468784,0.302987,-0.399698,2.524973
0051:519047,0.352192,-0.409003,2.644518
0051:569340,0.342056,-0.435909,2.715452
0051:619573,0.286558,-0.449702,2.832766
0051:669958,0.308269,-0.362453,2.886092
0051:669958,0.308269,-0.362453,2.886092
0051:770300,0.342388,-0.385907,3.042078
0051:770300,0.342388,-0.385907,3.042078
0051:870673,0.287966,-0.354508,3.186186
0051:870673,0.287966,-0.354508,3.186186
0051:970985,0.321723,-0.339480,3.351987
0051:970985,0.321723,-0.339480,3.351987
0052:071419,0.264343,-0.327173,3.533010
0052:121804,0.291892,-0.324768,3.628067
0052:121804,0.291892,-0.324768,3.628067
0052:222086,0.222024,-0.365810,3.780293
0052:222086,0.222024,-0.365810,3.780293
0052:322276,0.258594,-0.346113,3.904343
0052:322276,0.258594,-0.346113,3.904343
0052:422954,0.227805,-0.398099,4.036381
0052:422954,0.227805,-0.398099,4.036381
0052:523327,0.260693,-0.325795,4.148785
0052:523327,0.260693,-0.325795,4.148785
0052:623975,0.240662,-0.371093,4.282228
0052:623975,0.240662,-0.371093,4.282228
0052:724653,0.275984,-0.334150,4.423375
0052:777022,0.237823,-0.368983,4.566995
0052:826033,0.225069,-0.295441,4.621402
0052:826033,0.225069,-0.295441,4.621402
0052:925491,0.252511,-0.305708,4.676724
0052:925491,0.252511,-0.305708,4.676724
0053:025833,0.226874,-0.332426,4.779817
0053:025833,0.226874,-0.332426,4.779817
0053:126725,0.241566,-0.287042,4.882889
0053:126725,0.241566,-0.287042,4.882889
0053:226884,0.219251,-0.330066,4.967323
0053:277269,0.216983,-0.281795,5.030452
0053:327380,0.223565,-0.349040,5.068223
0053:377520,0.209134,-0.326482,5.075114
0053:427600,0.197424,-0.343198,5.094336
0053:477893,0.211893,-0.248277,5.076715
0053:528248,0.179416,-0.262605,5.071348
0053:579213,0.212070,-0.286803,5.062045
0053:628712,0.178189,-0.214924,5.012887
0053:678853,0.168371,-0.191541,4.983137
0053:729177,0.132407,-0.192287,4.889993
0053:780905,0.145158,-0.278203,4.826241
0053:830161,0.157127,-0.229426,4.732198
0053:879538,0.143052,-0.227550,4.652653
0053:929832,0.150304,-0.210604,4.548138
0053:980064,0.180632,-0.286729,4.474380
0054:030510,0.198511,-0.240706,4.366672
0054:081383,0.149014,-0.229148,4.270918
0054:131097,0.169980,-0.181961,4.173763
0054:181512,0.198852,-0.240190,4.107224
0054:231226,0.212747,-0.201882,4.046918
0054:281580,0.188044,-0.221663,3.995541
0054:331782,0.195470,-0.210588,3.924183
0054:382136,0.216742,-0.272409,3.890581
0054:432124,0.222842,-0.235280,3.838028
0054:482387,0.192346,-0.226262,3.808210
0054:532589,0.214937,-0.232814,3.767925
0054:583523,0.200624,-0.283687,3.762519
0054:632992,0.216028,-0.251857,3.747463
0054:683408,0.197327,-0.251044,3.757740
0054:733427,0.201026,-0.224987,3.764942
0054:785276,0.184172,-0.274838,3.798414
0054:834685,0.194124,-0.257629,3.844263
0054:884276,0.207669,-0.276206,3.877520
0054:934600,0.215053,-0.231671,3.914869
0054:984832,0.192144,-0.248475,3.974403
0055:035339,0.219498,-0.255679,4.045700
0055:086151,0.225722,-0.263721,4.095427
0055:135712,0.223450,-0.235745,4.168361
0055:186311,0.204714,-0.232972,4.215677
0055:236482,0.218801,-0.250167,4.296848
0055:286318,0.233435,-0.260316,4.334477
0055:336428,0.196998,-0.262665,4.396695
0055:386660,0.194213,-0.210183,4.431254
0055:436770,0.209266,-0.260511,4.491889
0055:487033,0.225941,-0.246943,4.524376
0055:537571,0.189779,-0.243590,4.559171
0055:587956,0.210139,-0.228497,4.572114
0055:637578,0.217796,-0.231844,4.582804
0055:687963,0.228940,-0.212958,4.604497
0055:738103,0.188418,-0.192247,4.604622
0055:789648,0.180706,-0.221541,4.613131
0055:838965,0.205831,-0.222185,4.582397
0055:888526,0.202643,-0.230201,4.587862
0055:938727,0.184421,-0.194050,4.538868
0055:988746,0.165633,-0.213426,4.529371
0056:039284,0.199318,-0.197484,4.481317
0056:089974,0.192487,-0.220118,4.466484
0056:139504,0.180184,-0.196281,4.429478
0056:190255,0.179275,-0.213397,4.395036
0056:240030,0.216108,-0.203504,4.369363
0056:290323,0.208720,-0.245265,4.370667
0056:340494,0.171186,-0.225154,4.331831
0056:390849,0.165571,-0.221403,4.304501
0056:441173,0.201225,-0.195908,4.278944
0056:491435,0.206557,-0.226358,4.250723
0056:541668,0.195342,-0.213423,4.231071
0056:592449,0.191266,-0.174587,4.200534
0056:642224,0.238399,-0.175435,4.193238
0056:692517,0.217893,-0.215614,4.168139
0056:742658,0.194103,-0.212754,4.170953
0056:793897,0.184999,-0.158248,4.151077
0056:843672,0.229954,-0.159178,4.172212
0056:893416,0.206289,-0.202238,4.163071
0056:943587,0.184053,-0.211498,4.181707
0056:994003,0.187687,-0.159782,4.169043
0057:044327,0.217917,-0.173488,4.202734
0057:095108,0.222473,-0.204811,4.189095
0057:144669,0.201728,-0.210614,4.212652
0057:195329,0.216058,-0.135226,4.203748
0057:245195,0.223247,-0.177202,4.227222
0057:295427,0.207085,-0.189984,4.220909
0057:345934,0.181318,-0.231891,4.231465
0057:395922,0.207813,-0.166333,4.219889
0057:446368,0.198722,-0.193963,4.207339
0057:496448,0.205282,-0.199965,4.200680
0057:546711,0.188028,-0.214976,4.173899
0057:597431,0.216102,-0.195983,4.184502
0057:647053,0.190916,-0.161616,4.149142
