4 
10.000000 
0.000000 
0.000000 
0.000000 
23.000000 
-30.000000 
0.872665 
3 
-0.000000 
-10.000000 
8.742002 
-14.855657 
6.597554 
-18.716467 
15.339556 
-23.572124 
2.077806 
0.441639 
2.950471 
10.000000 
23.000000 
-30.000000 
0.872665 
20.000000 
10.000000 
3.490659 
0 
15.339556 
-23.572124 
24.823767 
-26.742255 
32.904413 
-2.567058 
23.420201 
0.603074 
0.375553 
2.548994 
-4.040745 
10.000000 
20.000000 
10.000000 
3.490659 
5.000000 
0.000000 
3.141593 
1 
23.420201 
0.603074 
15.959334 
7.261561 
12.460868 
3.341513 
5.000000 
10.000000 
0.493100 
0.525415 
-11.724205 
10.000000 
5.000000 
0.000000 
3.141593 
5.000000 
30.000000 
-1.570796 
2 
5.000000 
10.000000 
-3.944272 
5.527864 
-13.944272 
25.527864 
-5.000000 
30.000000 
1.107149 
2.236068 
-2.677945 
