4 
10.000000 
0.000000 
0.000000 
0.000000 
60.000000 
0.000000 
0.000000 
3 
-0.000000 
-10.000000 
0.000000 
0.000000 
60.000000 
0.000000 
60.000000 
10.000000 
0.000000 
6.000000 
0.000000 
10.000000 
60.000000 
0.000000 
0.000000 
60.000000 
60.000000 
3.141593 
0 
60.000000 
10.000000 
70.000000 
10.000000 
70.000000 
50.000000 
60.000000 
50.000000 
-4.712389 
4.000000 
1.570796 
10.000000 
60.000000 
60.000000 
3.141593 
0.000000 
60.000000 
3.141593 
3 
60.000000 
70.000000 
60.000000 
60.000000 
0.000000 
60.000000 
-0.000000 
50.000000 
0.000000 
6.000000 
0.000000 
10.000000 
0.000000 
60.000000 
3.141593 
0.000000 
0.000000 
0.000000 
0 
-0.000000 
50.000000 
-10.000000 
50.000000 
-10.000000 
10.000000 
0.000000 
10.000000 
-4.712389 
4.000000 
1.570796 
