0012 078857 -0.002841 -0.002654 -0.837405 1500 1500 1500 950 12 78644 0.000000 0.000000 0.000000 0.000000 0.000000
0012 130524 -0.002842 -0.002627 -0.837902 1500 1500 1500 950 12 129120 0.000000 0.000000 0.000000 0.000000 0.000000
0012 180359 -0.002829 -0.002609 -0.838360 1500 1500 1500 950 12 179382 0.000000 0.000000 0.000000 0.000000 0.000000
0012 231140 -0.002834 -0.002568 -0.838855 1500 1500 1500 950 12 229614 0.000000 0.000000 0.000000 0.000000 0.000000
0012 280762 -0.002869 -0.002546 -0.839340 1500 1500 1500 950 12 279755 0.000000 0.000000 0.000000 0.000000 0.000000
0012 331970 -0.002874 -0.002558 -0.839818 1500 1500 1500 950 12 330017 0.000000 0.000000 0.000000 0.000000 0.000000
0012 381164 -0.002884 -0.002568 -0.840295 1500 1500 1500 950 12 380157 0.000000 0.000000 0.000000 0.000000 0.000000
0012 432007 -0.002903 -0.002572 -0.840765 1500 1500 1500 950 12 430420 0.000000 0.000000 0.000000 0.000000 0.000000
0012 481628 -0.002934 -0.002587 -0.841245 1500 1500 1500 950 12 480621 0.000000 0.000000 0.000000 0.000000 0.000000
0012 532196 -0.002951 -0.002587 -0.841726 1500 1500 1500 950 12 530823 0.000000 0.000000 0.000000 0.000000 0.000000
0012 582214 -0.002938 -0.002591 -0.842208 1500 1500 1500 950 12 581207 0.000000 0.000000 0.000000 0.000000 0.000000
0012 632446 -0.002919 -0.002604 -0.842682 1500 1500 1500 950 12 631439 0.000000 0.000000 0.000000 0.000000 0.000000
0012 682770 -0.002925 -0.002593 -0.843190 1500 1500 1500 950 12 681763 0.000000 0.000000 0.000000 0.000000 0.000000
0012 733063 -0.002884 -0.002615 -0.843658 1500 1500 1500 950 12 732086 0.000000 0.000000 0.000000 0.000000 0.000000
0012 783600 -0.002888 -0.002606 -0.844149 1500 1500 1500 950 12 782440 0.000000 0.000000 0.000000 0.000000 0.000000
0012 833740 -0.002878 -0.002565 -0.844622 1500 1500 1500 950 12 832611 0.000000 0.000000 0.000000 0.000000 0.000000
0012 883911 -0.002836 -0.002533 -0.845114 1500 1500 1500 950 12 882935 0.000000 0.000000 0.000000 0.000000 0.000000
0012 934326 -0.002825 -0.002518 -0.845596 1500 1500 1500 950 12 933350 0.000000 0.000000 0.000000 0.000000 0.000000
0012 984650 -0.002815 -0.002526 -0.846066 1500 1500 1500 950 12 983673 0.000000 0.000000 0.000000 0.000000 0.000000
0013 035004 -0.002821 -0.002537 -0.846536 1500 1500 1500 950 13 33997 0.000000 0.000000 0.000000 0.000000 0.000000
0013 085297 -0.002796 -0.002541 -0.847020 1500 1500 1500 950 13 84289 0.000000 0.000000 0.000000 0.000000 0.000000
0013 135590 -0.002801 -0.002529 -0.847499 1500 1500 1500 950 13 134582 0.000000 0.000000 0.000000 0.000000 0.000000
0013 185821 -0.002790 -0.002499 -0.847989 1500 1500 1500 950 13 184814 0.000000 0.000000 0.000000 0.000000 0.000000
0013 236328 -0.002782 -0.002478 -0.848459 1500 1500 1500 950 13 235138 0.000000 0.000000 0.000000 0.000000 0.000000
0013 286377 -0.002791 -0.002454 -0.848960 1500 1500 1500 950 13 285370 0.000000 0.000000 0.000000 0.000000 0.000000
0013 336609 -0.002791 -0.002394 -0.849436 1500 1500 1500 950 13 335632 0.000000 0.000000 0.000000 0.000000 0.000000
0013 386871 -0.002801 -0.002377 -0.849927 1500 1500 1500 950 13 385834 0.000000 0.000000 0.000000 0.000000 0.000000
0013 437286 -0.002808 -0.002374 -0.850428 1500 1500 1500 950 13 436096 0.000000 0.000000 0.000000 0.000000 0.000000
0013 487274 -0.002794 -0.002387 -0.850929 1500 1500 1500 950 13 486267 0.000000 0.000000 0.000000 0.000000 0.000000
0013 537689 -0.002767 -0.002388 -0.851374 1500 1500 1500 950 13 536468 0.000000 0.000000 0.000000 0.000000 0.000000
0013 587860 -0.002791 -0.002389 -0.851835 1500 1500 1500 950 13 586670 0.000000 0.000000 0.000000 0.000000 0.000000
0013 638122 -0.002789 -0.002388 -0.852317 1500 1500 1500 950 13 637115 0.000000 0.000000 0.000000 0.000000 0.000000
0013 688721 -0.002786 -0.002391 -0.852799 1500 1500 1500 950 13 687256 0.000000 0.000000 0.000000 0.000000 0.000000
0013 738556 -0.002782 -0.002392 -0.853276 1500 1500 1500 950 13 737549 0.000000 0.000000 0.000000 0.000000 0.000000
0013 789093 -0.002796 -0.002392 -0.853748 1500 1500 1500 950 13 787689 0.000000 0.000000 0.000000 0.000000 0.000000
0013 838928 -0.002785 -0.002390 -0.854221 1500 1500 1500 950 13 837952 0.000000 0.000000 0.000000 0.000000 0.000000
0013 889496 -0.002809 -0.002399 -0.854688 1500 1500 1500 950 13 888092 0.000000 0.000000 0.000000 0.000000 0.000000
0013 939453 -0.002785 -0.002401 -0.855168 1500 1500 1500 950 13 938171 0.000000 0.000000 0.000000 0.000000 0.000000
0013 990021 -0.002770 -0.002427 -0.855640 1500 1500 1500 950 13 988495 0.000000 0.000000 0.000000 0.000000 0.000000
0014 040710 -0.002727 -0.002428 -0.856138 1500 1500 1500 950 14 38849 0.000000 0.000000 0.000000 0.000000 0.000000
0014 090210 -0.002738 -0.002452 -0.856617 1500 1500 1500 950 14 89233 0.000000 0.000000 0.000000 0.000000 0.000000
0014 140594 -0.002762 -0.002436 -0.857095 1500 1500 1500 950 14 139618 0.000000 0.000000 0.000000 0.000000 0.000000
0014 191009 -0.002755 -0.002447 -0.857559 1500 1500 1500 950 14 189850 0.000000 0.000000 0.000000 0.000000 0.000000
0014 241211 -0.002766 -0.002420 -0.858037 1500 1500 1500 950 14 240204 0.000000 0.000000 0.000000 0.000000 0.000000
0014 291809 -0.002752 -0.002384 -0.858510 1500 1500 1500 950 14 290375 0.000000 0.000000 0.000000 0.000000 0.000000
0014 341736 -0.002758 -0.002399 -0.859003 1500 1500 1500 950 14 340729 0.000000 0.000000 0.000000 0.000000 0.000000
0014 392303 -0.002758 -0.002422 -0.859458 1500 1500 1500 950 14 391144 0.000000 0.000000 0.000000 0.000000 0.000000
0014 442413 -0.002766 -0.002443 -0.859946 1500 1500 1500 950 14 441437 0.000000 0.000000 0.000000 0.000000 0.000000
0014 492859 -0.002762 -0.002454 -0.860416 1500 1500 1500 950 14 491821 0.000000 0.000000 0.000000 0.000000 0.000000
0014 543091 -0.002765 -0.002453 -0.860912 1500 1500 1500 950 14 542084 0.000000 0.000000 0.000000 0.000000 0.000000
0014 593384 -0.002780 -0.002447 -0.861386 1500 1500 1500 950 14 592407 0.000000 0.000000 0.000000 0.000000 0.000000
0014 643646 -0.002807 -0.002433 -0.861855 1500 1500 1500 950 14 642670 0.000000 0.000000 0.000000 0.000000 0.000000
0014 693909 -0.002825 -0.002405 -0.862330 1500 1500 1500 950 14 692932 0.000000 0.000000 0.000000 0.000000 0.000000
0014 744354 -0.002847 -0.002387 -0.862800 1500 1500 1500 950 14 743195 0.000000 0.000000 0.000000 0.000000 0.000000
0014 794495 -0.002867 -0.002424 -0.863281 1500 1500 1500 950 14 793457 0.000000 0.000000 0.000000 0.000000 0.000000
0014 844726 -0.002871 -0.002455 -0.863773 1500 1500 1500 950 14 843719 0.000000 0.000000 0.000000 0.000000 0.000000
0014 895294 -0.002869 -0.002461 -0.864247 1500 1500 1500 950 14 894073 0.000000 0.000000 0.000000 0.000000 0.000000
0014 945312 -0.002888 -0.002464 -0.864725 1500 1500 1500 950 14 944305 0.000000 0.000000 0.000000 0.000000 0.000000
0014 996948 -0.002919 -0.002490 -0.865198 1500 1500 1500 950 14 995850 0.000000 0.000000 0.000000 0.000000 0.000000
0015 047394 -0.002898 -0.002471 -0.865680 1500 1500 1500 950 15 45990 0.000000 0.000000 0.000000 0.000000 0.000000
0015 097168 -0.002874 -0.002470 -0.866143 1500 1500 1500 950 15 96161 0.000000 0.000000 0.000000 0.000000 0.000000
0015 147827 -0.002886 -0.002485 -0.866649 1500 1500 1500 950 15 146851 0.000000 0.000000 0.000000 0.000000 0.000000
0015 198181 -0.002880 -0.002447 -0.867103 1500 1500 1500 950 15 197174 0.000000 0.000000 0.000000 0.000000 0.000000
0015 248566 -0.002894 -0.002426 -0.867591 1500 1500 1500 950 15 247467 0.000000 0.000000 0.000000 0.000000 0.000000
0015 298950 -0.002899 -0.002423 -0.868050 1500 1500 1500 950 15 297760 0.000000 0.000000 0.000000 0.000000 0.000000
0015 349243 -0.002918 -0.002415 -0.868517 1500 1500 1500 950 15 348114 0.000000 0.000000 0.000000 0.000000 0.000000
0015 399414 -0.002899 -0.002382 -0.868989 1500 1500 1500 950 15 398407 0.000000 0.000000 0.000000 0.000000 0.000000
0015 449890 -0.002905 -0.002405 -0.869456 1500 1500 1500 950 15 448791 0.000000 0.000000 0.000000 0.000000 0.000000
0015 500183 -0.002915 -0.002411 -0.869925 1500 1500 1500 950 15 499206 0.000000 0.000000 0.000000 0.000000 0.000000
0015 550537 -0.002931 -0.002447 -0.870400 1500 1500 1500 950 15 549530 0.000000 0.000000 0.000000 0.000000 0.000000
0015 600830 -0.002902 -0.002452 -0.870868 1500 1500 1500 950 15 599823 0.000000 0.000000 0.000000 0.000000 0.000000
0015 651123 -0.002895 -0.002455 -0.871333 1500 1500 1500 950 15 650146 0.000000 0.000000 0.000000 0.000000 0.000000
0015 701416 -0.002904 -0.002470 -0.871790 1500 1500 1500 950 15 700409 0.000000 0.000000 0.000000 0.000000 0.000000
0015 751892 -0.002893 -0.002485 -0.872252 1500 1500 1500 950 15 750702 0.000000 0.000000 0.000000 0.000000 0.000000
0015 801941 -0.002875 -0.002511 -0.872720 1500 1500 1500 950 15 800934 0.000000 0.000000 0.000000 0.000000 0.000000
0015 852325 -0.002878 -0.002519 -0.873194 1500 1500 1500 950 15 851318 0.000000 0.000000 0.000000 0.000000 0.000000
0015 902588 -0.002909 -0.002520 -0.873675 1500 1500 1500 950 15 901581 0.000000 0.000000 0.000000 0.000000 0.000000
0015 952881 -0.002888 -0.002496 -0.874157 1500 1500 1500 950 15 951874 0.000000 0.000000 0.000000 0.000000 0.000000
0016 003113 -0.002840 -0.002482 -0.874633 1500 1500 1500 950 16 2106 0.000000 0.000000 0.000000 0.000000 0.000000
0016 053375 -0.002852 -0.002448 -0.875139 1500 1500 1500 950 16 52368 0.000000 0.000000 0.000000 0.000000 0.000000
0016 103790 -0.002862 -0.002455 -0.875621 1500 1500 1500 950 16 102600 0.000000 0.000000 0.000000 0.000000 0.000000
0016 153870 -0.002851 -0.002480 -0.876121 1500 1500 1500 950 16 152862 0.000000 0.000000 0.000000 0.000000 0.000000
0016 204101 -0.002852 -0.002485 -0.876606 1500 1500 1500 950 16 203094 0.000000 0.000000 0.000000 0.000000 0.000000
0016 254364 -0.002820 -0.002472 -0.877078 1500 1500 1500 950 16 253357 0.000000 0.000000 0.000000 0.000000 0.000000
0016 304626 -0.002789 -0.002483 -0.877575 1500 1500 1500 950 16 303619 0.000000 0.000000 0.000000 0.000000 0.000000
0016 355194 -0.002783 -0.002492 -0.878036 1500 1500 1500 950 16 353973 0.000000 0.000000 0.000000 0.000000 0.000000
0016 405121 -0.002790 -0.002476 -0.878510 1500 1500 1500 950 16 404114 0.000000 0.000000 0.000000 0.000000 0.000000
0016 455597 -0.002809 -0.002504 -0.879013 1500 1500 1500 950 16 454437 0.000000 0.000000 0.000000 0.000000 0.000000
0016 505615 -0.002810 -0.002508 -0.879479 1500 1500 1500 950 16 504608 0.000000 0.000000 0.000000 0.000000 0.000000
0016 556061 -0.002798 -0.002507 -0.879977 1500 1500 1500 950 16 555054 0.000000 0.000000 0.000000 0.000000 0.000000
0016 606171 -0.002808 -0.002494 -0.880477 1500 1500 1500 950 16 605164 0.000000 0.000000 0.000000 0.000000 0.000000
0018 167023 -0.002768 -0.002504 -0.880973 1500 1500 1500 950 18 165466 0.000000 0.000000 0.000000 0.000000 0.000000
0018 216980 -0.002808 -0.002406 -0.896007 1500 1500 1500 950 18 215820 0.000000 0.000000 0.000000 0.000000 0.000000
0018 267120 -0.002799 -0.002419 -0.896492 1500 1500 1500 950 18 266083 0.000000 0.000000 0.000000 0.000000 0.000000
0018 317444 -0.002783 -0.002386 -0.896966 1500 1500 1500 950 18 316437 0.000000 0.000000 0.000000 0.000000 0.000000
0018 368133 -0.002787 -0.002359 -0.897444 1500 1500 1500 950 18 366699 0.000000 0.000000 0.000000 0.000000 0.000000
0018 418060 -0.002769 -0.002369 -0.897919 1500 1500 1500 950 18 417053 0.000000 0.000000 0.000000 0.000000 0.000000
0018 468353 -0.002802 -0.002368 -0.898375 1500 1500 1500 950 18 467346 0.000000 0.000000 0.000000 0.000000 0.000000
0018 518707 -0.002794 -0.002360 -0.898837 1500 1500 1500 950 18 517700 0.000000 0.000000 0.000000 0.000000 0.000000
0018 569000 -0.002803 -0.002348 -0.899311 1500 1500 1500 950 18 567993 0.000000 0.000000 0.000000 0.000000 0.000000
0018 619476 -0.002796 -0.002329 -0.899797 1500 1500 1500 950 18 618347 0.000000 0.000000 0.000000 0.000000 0.000000
0018 669617 -0.002803 -0.002362 -0.900268 1500 1500 1500 950 18 668610 0.000000 0.000000 0.000000 0.000000 0.000000
0018 719940 -0.002781 -0.002352 -0.900747 1500 1500 1500 950 18 718933 0.000000 0.000000 0.000000 0.000000 0.000000
0018 770142 -0.002777 -0.002348 -0.901208 1500 1500 1500 950 18 769134 0.000000 0.000000 0.000000 0.000000 0.000000
0018 820404 -0.002754 -0.002372 -0.901698 1500 1500 1500 950 18 819397 0.000000 0.000000 0.000000 0.000000 0.000000
0018 870636 -0.002772 -0.002340 -0.902189 1500 1500 1500 950 18 869598 0.000000 0.000000 0.000000 0.000000 0.000000
0018 921051 -0.002759 -0.002346 -0.902652 1500 1500 1500 950 18 919830 0.000000 0.000000 0.000000 0.000000 0.000000
0018 971191 -0.002736 -0.002361 -0.903140 1500 1500 1500 950 18 970062 0.000000 0.000000 0.000000 0.000000 0.000000
0019 021515 -0.002758 -0.002344 -0.903643 1500 1500 1500 950 19 20264 0.000000 0.000000 0.000000 0.000000 0.000000
0019 071472 -0.002768 -0.002330 -0.904122 1500 1500 1500 950 19 70465 0.000000 0.000000 0.000000 0.000000 0.000000
0019 121918 -0.002784 -0.002342 -0.904582 1500 1500 1500 950 19 120911 0.000000 0.000000 0.000000 0.000000 0.000000
0019 172058 -0.002753 -0.002365 -0.905063 1500 1500 1500 950 19 171051 0.000000 0.000000 0.000000 0.000000 0.000000
0019 222626 -0.002793 -0.002375 -0.905516 1500 1500 1500 950 19 221374 0.000000 0.000000 0.000000 0.000000 0.000000
0019 278595 -0.002789 -0.002376 -0.906524 1500 1500 1500 950 19 278107 0.000000 0.000000 0.000000 0.000000 0.000000
0019 332153 -0.002796 -0.002372 -0.906999 1500 1500 1500 950 19 331299 0.000000 0.000000 0.000000 0.000000 0.000000
0019 382629 -0.002797 -0.002363 -0.907465 1500 1500 1500 950 19 381622 0.000000 0.000000 0.000000 0.000000 0.000000
0019 433075 -0.002803 -0.002341 -0.907953 1500 1500 1500 950 19 432068 0.000000 0.000000 0.000000 0.000000 0.000000
0019 483398 -0.002813 -0.002342 -0.908414 1500 1500 1500 950 19 482361 0.000000 0.000000 0.000000 0.000000 0.000000
0019 533844 -0.002846 -0.002314 -0.908891 1500 1500 1500 950 19 532684 0.000000 0.000000 0.000000 0.000000 0.000000
0019 583954 -0.002836 -0.002305 -0.909388 1500 1500 1500 950 19 582947 0.000000 0.000000 0.000000 0.000000 0.000000
0019 634277 -0.002840 -0.002332 -0.909876 1500 1500 1500 950 19 633270 0.000000 0.000000 0.000000 0.000000 0.000000
0019 684509 -0.002853 -0.002303 -0.910351 1500 1500 1500 950 19 683502 0.000000 0.000000 0.000000 0.000000 0.000000
0019 734833 -0.002865 -0.002303 -0.910834 1500 1500 1500 950 19 733795 0.000000 0.000000 0.000000 0.000000 0.000000
0019 785034 -0.002812 -0.002322 -0.911316 1500 1500 1500 950 19 784027 0.000000 0.000000 0.000000 0.000000 0.000000
0019 835297 -0.002800 -0.002346 -0.911783 1500 1500 1500 950 19 834289 0.000000 0.000000 0.000000 0.000000 0.000000
0019 885620 -0.002776 -0.002369 -0.912251 1500 1500 1500 950 19 884521 0.000000 0.000000 0.000000 0.000000 0.000000
0019 938019 -0.002774 -0.002375 -0.912723 1500 1500 1500 950 19 935028 0.000000 0.000000 0.000000 0.000000 0.000000
0019 986420 -0.002764 -0.002374 -0.913197 1500 1500 1500 950 19 985229 0.000000 0.000000 0.000000 0.000000 0.000000
0020 036774 -0.002768 -0.002387 -0.913692 1500 1500 1500 950 20 35522 0.000000 0.000000 0.000000 0.000000 0.000000
0020 086670 -0.002771 -0.002399 -0.914160 1500 1500 1500 950 20 85663 0.000000 0.000000 0.000000 0.000000 0.000000
0020 137115 -0.002756 -0.002382 -0.914666 1500 1500 1500 950 20 136108 0.000000 0.000000 0.000000 0.000000 0.000000
0020 187286 -0.002754 -0.002366 -0.915147 1500 1500 1500 950 20 186249 0.000000 0.000000 0.000000 0.000000 0.000000
0020 237457 -0.002774 -0.002340 -0.915615 1500 1500 1500 950 20 236481 0.000000 0.000000 0.000000 0.000000 0.000000
0020 287659 -0.002769 -0.002340 -0.916080 1500 1500 1500 950 20 286591 0.000000 0.000000 0.000000 0.000000 0.000000
0020 338104 -0.002793 -0.002317 -0.916565 1500 1500 1500 950 20 336914 0.000000 0.000000 0.000000 0.000000 0.000000
0020 388458 -0.002818 -0.002326 -0.917052 1500 1500 1500 950 20 387024 0.000000 0.000000 0.000000 0.000000 0.000000
0020 438232 -0.002828 -0.002322 -0.917519 1500 1500 1500 950 20 437225 0.000000 0.000000 0.000000 0.000000 0.000000
0020 489014 -0.002835 -0.002335 -0.917978 1500 1500 1500 950 20 487610 0.000000 0.000000 0.000000 0.000000 0.000000
0020 538971 -0.002828 -0.002343 -0.918447 1500 1500 1500 950 20 537964 0.000000 0.000000 0.000000 0.000000 0.000000
0020 589416 -0.002855 -0.002363 -0.918918 1500 1500 1500 950 20 588409 0.000000 0.000000 0.000000 0.000000 0.000000
0020 639770 -0.002838 -0.002316 -0.919388 1500 1500 1500 950 20 638763 0.000000 0.000000 0.000000 0.000000 0.000000
0020 690185 -0.002841 -0.002350 -0.919883 1500 1500 1500 950 20 688904 0.000000 0.000000 0.000000 0.000000 0.000000
0020 740234 -0.002825 -0.002358 -0.920357 1500 1500 1500 950 20 739258 0.000000 0.000000 0.000000 0.000000 0.000000
0020 790588 -0.002790 -0.002385 -0.920829 1500 1500 1500 950 20 789520 0.000000 0.000000 0.000000 0.000000 0.000000
0020 840851 -0.002821 -0.002400 -0.921316 1500 1500 1500 950 20 839844 0.000000 0.000000 0.000000 0.000000 0.000000
0020 891174 -0.002785 -0.002415 -0.921766 1500 1500 1500 950 20 890015 0.000000 0.000000 0.000000 0.000000 0.000000
0020 941254 -0.002781 -0.002380 -0.922248 1500 1500 1500 950 20 940247 0.000000 0.000000 0.000000 0.000000 0.000000
0020 991547 -0.002779 -0.002391 -0.922737 1500 1500 1500 950 20 990417 0.000000 0.000000 0.000000 0.000000 0.000000
0021 041870 -0.002777 -0.002378 -0.923193 1500 1500 1500 950 21 40771 0.000000 0.000000 0.000000 0.000000 0.000000
0021 092255 -0.002779 -0.002364 -0.923673 1500 1500 1500 950 21 91156 0.000000 0.000000 0.000000 0.000000 0.000000
0021 142670 -0.002762 -0.002339 -0.924160 1500 1500 1500 950 21 141479 0.000000 0.000000 0.000000 0.000000 0.000000
0021 192963 -0.002786 -0.002338 -0.924648 1500 1500 1500 950 21 191833 0.000000 0.000000 0.000000 0.000000 0.000000
0021 243133 -0.002799 -0.002304 -0.925128 1500 1500 1500 950 21 242126 0.000000 0.000000 0.000000 0.000000 0.000000
0021 293396 -0.002789 -0.002300 -0.925587 1500 1500 1500 950 21 292267 0.000000 0.000000 0.000000 0.000000 0.000000
0021 343567 -0.002807 -0.002309 -0.926070 1500 1500 1500 950 21 342560 0.000000 0.000000 0.000000 0.000000 0.000000
0021 393860 -0.002822 -0.002316 -0.926577 1500 1500 1500 950 21 392853 0.000000 0.000000 0.000000 0.000000 0.000000
0021 444153 -0.002846 -0.002296 -0.927051 1500 1500 1500 950 21 443146 0.000000 0.000000 0.000000 0.000000 0.000000
0021 494629 -0.002839 -0.002293 -0.927520 1500 1500 1500 950 21 493469 0.000000 0.000000 0.000000 0.000000 0.000000
0021 544708 -0.002836 -0.002274 -0.928001 1500 1500 1500 950 21 543732 0.000000 0.000000 0.000000 0.000000 0.000000
0021 595062 -0.002814 -0.002279 -0.928469 1500 1500 1500 950 21 594086 0.000000 0.000000 0.000000 0.000000 0.000000
0021 645325 -0.002803 -0.002309 -0.928958 1500 1500 1500 950 21 644318 0.000000 0.000000 0.000000 0.000000 0.000000
0021 695618 -0.002774 -0.002314 -0.929430 1500 1500 1500 950 21 694611 0.000000 0.000000 0.000000 0.000000 0.000000
0021 745819 -0.002790 -0.002305 -0.929892 1500 1500 1500 950 21 744812 0.000000 0.000000 0.000000 0.000000 0.000000
0021 796081 -0.002769 -0.002335 -0.930395 1500 1500 1500 950 21 795074 0.000000 0.000000 0.000000 0.000000 0.000000
0021 846466 -0.002755 -0.002345 -0.930853 1500 1500 1500 950 21 845337 0.000000 0.000000 0.000000 0.000000 0.000000
0021 896576 -0.002761 -0.002345 -0.931316 1500 1500 1500 950 21 895569 0.000000 0.000000 0.000000 0.000000 0.000000
0021 946808 -0.002763 -0.002341 -0.931783 1500 1500 1000 950 21 945801 0.000000 0.000000 0.000000 0.000000 0.000000
0021 997284 -0.002744 -0.002332 -0.000490 1500 1500 1000 950 21 996094 0.000000 0.000000 0.000000 0.000000 0.000000
0022 047760 -0.003100 -0.001007 -0.000955 1500 1500 1000 950 22 46356 0.000000 0.000000 0.000000 0.000000 0.000000
0022 097931 -0.003820 0.002459 -0.001339 1500 1500 1000 950 22 96680 0.000000 0.000000 0.000000 0.000000 0.000000
0022 147827 -0.003995 0.004937 -0.001647 1500 1500 1000 950 22 146820 0.000000 0.000000 0.000000 0.000000 0.000000
0022 198273 -0.004275 0.006525 -0.001888 1500 1500 1000 950 22 197052 0.000000 0.000000 0.000000 0.000000 0.000000
0022 248230 -0.004402 0.007374 -0.002079 1500 1500 1000 950 22 247223 0.000000 0.000000 0.000000 0.000000 0.000000
0022 298828 -0.004423 0.008354 -0.002231 1500 1500 1000 950 22 297424 0.000000 0.000000 0.000000 0.000000 0.000000
0022 348572 -0.004857 0.008817 -0.002341 1500 1500 1000 950 22 347595 0.000000 0.000000 0.000000 0.000000 0.000000
0022 398865 -0.004880 0.008963 -0.002448 1500 1500 1000 950 22 397858 0.000000 0.000000 0.000000 0.000000 0.000000
0022 449005 -0.004871 0.008994 -0.002512 1500 1500 1000 950 22 447998 0.000000 0.000000 0.000000 0.000000 0.000000
0022 499298 -0.004584 0.009425 -0.002545 1500 1500 1000 950 22 498291 0.000000 0.000000 0.000000 0.000000 0.000000
0022 550140 -0.004520 0.009618 -0.002573 1500 1500 1000 950 22 548462 0.000000 0.000000 0.000000 0.000000 0.000000
0022 599701 -0.004611 0.009361 -0.002607 1500 1500 1000 950 22 598694 0.000000 0.000000 0.000000 0.000000 0.000000
0022 650574 -0.005035 0.009557 -0.002632 1500 1500 1000 950 22 649383 0.000000 0.000000 0.000000 0.000000 0.000000
0022 700745 -0.005167 0.009146 -0.002656 1500 1500 1000 950 22 699737 0.000000 0.000000 0.000000 0.000000 0.000000
0022 751068 -0.005196 0.009340 -0.002653 1500 1500 1000 950 22 750061 0.000000 0.000000 0.000000 0.000000 0.000000
0022 801453 -0.005353 0.009655 -0.002685 1500 1500 1000 950 22 800445 0.000000 0.000000 0.000000 0.000000 0.000000
0022 851807 -0.005044 0.009793 -0.002692 1500 1500 1000 950 22 850677 0.000000 0.000000 0.000000 0.000000 0.000000
0022 902496 -0.004936 0.009675 -0.002691 1500 1500 1000 950 22 901489 0.000000 0.000000 0.000000 0.000000 0.000000
0022 952911 -0.005173 0.009658 -0.002708 1500 1500 1000 950 22 951904 0.000000 0.000000 0.000000 0.000000 0.000000
0023 003143 -0.004731 0.009678 -0.002719 1500 1500 1000 950 23 2167 0.000000 0.000000 0.000000 0.000000 0.000000
0023 053467 -0.004936 0.009481 -0.002736 1500 1500 1000 950 23 52460 0.000000 0.000000 0.000000 0.000000 0.000000
0023 103912 -0.005024 0.009548 -0.002723 1500 1500 1000 950 23 102722 0.000000 0.000000 0.000000 0.000000 0.000000
0023 153992 -0.005044 0.009551 -0.002720 1500 1500 1000 950 23 153015 0.000000 0.000000 0.000000 0.000000 0.000000
0023 204254 -0.005044 0.009563 -0.002719 1500 1500 1000 950 23 203247 0.000000 0.000000 0.000000 0.000000 0.000000
0023 254517 -0.005060 0.009580 -0.002715 1500 1500 1000 950 23 253509 0.000000 0.000000 0.000000 0.000000 0.000000
0023 304779 -0.005035 0.009577 -0.002709 1500 1500 1000 950 23 303772 0.000000 0.000000 0.000000 0.000000 0.000000
0023 354950 -0.005043 0.009599 -0.002737 1500 1500 1000 950 23 353943 0.000000 0.000000 0.000000 0.000000 0.000000
0023 405182 -0.005033 0.009620 -0.002744 1500 1500 1000 950 23 404175 0.000000 0.000000 0.000000 0.000000 0.000000
0023 455841 -0.005012 0.009630 -0.002746 1500 1500 1000 950 23 454498 0.000000 0.000000 0.000000 0.000000 0.000000
0023 505676 -0.005036 0.009632 -0.002755 1500 1500 1000 950 23 504669 0.000000 0.000000 0.000000 0.000000 0.000000
0023 556122 -0.005017 0.009633 -0.002735 1500 1500 1000 950 23 554932 0.000000 0.000000 0.000000 0.000000 0.000000
0023 606110 -0.005014 0.009601 -0.002750 1500 1500 1000 950 23 605102 0.000000 0.000000 0.000000 0.000000 0.000000
0023 656494 -0.005004 0.009621 -0.002741 1500 1500 1000 950 23 655273 0.000000 0.000000 0.000000 0.000000 0.000000
0023 706421 -0.004968 0.009596 -0.002732 1500 1500 1000 950 23 705414 0.000000 0.000000 0.000000 0.000000 0.000000
0023 756866 -0.004984 0.009594 -0.002736 1500 1500 1000 950 23 755646 0.000000 0.000000 0.000000 0.000000 0.000000
0023 807007 -0.004989 0.009582 -0.002731 1500 1500 1000 950 23 805847 0.000000 0.000000 0.000000 0.000000 0.000000
0023 857269 -0.004994 0.009590 -0.002723 1500 1500 1000 950 23 856262 0.000000 0.000000 0.000000 0.000000 0.000000
0023 907410 -0.005009 0.009595 -0.002743 1500 1500 1000 950 23 906433 0.000000 0.000000 0.000000 0.000000 0.000000
0023 957825 -0.004999 0.009593 -0.002756 1500 1500 1000 950 23 956818 0.000000 0.000000 0.000000 0.000000 0.000000
0024 008331 -0.005027 0.009616 -0.002747 1500 1500 1000 950 24 6927 0.000000 0.000000 0.000000 0.000000 0.000000
0024 058136 -0.005028 0.009595 -0.002717 1500 1500 1000 950 24 57129 0.000000 0.000000 0.000000 0.000000 0.000000
0024 108826 -0.005011 0.009603 -0.002699 1500 1500 1000 950 24 107819 0.000000 0.000000 0.000000 0.000000 0.000000
0024 159180 -0.005016 0.009601 -0.002705 1500 1500 1000 950 24 158173 0.000000 0.000000 0.000000 0.000000 0.000000
0024 209473 -0.005006 0.009584 -0.002707 1500 1500 1000 950 24 208466 0.000000 0.000000 0.000000 0.000000 0.000000
0024 260010 -0.004990 0.009585 -0.002722 1500 1500 1000 950 24 258820 0.000000 0.000000 0.000000 0.000000 0.000000
0024 310059 -0.004986 0.009570 -0.002730 1500 1500 1000 950 24 309051 0.000000 0.000000 0.000000 0.000000 0.000000
0024 360382 -0.004957 0.009597 -0.002732 1500 1500 1000 950 24 359375 0.000000 0.000000 0.000000 0.000000 0.000000
0024 410858 -0.004944 0.009633 -0.002726 1500 1500 1000 950 24 409698 0.000000 0.000000 0.000000 0.000000 0.000000
0024 461029 -0.004915 0.009610 -0.002723 1500 1500 1000 950 24 460022 0.000000 0.000000 0.000000 0.000000 0.000000
0024 511475 -0.004922 0.009590 -0.002724 1500 1500 1000 950 24 510376 0.000000 0.000000 0.000000 0.000000 0.000000
0024 561645 -0.004889 0.009587 -0.002722 1500 1500 1000 950 24 560669 0.000000 0.000000 0.000000 0.000000 0.000000
0024 611999 -0.004885 0.009600 -0.002722 1500 1500 1000 950 24 610870 0.000000 0.000000 0.000000 0.000000 0.000000
0024 662201 -0.004876 0.009601 -0.002734 1500 1500 1000 950 24 661194 0.000000 0.000000 0.000000 0.000000 0.000000
0024 712616 -0.004849 0.009615 -0.002725 1500 1500 1000 950 24 711578 0.000000 0.000000 0.000000 0.000000 0.000000
0024 762817 -0.004834 0.009620 -0.002722 1500 1500 1000 950 24 761841 0.000000 0.000000 0.000000 0.000000 0.000000
0024 813141 -0.004846 0.009632 -0.002709 1500 1500 1000 950 24 812134 0.000000 0.000000 0.000000 0.000000 0.000000
0024 863373 -0.004788 0.009634 -0.002702 1500 1500 1000 950 24 862366 0.000000 0.000000 0.000000 0.000000 0.000000
0024 913635 -0.004788 0.009629 -0.002711 1500 1500 1000 950 24 912628 0.000000 0.000000 0.000000 0.000000 0.000000
0024 963837 -0.004781 0.009629 -0.002711 1500 1500 1000 950 24 962860 0.000000 0.000000 0.000000 0.000000 0.000000
0025 014130 -0.004753 0.009631 -0.002714 1500 1500 1000 950 25 13153 0.000000 0.000000 0.000000 0.000000 0.000000
0025 064606 -0.004741 0.009631 -0.002711 1500 1500 1000 950 25 63415 0.000000 0.000000 0.000000 0.000000 0.000000
0025 114685 -0.004750 0.009615 -0.002716 1500 1500 1000 950 25 113678 0.000000 0.000000 0.000000 0.000000 0.000000
0025 165375 -0.004724 0.009641 -0.002708 1500 1500 1000 950 25 163910 0.000000 0.000000 0.000000 0.000000 0.000000
0025 215851 -0.004716 0.009632 -0.002706 1500 1500 1000 950 25 214233 0.000000 0.000000 0.000000 0.000000 0.000000
0025 265503 -0.004723 0.009627 -0.002693 1500 1500 1000 950 25 264496 0.000000 0.000000 0.000000 0.000000 0.000000
0025 316040 -0.004684 0.009627 -0.002697 1500 1500 1000 950 25 314819 0.000000 0.000000 0.000000 0.000000 0.000000
0025 366028 -0.004699 0.009626 -0.002683 1500 1500 1000 950 25 365021 0.000000 0.000000 0.000000 0.000000 0.000000
0025 416565 -0.004703 0.009629 -0.002684 1500 1500 1000 950 25 415283 0.000000 0.000000 0.000000 0.000000 0.000000
0025 466553 -0.004703 0.009634 -0.002705 1500 1500 1000 950 25 465546 0.000000 0.000000 0.000000 0.000000 0.000000
0025 516998 -0.004699 0.009609 -0.002713 1500 1500 1000 950 25 515778 0.000000 0.000000 0.000000 0.000000 0.000000
0025 567108 -0.004699 0.009599 -0.002711 1500 1500 1000 950 25 566101 0.000000 0.000000 0.000000 0.000000 0.000000
0025 617493 -0.004712 0.009618 -0.002710 1500 1500 1000 950 25 616302 0.000000 0.000000 0.000000 0.000000 0.000000
0025 667694 -0.004689 0.009611 -0.002717 1500 1500 1000 950 25 666687 0.000000 0.000000 0.000000 0.000000 0.000000
0025 718048 -0.004689 0.009595 -0.002734 1500 1500 1000 950 25 717041 0.000000 0.000000 0.000000 0.000000 0.000000
0025 769318 -0.004682 0.009626 -0.002760 1500 1500 1000 950 25 767181 0.000000 0.000000 0.000000 0.000000 0.000000
0025 818512 -0.004680 0.009628 -0.002789 1500 1500 1000 950 25 817505 0.000000 0.000000 0.000000 0.000000 0.000000
0025 869171 -0.004666 0.009604 -0.002801 1500 1500 1000 950 25 867645 0.000000 0.000000 0.000000 0.000000 0.000000
0025 918854 -0.004650 0.009616 -0.002804 1500 1500 1000 950 25 917847 0.000000 0.000000 0.000000 0.000000 0.000000
0025 969391 -0.004645 0.009609 -0.002800 1500 1500 1000 950 25 967987 0.000000 0.000000 0.000000 0.000000 0.000000
0026 019318 -0.004630 0.009630 -0.002807 1500 1500 1000 950 26 18310 0.000000 0.000000 0.000000 0.000000 0.000000
0026 069885 -0.004580 0.009632 -0.002786 1500 1500 1000 950 26 68909 0.000000 0.000000 0.000000 0.000000 0.000000
0026 120270 -0.004589 0.009615 -0.002768 1500 1500 1000 950 26 119263 0.000000 0.000000 0.000000 0.000000 0.000000
0026 170532 -0.004568 0.009597 -0.002752 1500 1500 1000 950 26 169556 0.000000 0.000000 0.000000 0.000000 0.000000
0026 221039 -0.004536 0.009598 -0.002740 1500 1500 1000 950 26 219879 0.000000 0.000000 0.000000 0.000000 0.000000
0026 271088 -0.004550 0.009586 -0.002726 1500 1500 1000 950 26 270080 0.000000 0.000000 0.000000 0.000000 0.000000
0026 321655 -0.004547 0.009590 -0.002752 1500 1500 1000 950 26 320435 0.000000 0.000000 0.000000 0.000000 0.000000
0026 377838 -0.004535 0.009590 -0.002744 1500 1500 1000 950 26 376831 0.000000 0.000000 0.000000 0.000000 0.000000
0026 429687 -0.004518 0.009593 -0.002723 1500 1500 1000 950 26 427124 0.000000 0.000000 0.000000 0.000000 0.000000
0026 478638 -0.004523 0.009578 -0.002708 1500 1500 1000 950 26 477478 0.000000 0.000000 0.000000 0.000000 0.000000
0026 529266 -0.004544 0.009559 -0.002698 1500 1500 1000 950 26 527954 0.000000 0.000000 0.000000 0.000000 0.000000
0026 579285 -0.004509 0.009584 -0.002700 1500 1500 1000 950 26 578278 0.000000 0.000000 0.000000 0.000000 0.000000
0026 629852 -0.004528 0.009551 -0.002691 1500 1500 1000 950 26 628632 0.000000 0.000000 0.000000 0.000000 0.000000
0026 679932 -0.004493 0.009544 -0.002680 1500 1500 1000 950 26 678924 0.000000 0.000000 0.000000 0.000000 0.000000
0026 730286 -0.004505 0.009524 -0.002706 1500 1500 1000 950 26 729248 0.000000 0.000000 0.000000 0.000000 0.000000
0026 780518 -0.004525 0.009523 -0.002732 1500 1500 1000 950 26 779510 0.000000 0.000000 0.000000 0.000000 0.000000
0026 831024 -0.004517 0.009517 -0.002731 1500 1500 1000 950 26 829773 0.000000 0.000000 0.000000 0.000000 0.000000
0026 881012 -0.004475 0.009489 -0.002723 1500 1500 1000 950 26 880005 0.000000 0.000000 0.000000 0.000000 0.000000
0026 931335 -0.004469 0.009477 -0.002728 1500 1500 1000 950 26 930298 0.000000 0.000000 0.000000 0.000000 0.000000
0026 981537 -0.004462 0.009471 -0.002728 1500 1500 1000 950 26 980530 0.000000 0.000000 0.000000 0.000000 0.000000
0027 031769 -0.004453 0.009500 -0.002744 1500 1500 1000 950 27 30762 0.000000 0.000000 0.000000 0.000000 0.000000
0027 082031 -0.004471 0.009517 -0.002736 1500 1500 1000 950 27 81024 0.000000 0.000000 0.000000 0.000000 0.000000
0027 132446 -0.004524 0.009502 -0.002734 1500 1500 1000 950 27 131256 0.000000 0.000000 0.000000 0.000000 0.000000
0027 182434 -0.004562 0.009492 -0.002705 1500 1500 1000 950 27 181427 0.000000 0.000000 0.000000 0.000000 0.000000
0027 232941 -0.004548 0.009486 -0.002684 1500 1500 1000 950 27 231689 0.000000 0.000000 0.000000 0.000000 0.000000
0027 283081 -0.004554 0.009490 -0.002680 1500 1500 1000 950 27 281921 0.000000 0.000000 0.000000 0.000000 0.000000
0027 333496 -0.004529 0.009476 -0.002664 1500 1500 1000 950 27 332275 0.000000 0.000000 0.000000 0.000000 0.000000
0027 383484 -0.004525 0.009497 -0.002658 1500 1500 1000 950 27 382507 0.000000 0.000000 0.000000 0.000000 0.000000
0027 433960 -0.004540 0.009490 -0.002644 1500 1500 1000 950 27 432983 0.000000 0.000000 0.000000 0.000000 0.000000
0027 484161 -0.004555 0.009515 -0.002675 1500 1500 1000 950 27 483185 0.000000 0.000000 0.000000 0.000000 0.000000
0027 534607 -0.004556 0.009535 -0.002677 1500 1500 1000 950 27 533600 0.000000 0.000000 0.000000 0.000000 0.000000
0027 585174 -0.004552 0.009546 -0.002695 1500 1500 1000 950 27 583740 0.000000 0.000000 0.000000 0.000000 0.000000
0027 637085 -0.004556 0.009559 -0.002670 1500 1500 1000 950 27 636078 0.000000 0.000000 0.000000 0.000000 0.000000
0027 687378 -0.004567 0.009575 -0.002660 1500 1500 1500 1000 27 686371 0.000000 0.000000 0.000000 0.000000 0.000000
0027 737732 -0.004573 0.009565 -0.002672 1500 1500 1500 1000 27 736725 0.000000 0.000000 0.000000 0.000000 0.000000
0027 788055 -0.004551 0.009576 -0.002691 1500 1500 1500 1000 27 786896 0.000000 0.000000 0.000000 0.000000 0.000000
0027 838379 -0.004553 0.009578 -0.002683 1500 1500 1500 1000 27 837250 0.000000 0.000000 0.000000 0.000000 0.000000
0027 888672 -0.004582 0.009585 -0.002671 1500 1500 1500 1000 27 887604 0.000000 0.000000 0.000000 0.000000 0.000000
0027 938873 -0.004576 0.009591 -0.002681 1500 1500 1500 1000 27 937866 0.000000 0.000000 0.000000 0.000000 0.000000
0027 989166 -0.004571 0.009603 -0.002687 1500 1500 1500 1000 27 988159 0.000000 0.000000 0.000000 0.000000 0.000000
0028 039429 -0.004574 0.009601 -0.002682 1500 1500 1500 1000 28 38422 0.000000 0.000000 0.000000 0.000000 0.000000
0028 089722 -0.004579 0.009602 -0.002679 1500 1500 1500 1000 28 88745 0.000000 0.000000 0.000000 0.000000 0.000000
0028 140045 -0.004556 0.009584 -0.002670 1500 1500 1500 1000 28 139038 0.000000 0.000000 0.000000 0.000000 0.000000
0028 190338 -0.004537 0.009594 -0.002677 1500 1500 1500 1000 28 189362 0.000000 0.000000 0.000000 0.000000 0.000000
0028 240601 -0.004548 0.009618 -0.002682 1500 1500 1500 1000 28 239624 0.000000 0.000000 0.000000 0.000000 0.000000
0028 291107 -0.004534 0.009602 -0.002705 1500 1500 1500 1000 28 289917 0.000000 0.000000 0.000000 0.000000 0.000000
0028 341125 -0.004528 0.009632 -0.002706 1500 1500 1500 1000 28 340149 0.000000 0.000000 0.000000 0.000000 0.000000
0028 391388 -0.004517 0.009604 -0.002724 1500 1500 1500 1000 28 390381 0.000000 0.000000 0.000000 0.000000 0.000000
0028 441589 -0.004525 0.009580 -0.002724 1500 1500 1500 1000 28 440582 0.000000 0.000000 0.000000 0.000000 0.000000
0028 491821 -0.004531 0.009603 -0.002709 1500 1500 1500 1000 28 490845 0.000000 0.000000 0.000000 0.000000 0.000000
0028 542053 -0.004508 0.009586 -0.002705 1500 1500 1500 1000 28 541046 0.000000 0.000000 0.000000 0.000000 0.000000
0028 592499 -0.004481 0.009597 -0.002696 1500 1500 1500 1000 28 591278 0.000000 0.000000 0.000000 0.000000 0.000000
0028 642670 -0.004495 0.009591 -0.002694 1500 1500 1500 1000 28 641510 0.000000 0.000000 0.000000 0.000000 0.000000
0028 692963 -0.004457 0.009594 -0.002702 1500 1500 1500 1000 28 691955 0.000000 0.000000 0.000000 0.000000 0.000000
0028 744171 -0.004455 0.009613 -0.002706 1500 1500 1500 1000 28 742126 0.000000 0.000000 0.000000 0.000000 0.000000
0028 793610 -0.004463 0.009657 -0.002717 1500 1500 1500 1000 28 792602 0.000000 0.000000 0.000000 0.000000 0.000000
0028 843780 -0.004474 0.009675 -0.002736 1500 1500 1500 1000 28 842743 0.000000 0.000000 0.000000 0.000000 0.000000
0028 894104 -0.004473 0.009669 -0.002710 1500 1500 1500 1000 28 893097 0.000000 0.000000 0.000000 0.000000 0.000000
0028 944763 -0.004490 0.009667 -0.002704 1500 1500 1500 1000 28 943359 0.000000 0.000000 0.000000 0.000000 0.000000
0028 995178 -0.004465 0.009652 -0.002720 1500 1500 1500 1000 28 993713 0.000000 0.000000 0.000000 0.000000 0.000000
0029 045990 -0.004446 0.009652 -0.002703 1500 1500 1500 1000 29 44189 0.000000 0.000000 0.000000 0.000000 0.000000
0029 095703 -0.004443 0.009629 -0.002710 1500 1500 1500 1000 29 94543 0.000000 0.000000 0.000000 0.000000 0.000000
0029 145782 -0.004464 0.009648 -0.002730 1500 1500 1500 1000 29 144775 0.000000 0.000000 0.000000 0.000000 0.000000
0029 196136 -0.004451 0.009656 -0.002745 1500 1500 1500 1000 29 195129 0.000000 0.000000 0.000000 0.000000 0.000000
0029 246460 -0.004451 0.009632 -0.002748 1500 1500 1500 1000 29 245300 0.000000 0.000000 0.000000 0.000000 0.000000
0029 296631 -0.004428 0.009625 -0.002762 1500 1500 1500 1000 29 295624 0.000000 0.000000 0.000000 0.000000 0.000000
0029 347107 -0.004421 0.009624 -0.002760 1500 1500 1500 1000 29 345978 0.000000 0.000000 0.000000 0.000000 0.000000
0029 397339 -0.004415 0.009613 -0.002763 1500 1500 1500 1000 29 396301 0.000000 0.000000 0.000000 0.000000 0.000000
0029 447815 -0.004385 0.009629 -0.002768 1500 1500 1500 1000 29 446686 0.000000 0.000000 0.000000 0.000000 0.000000
0029 497925 -0.004387 0.009596 -0.002760 1500 1500 1500 1000 29 496948 0.000000 0.000000 0.000000 0.000000 0.000000
0029 548279 -0.004383 0.009602 -0.002791 1500 1500 1500 1000 29 547272 0.000000 0.000000 0.000000 0.000000 0.000000
0029 598480 -0.004389 0.009604 -0.002782 1500 1500 1500 1000 29 597473 0.000000 0.000000 0.000000 0.000000 0.000000
0029 648743 -0.004412 0.009609 -0.002792 1500 1500 1500 1000 29 647766 0.000000 0.000000 0.000000 0.000000 0.000000
0029 698944 -0.004408 0.009594 -0.002803 1500 1500 1500 1000 29 697967 0.000000 0.000000 0.000000 0.000000 0.000000
0029 749420 -0.004408 0.009630 -0.002802 1500 1500 1500 1000 29 748230 0.000000 0.000000 0.000000 0.000000 0.000000
0029 799560 -0.004408 0.009641 -0.002815 1500 1500 1500 1000 29 798462 0.000000 0.000000 0.000000 0.000000 0.000000
0029 849884 -0.004411 0.009651 -0.002812 1500 1500 1500 1000 29 848663 0.000000 0.000000 0.000000 0.000000 0.000000
0029 899872 -0.004393 0.009641 -0.002811 1500 1500 1500 1000 29 898895 0.000000 0.000000 0.000000 0.000000 0.000000
0029 950439 -0.004410 0.009629 -0.002805 1500 1500 1500 1000 29 949219 0.000000 0.000000 0.000000 0.000000 0.000000
0030 000488 -0.004420 0.009640 -0.002810 1500 1500 1500 1000 29 999451 0.000000 0.000000 0.000000 0.000000 0.000000
0030 050934 -0.004402 0.009632 -0.002820 1500 1500 1500 1000 30 49927 0.000000 0.000000 0.000000 0.000000 0.000000
0030 101074 -0.004411 0.009620 -0.002810 1500 1500 1500 1000 30 100067 0.000000 0.000000 0.000000 0.000000 0.000000
0030 151459 -0.004419 0.009610 -0.002786 1500 1500 1500 1000 30 150452 0.000000 0.000000 0.000000 0.000000 0.000000
0030 202026 -0.004408 0.009591 -0.002784 1500 1500 1500 1000 30 200592 0.000000 0.000000 0.000000 0.000000 0.000000
0030 252045 -0.004410 0.009589 -0.002792 1500 1500 1500 1000 30 250854 0.000000 0.000000 0.000000 0.000000 0.000000
0030 302368 -0.004462 0.009586 -0.002776 1500 1500 1500 1000 30 300934 0.000000 0.000000 0.000000 0.000000 0.000000
0030 352356 -0.004469 0.009586 -0.002788 1500 1500 1500 1000 30 351349 0.000000 0.000000 0.000000 0.000000 0.000000
0030 402710 -0.004451 0.009562 -0.002772 1500 1500 1500 1000 30 401703 0.000000 0.000000 0.000000 0.000000 0.000000
0030 453064 -0.004473 0.009546 -0.002761 1500 1500 1500 1000 30 452057 0.000000 0.000000 0.000000 0.000000 0.000000
0030 503326 -0.004471 0.009539 -0.002757 1500 1500 1500 1000 30 502350 0.000000 0.000000 0.000000 0.000000 0.000000
0030 553650 -0.004497 0.009543 -0.002750 1500 1500 1500 1000 30 552673 0.000000 0.000000 0.000000 0.000000 0.000000
0030 604126 -0.004496 0.009523 -0.002757 1500 1500 1500 1000 30 602844 0.000000 0.000000 0.000000 0.000000 0.000000
0030 654205 -0.004486 0.009515 -0.002759 1500 1500 1500 1000 30 653198 0.000000 0.000000 0.000000 0.000000 0.000000
0030 704559 -0.004492 0.009535 -0.002789 1500 1500 1500 1000 30 703400 0.000000 0.000000 0.000000 0.000000 0.000000
0030 754700 -0.004495 0.009551 -0.002773 1500 1500 1500 1000 30 753723 0.000000 0.000000 0.000000 0.000000 0.000000
0030 805023 -0.004488 0.009579 -0.002764 1500 1500 1500 1000 30 804016 0.000000 0.000000 0.000000 0.000000 0.000000
0030 855347 -0.004519 0.009579 -0.002779 1500 1500 1747 1400 30 854370 0.000000 0.000000 0.000000 0.700000 108.718963
0030 905701 -0.004534 0.009611 -0.002793 1500 1500 1747 1400 30 904541 0.001683 0.000005 0.000000 0.700169 108.747112
0030 955841 -0.004539 0.009581 -0.002802 1500 1500 1747 1400 30 954864 0.006132 0.000017 0.000000 0.700614 108.817531
0031 006287 -0.004594 0.009433 -0.002660 1500 1500 1747 1400 31 5279 0.013295 0.000037 0.000000 0.701332 108.906632
0031 056671 -0.004595 0.009987 -0.003407 1500 1500 1748 1400 31 55511 0.023122 0.000065 0.000000 0.702318 109.174662
0031 106872 -0.006136 0.008967 -0.004499 1500 1500 1748 1400 31 105865 0.035562 0.000104 0.000000 0.703566 109.536655
0031 157135 -0.007282 0.008343 -0.005967 1500 1500 1749 1400 31 156128 0.050566 0.000157 0.000000 0.705073 109.997027
0031 207428 -0.011225 0.004538 -0.011923 1500 1500 1752 1400 31 206421 0.068085 0.000236 0.000000 0.706836 111.191073
0031 257721 -0.023612 -0.014773 -0.026635 1500 1500 1758 1400 31 256714 0.088073 0.000372 0.000000 0.708852 113.778829
0031 307983 -0.042597 -0.073130 -0.045234 1500 1500 1765 1400 31 306976 0.110482 0.000611 0.000000 0.711120 117.006889
0031 358246 -0.066803 -0.159775 -0.064093 1500 1500 1773 1400 31 357239 0.135263 0.001004 0.000000 0.713638 120.313866
0031 408722 -0.100597 -0.247366 -0.089187 1500 1500 1783 1400 31 407593 0.162367 0.001610 0.000000 0.716406 124.624244
0031 458832 -0.131012 -0.307544 -0.138715 1500 1500 1801 1400 31 457825 0.191740 0.002537 0.000000 0.719426 132.753338
0031 509094 -0.160927 -0.354264 -0.223243 1500 1500 1832 1400 31 508057 0.223306 0.003974 0.000000 0.722702 146.336266
0031 559265 -0.176095 -0.377026 -0.349215 1500 1500 1878 1400 31 558258 0.256948 0.006206 0.000000 0.726237 166.371000
0031 609528 -0.173424 -0.389222 -0.520421 1500 1500 1939 1400 31 608520 0.292466 0.009614 0.000000 0.730034 193.443706
0031 659698 -0.157607 -0.387912 -0.734476 1500 1500 2016 1400 31 658691 0.329534 0.014641 0.000000 0.734083 227.184065
0031 710174 -0.137584 -0.382944 -0.984647 1500 1500 2105 1400 31 708954 0.367664 0.021723 0.000000 0.738358 266.546448
0031 760345 -0.126003 -0.357108 -1.270025 1500 1500 2207 1400 31 759186 0.406193 0.031207 0.000000 0.742807 311.382324
