0002 859289 0.013843 0.029880 -0.071765 1500 1500 1500 950 2 859166 0.000000 0.000000 0.000000 0.000000 0.000000
0002 912634 0.013959 0.029625 -0.072184 1500 1500 1500 950 2 912115 0.000000 0.000000 0.000000 0.000000 0.000000
0002 963050 0.013951 0.029511 -0.072605 1500 1500 1500 950 2 962378 0.000000 0.000000 0.000000 0.000000 0.000000
0003 013099 0.013842 0.029573 -0.073048 1500 1500 1500 950 3 12702 0.000000 0.000000 0.000000 0.000000 0.000000
0003 063423 0.013789 0.029803 -0.073478 1500 1500 1500 950 3 63026 0.000000 0.000000 0.000000 0.000000 0.000000
0003 113717 0.013781 0.029882 -0.073942 1500 1500 1500 950 3 113320 0.000000 0.000000 0.000000 0.000000 0.000000
0003 164010 0.013809 0.029765 -0.074370 1500 1500 1500 950 3 163614 0.000000 0.000000 0.000000 0.000000 0.000000
0003 214426 0.013789 0.029509 -0.074839 1500 1500 1500 950 3 214060 0.000000 0.000000 0.000000 0.000000 0.000000
0003 264720 0.013644 0.029405 -0.075289 1500 1500 1500 950 3 264323 0.000000 0.000000 0.000000 0.000000 0.000000
0003 315013 0.013435 0.029578 -0.075732 1500 1500 1500 950 3 314525 0.000000 0.000000 0.000000 0.000000 0.000000
0003 365124 0.013333 0.029835 -0.076196 1500 1500 1500 950 3 364758 0.000000 0.000000 0.000000 0.000000 0.000000
0003 415326 0.013335 0.029908 -0.076666 1500 1500 1500 950 3 414929 0.000000 0.000000 0.000000 0.000000 0.000000
0003 465497 0.013374 0.029762 -0.077144 1500 1500 1500 950 3 465131 0.000000 0.000000 0.000000 0.000000 0.000000
0003 515699 0.013379 0.029542 -0.077607 1500 1500 1500 950 3 515303 0.000000 0.000000 0.000000 0.000000 0.000000
0003 565901 0.013314 0.029500 -0.078067 1500 1500 1500 950 3 565535 0.000000 0.000000 0.000000 0.000000 0.000000
0003 616195 0.013248 0.029690 -0.078539 1500 1500 1500 950 3 615676 0.000000 0.000000 0.000000 0.000000 0.000000
0003 666580 0.013224 0.029942 -0.079009 1500 1500 1500 950 3 666000 0.000000 0.000000 0.000000 0.000000 0.000000
0003 716508 0.013348 0.029987 -0.079477 1500 1500 1500 950 3 716141 0.000000 0.000000 0.000000 0.000000 0.000000
0003 766862 0.013524 0.029771 -0.079966 1500 1500 1500 950 3 766466 0.000000 0.000000 0.000000 0.000000 0.000000
0003 817003 0.013646 0.029543 -0.080414 1500 1500 1500 950 3 816637 0.000000 0.000000 0.000000 0.000000 0.000000
0003 867327 0.013669 0.029524 -0.080877 1500 1500 1500 950 3 866931 0.000000 0.000000 0.000000 0.000000 0.000000
0003 917621 0.013648 0.029730 -0.081364 1500 1500 1500 950 3 917224 0.000000 0.000000 0.000000 0.000000 0.000000
0003 967884 0.013699 0.029950 -0.081804 1500 1500 1500 950 3 967487 0.000000 0.000000 0.000000 0.000000 0.000000
0004 018422 0.013860 0.029974 -0.082259 1500 1500 1500 950 4 17934 0.000000 0.000000 0.000000 0.000000 0.000000
0004 068502 0.014013 0.029734 -0.082726 1500 1500 1500 950 4 68136 0.000000 0.000000 0.000000 0.000000 0.000000
0004 118826 0.014013 0.029482 -0.083192 1500 1500 1500 950 4 118429 0.000000 0.000000 0.000000 0.000000 0.000000
0004 168997 0.013907 0.029469 -0.083682 1500 1500 1500 950 4 168601 0.000000 0.000000 0.000000 0.000000 0.000000
0004 219200 0.013809 0.029647 -0.084151 1500 1500 1500 950 4 218803 0.000000 0.000000 0.000000 0.000000 0.000000
0004 269310 0.013741 0.029824 -0.084652 1500 1500 1500 950 4 268913 0.000000 0.000000 0.000000 0.000000 0.000000
0004 319451 0.013759 0.029805 -0.085130 1500 1500 1500 950 4 319054 0.000000 0.000000 0.000000 0.000000 0.000000
0004 369653 0.013737 0.029569 -0.085626 1500 1500 1500 950 4 369165 0.000000 0.000000 0.000000 0.000000 0.000000
0004 419733 0.013633 0.029393 -0.086116 1500 1500 1500 950 4 419336 0.000000 0.000000 0.000000 0.000000 0.000000
0004 469905 0.013478 0.029398 -0.086611 1500 1500 1500 950 4 469508 0.000000 0.000000 0.000000 0.000000 0.000000
0004 520137 0.013342 0.029629 -0.087099 1500 1500 1500 950 4 519740 0.000000 0.000000 0.000000 0.000000 0.000000
0004 570217 0.013317 0.029826 -0.087601 1500 1500 1500 950 4 569820 0.000000 0.000000 0.000000 0.000000 0.000000
0004 620450 0.013355 0.029809 -0.088067 1500 1500 1500 950 4 620053 0.000000 0.000000 0.000000 0.000000 0.000000
0004 670560 0.013396 0.029614 -0.088540 1500 1500 1500 950 4 670194 0.000000 0.000000 0.000000 0.000000 0.000000
0004 720732 0.013373 0.029415 -0.089039 1500 1500 1500 950 4 720366 0.000000 0.000000 0.000000 0.000000 0.000000
0004 770964 0.013286 0.029511 -0.089511 1500 1500 1500 950 4 770568 0.000000 0.000000 0.000000 0.000000 0.000000
0004 821258 0.013281 0.029781 -0.089991 1500 1500 1500 950 4 820709 0.000000 0.000000 0.000000 0.000000 0.000000
0004 871521 0.013381 0.029958 -0.090464 1500 1500 1500 950 4 871155 0.000000 0.000000 0.000000 0.000000 0.000000
0004 921754 0.013573 0.029894 -0.090943 1500 1500 1500 950 4 921357 0.000000 0.000000 0.000000 0.000000 0.000000
0004 972017 0.013743 0.029689 -0.091428 1500 1500 1500 950 4 971620 0.000000 0.000000 0.000000 0.000000 0.000000
0005 022127 0.013744 0.029535 -0.091920 1500 1500 1500 950 5 21730 0.000000 0.000000 0.000000 0.000000 0.000000
0005 072695 0.013660 0.029620 -0.092411 1500 1500 1500 950 5 71963 0.000000 0.000000 0.000000 0.000000 0.000000
0005 122623 0.013672 0.029855 -0.092896 1500 1500 1500 950 5 122257 0.000000 0.000000 0.000000 0.000000 0.000000
0005 172916 0.013751 0.030013 -0.093396 1500 1500 1500 950 5 172520 0.000000 0.000000 0.000000 0.000000 0.000000
0005 223118 0.013841 0.029887 -0.093875 1500 1500 1500 950 5 222722 0.000000 0.000000 0.000000 0.000000 0.000000
0005 273443 0.013834 0.029638 -0.094326 1500 1500 1500 950 5 273046 0.000000 0.000000 0.000000 0.000000 0.000000
0005 323614 0.013694 0.029484 -0.094846 1500 1500 1500 950 5 323217 0.000000 0.000000 0.000000 0.000000 0.000000
0005 373908 0.013555 0.029593 -0.095339 1500 1500 1500 950 5 373511 0.000000 0.000000 0.000000 0.000000 0.000000
0005 424079 0.013453 0.029826 -0.095849 1500 1500 1500 950 5 423682 0.000000 0.000000 0.000000 0.000000 0.000000
0005 474281 0.013461 0.029902 -0.096363 1500 1500 1500 950 5 473885 0.000000 0.000000 0.000000 0.000000 0.000000
0005 524422 0.013502 0.029740 -0.096874 1500 1500 1500 950 5 524026 0.000000 0.000000 0.000000 0.000000 0.000000
0005 574655 0.013432 0.029494 -0.097379 1500 1500 1500 950 5 574258 0.000000 0.000000 0.000000 0.000000 0.000000
0005 624826 0.013299 0.029404 -0.097890 1500 1500 1500 950 5 624430 0.000000 0.000000 0.000000 0.000000 0.000000
0005 675089 0.013168 0.029556 -0.098372 1500 1500 1500 950 5 674693 0.000000 0.000000 0.000000 0.000000 0.000000
0005 725169 0.013126 0.029811 -0.098878 1500 1500 1500 950 5 724803 0.000000 0.000000 0.000000 0.000000 0.000000
0005 775341 0.013188 0.029894 -0.099385 1500 1500 1500 950 5 774944 0.000000 0.000000 0.000000 0.000000 0.000000
0005 825421 0.013258 0.029713 -0.099873 1500 1500 1500 950 5 825024 0.000000 0.000000 0.000000 0.000000 0.000000
0005 875684 0.013307 0.029489 -0.100390 1500 1500 1500 950 5 875165 0.000000 0.000000 0.000000 0.000000 0.000000
0005 925825 0.013278 0.029439 -0.100848 1500 1500 1500 950 5 925459 0.000000 0.000000 0.000000 0.000000 0.000000
0005 976119 0.013252 0.029601 -0.101353 1500 1500 1500 950 5 975752 0.000000 0.000000 0.000000 0.000000 0.000000
0006 026199 0.013335 0.029843 -0.101844 1500 1500 1500 950 6 25802 0.000000 0.000000 0.000000 0.000000 0.000000
0006 076523 0.013546 0.029914 -0.102302 1500 1500 1500 950 6 76126 0.000000 0.000000 0.000000 0.000000 0.000000
0006 126877 0.013681 0.029745 -0.102778 1500 1500 1500 950 6 126481 0.000000 0.000000 0.000000 0.000000 0.000000
0006 176957 0.013748 0.029540 -0.103245 1500 1500 1500 950 6 176561 0.000000 0.000000 0.000000 0.000000 0.000000
0006 227587 0.013700 0.029496 -0.103732 1500 1500 1500 950 6 226854 0.000000 0.000000 0.000000 0.000000 0.000000
0006 277514 0.013631 0.029690 -0.104215 1500 1500 1500 950 6 277148 0.000000 0.000000 0.000000 0.000000 0.000000
0006 327838 0.013665 0.029906 -0.104704 1500 1500 1500 950 6 327441 0.000000 0.000000 0.000000 0.000000 0.000000
0006 378132 0.013795 0.029891 -0.105169 1500 1500 1500 950 6 377735 0.000000 0.000000 0.000000 0.000000 0.000000
0006 428303 0.013831 0.029697 -0.105640 1500 1500 1500 950 6 427907 0.000000 0.000000 0.000000 0.000000 0.000000
0006 478536 0.013761 0.029489 -0.106125 1500 1500 1500 950 6 478139 0.000000 0.000000 0.000000 0.000000 0.000000
0006 528860 0.013592 0.029501 -0.106615 1500 1500 1500 950 6 528433 0.000000 0.000000 0.000000 0.000000 0.000000
0006 579032 0.013467 0.029656 -0.107091 1500 1500 1500 950 6 578635 0.000000 0.000000 0.000000 0.000000 0.000000
0006 629325 0.013465 0.029814 -0.107586 1500 1500 1500 950 6 628959 0.000000 0.000000 0.000000 0.000000 0.000000
0006 679588 0.013469 0.029777 -0.108079 1500 1500 1500 950 6 679192 0.000000 0.000000 0.000000 0.000000 0.000000
0006 729821 0.013422 0.029578 -0.108557 1500 1500 1500 950 6 729424 0.000000 0.000000 0.000000 0.000000 0.000000
0006 779931 0.013333 0.029386 -0.109070 1500 1500 1500 950 6 779535 0.000000 0.000000 0.000000 0.000000 0.000000
0006 830133 0.013173 0.029438 -0.109555 1500 1500 1500 950 6 829767 0.000000 0.000000 0.000000 0.000000 0.000000
0006 880244 0.013117 0.029655 -0.110075 1500 1500 1500 950 6 879878 0.000000 0.000000 0.000000 0.000000 0.000000
0006 930537 0.013168 0.029835 -0.110584 1500 1500 1500 950 6 930141 0.000000 0.000000 0.000000 0.000000 0.000000
0006 980648 0.013301 0.029774 -0.111071 1500 1500 1500 950 6 980251 0.000000 0.000000 0.000000 0.000000 0.000000
0007 030819 0.013372 0.029553 -0.111549 1500 1500 1500 950 7 30423 0.000000 0.000000 0.000000 0.000000 0.000000
0007 080869 0.013396 0.029410 -0.112026 1500 1500 1500 950 7 80503 0.000000 0.000000 0.000000 0.000000 0.000000
0007 131102 0.013383 0.029532 -0.112507 1500 1500 1500 950 7 130705 0.000000 0.000000 0.000000 0.000000 0.000000
0007 181426 0.013417 0.029818 -0.113008 1500 1500 1500 950 7 181029 0.000000 0.000000 0.000000 0.000000 0.000000
0007 231597 0.013575 0.029968 -0.113481 1500 1500 1500 950 7 231200 0.000000 0.000000 0.000000 0.000000 0.000000
0007 282074 0.013747 0.029888 -0.113953 1500 1500 1500 950 7 281464 0.000000 0.000000 0.000000 0.000000 0.000000
0007 332184 0.013816 0.029673 -0.114431 1500 1500 1500 950 7 331788 0.000000 0.000000 0.000000 0.000000 0.000000
0007 382447 0.013791 0.029559 -0.114912 1500 1500 1500 950 7 382051 0.000000 0.000000 0.000000 0.000000 0.000000
0007 432558 0.013673 0.029654 -0.115413 1500 1500 1500 950 7 432161 0.000000 0.000000 0.000000 0.000000 0.000000
0007 482821 0.013638 0.029843 -0.115927 1500 1500 1500 950 7 482424 0.000000 0.000000 0.000000 0.000000 0.000000
0007 533115 0.013695 0.029946 -0.116435 1500 1500 1500 950 7 532718 0.000000 0.000000 0.000000 0.000000 0.000000
0007 583378 0.013687 0.029812 -0.116901 1500 1500 1500 950 7 582981 0.000000 0.000000 0.000000 0.000000 0.000000
0007 634038 0.013624 0.029589 -0.117371 1500 1500 1500 950 7 633244 0.000000 0.000000 0.000000 0.000000 0.000000
0007 683904 0.013460 0.029481 -0.117873 1500 1500 1500 950 7 683507 0.000000 0.000000 0.000000 0.000000 0.000000
0007 734075 0.013305 0.029590 -0.118409 1500 1500 1500 950 7 733709 0.000000 0.000000 0.000000 0.000000 0.000000
0007 784339 0.013233 0.029817 -0.118909 1500 1500 1500 950 7 783942 0.000000 0.000000 0.000000 0.000000 0.000000
0007 834480 0.013229 0.029902 -0.119383 1500 1500 1500 950 7 834083 0.000000 0.000000 0.000000 0.000000 0.000000
0007 884743 0.013216 0.029761 -0.119848 1500 1500 1500 950 7 884346 0.000000 0.000000 0.000000 0.000000 0.000000
0007 934884 0.013128 0.029509 -0.120330 1500 1500 1500 950 7 934487 0.000000 0.000000 0.000000 0.000000 0.000000
0007 985055 0.012997 0.029433 -0.120800 1500 1500 1500 950 7 984689 0.000000 0.000000 0.000000 0.000000 0.000000
0008 035196 0.012921 0.029608 -0.121271 1500 1500 1500 950 8 34799 0.000000 0.000000 0.000000 0.000000 0.000000
0008 085459 0.012986 0.029818 -0.121760 1500 1500 1500 950 8 85093 0.000000 0.000000 0.000000 0.000000 0.000000
0008 136211 0.013116 0.029864 -0.122258 1500 1500 1500 950 8 135478 0.000000 0.000000 0.000000 0.000000 0.000000
0008 186169 0.013210 0.029715 -0.122726 1500 1500 1500 950 8 185772 0.000000 0.000000 0.000000 0.000000 0.000000
0008 236462 0.013230 0.029509 -0.123188 1500 1500 1500 950 8 236065 0.000000 0.000000 0.000000 0.000000 0.000000
0008 286542 0.013223 0.029499 -0.123667 1500 1500 1500 950 8 286176 0.000000 0.000000 0.000000 0.000000 0.000000
0008 336958 0.013248 0.029704 -0.124149 1500 1500 1500 950 8 336317 0.000000 0.000000 0.000000 0.000000 0.000000
0008 386824 0.013362 0.029918 -0.124628 1500 1500 1500 950 8 386427 0.000000 0.000000 0.000000 0.000000 0.000000
0008 437362 0.013520 0.029945 -0.125095 1500 1500 1500 950 8 436965 0.000000 0.000000 0.000000 0.000000 0.000000
0008 487564 0.013631 0.029740 -0.125543 1500 1500 1500 950 8 487198 0.000000 0.000000 0.000000 0.000000 0.000000
0008 537827 0.013604 0.029532 -0.126005 1500 1500 1500 950 8 537430 0.000000 0.000000 0.000000 0.000000 0.000000
0008 588090 0.013531 0.029543 -0.126466 1500 1500 1500 950 8 587693 0.000000 0.000000 0.000000 0.000000 0.000000
0008 638323 0.013446 0.029771 -0.126928 1500 1500 1500 950 8 637956 0.000000 0.000000 0.000000 0.000000 0.000000
0008 688586 0.013479 0.029959 -0.127397 1500 1500 1500 950 8 688220 0.000000 0.000000 0.000000 0.000000 0.000000
0008 738940 0.013505 0.029945 -0.127857 1500 1500 1500 950 8 738483 0.000000 0.000000 0.000000 0.000000 0.000000
0008 789142 0.013470 0.029731 -0.128317 1500 1500 1500 950 8 788746 0.000000 0.000000 0.000000 0.000000 0.000000
0008 839467 0.013328 0.029512 -0.128785 1500 1500 1500 950 8 839070 0.000000 0.000000 0.000000 0.000000 0.000000
0008 889669 0.013175 0.029565 -0.129270 1500 1500 1500 950 8 889272 0.000000 0.000000 0.000000 0.000000 0.000000
0008 940054 0.013093 0.029809 -0.129760 1500 1500 1000 950 8 939504 0.000000 0.000000 0.000000 0.000000 0.000000
0008 990042 0.013102 0.030031 -0.000454 1500 1500 1000 950 8 989645 0.000000 0.000000 0.000000 0.000000 0.000000
0009 040305 0.013384 0.029933 -0.000897 1500 1500 1000 950 9 39878 0.000000 0.000000 0.000000 0.000000 0.000000
0009 090385 0.014056 0.029355 -0.001234 1500 1500 1000 950 9 89989 0.000000 0.000000 0.000000 0.000000 0.000000
0009 140587 0.014281 0.028975 -0.001511 1500 1500 1000 950 9 140191 0.000000 0.000000 0.000000 0.000000 0.000000
0009 190667 0.014845 0.028924 -0.001713 1500 1500 1000 950 9 190271 0.000000 0.000000 0.000000 0.000000 0.000000
0009 240808 0.015037 0.029150 -0.001877 1500 1500 1000 950 9 240412 0.000000 0.000000 0.000000 0.000000 0.000000
0009 290919 0.015327 0.030107 -0.002013 1500 1500 1000 950 9 290522 0.000000 0.000000 0.000000 0.000000 0.000000
0009 341243 0.015434 0.029784 -0.002123 1500 1500 1000 950 9 340877 0.000000 0.000000 0.000000 0.000000 0.000000
0009 391598 0.015677 0.029319 -0.002204 1500 1500 1000 950 9 391201 0.000000 0.000000 0.000000 0.000000 0.000000
0009 441830 0.015554 0.028428 -0.002276 1500 1500 1000 950 9 441433 0.000000 0.000000 0.000000 0.000000 0.000000
0009 492124 0.015144 0.028407 -0.002355 1500 1500 1000 950 9 491727 0.000000 0.000000 0.000000 0.000000 0.000000
0009 542448 0.014557 0.028578 -0.002396 1500 1500 1000 950 9 542051 0.000000 0.000000 0.000000 0.000000 0.000000
0009 592741 0.014532 0.029093 -0.002430 1500 1500 1000 950 9 592375 0.000000 0.000000 0.000000 0.000000 0.000000
0009 643127 0.014913 0.028749 -0.002429 1500 1500 1000 950 9 642638 0.000000 0.000000 0.000000 0.000000 0.000000
0009 693115 0.014738 0.028337 -0.002454 1500 1500 1000 950 9 692718 0.000000 0.000000 0.000000 0.000000 0.000000
0009 743378 0.014301 0.028233 -0.002465 1500 1500 1000 950 9 742981 0.000000 0.000000 0.000000 0.000000 0.000000
0009 793611 0.014088 0.028544 -0.002463 1500 1500 1000 950 9 793214 0.000000 0.000000 0.000000 0.000000 0.000000
0009 843813 0.013735 0.028918 -0.002463 1500 1500 1000 950 9 843447 0.000000 0.000000 0.000000 0.000000 0.000000
0009 894015 0.013657 0.029230 -0.002468 1500 1500 1000 950 9 893618 0.000000 0.000000 0.000000 0.000000 0.000000
0009 944308 0.013782 0.029364 -0.002477 1500 1500 1000 950 9 943912 0.000000 0.000000 0.000000 0.000000 0.000000
0009 994694 0.014013 0.029302 -0.002474 1500 1500 1000 950 9 994205 0.000000 0.000000 0.000000 0.000000 0.000000
0010 044743 0.014350 0.028621 -0.002465 1500 1500 1000 950 10 44346 0.000000 0.000000 0.000000 0.000000 0.000000
0010 095006 0.014231 0.028739 -0.002476 1500 1500 1000 950 10 94609 0.000000 0.000000 0.000000 0.000000 0.000000
0010 145117 0.014223 0.029018 -0.002476 1500 1500 1000 950 10 144720 0.000000 0.000000 0.000000 0.000000 0.000000
0010 195319 0.014335 0.029100 -0.002495 1500 1500 1000 950 10 194922 0.000000 0.000000 0.000000 0.000000 0.000000
0010 245765 0.014451 0.029006 -0.002462 1500 1500 1000 950 10 245185 0.000000 0.000000 0.000000 0.000000 0.000000
0010 295753 0.014470 0.028849 -0.002459 1500 1500 1000 950 10 295357 0.000000 0.000000 0.000000 0.000000 0.000000
0010 345925 0.014447 0.028866 -0.002459 1500 1500 1000 950 10 345528 0.000000 0.000000 0.000000 0.000000 0.000000
0010 396066 0.014549 0.029127 -0.002453 1500 1500 1000 950 10 395669 0.000000 0.000000 0.000000 0.000000 0.000000
0010 446390 0.014711 0.029378 -0.002437 1500 1500 1000 950 10 445993 0.000000 0.000000 0.000000 0.000000 0.000000
0010 496592 0.014912 0.029460 -0.002408 1500 1500 1000 950 10 496195 0.000000 0.000000 0.000000 0.000000 0.000000
0010 546733 0.015029 0.029374 -0.002390 1500 1500 1000 950 10 546336 0.000000 0.000000 0.000000 0.000000 0.000000
0010 596935 0.015060 0.029237 -0.002369 1500 1500 1000 950 10 596538 0.000000 0.000000 0.000000 0.000000 0.000000
0010 647442 0.015055 0.029287 -0.002323 1500 1500 1000 950 10 646801 0.000000 0.000000 0.000000 0.000000 0.000000
0010 697461 0.015130 0.029559 -0.002308 1500 1500 1000 950 10 697095 0.000000 0.000000 0.000000 0.000000 0.000000
0010 747694 0.015239 0.029824 -0.002288 1500 1500 1000 950 10 747297 0.000000 0.000000 0.000000 0.000000 0.000000
0010 797987 0.015374 0.029881 -0.002260 1500 1500 1000 950 10 797591 0.000000 0.000000 0.000000 0.000000 0.000000
0010 848281 0.015378 0.029736 -0.002219 1500 1500 1000 950 10 847915 0.000000 0.000000 0.000000 0.000000 0.000000
0010 898575 0.015321 0.029598 -0.002187 1500 1500 1000 950 10 898178 0.000000 0.000000 0.000000 0.000000 0.000000
0010 948777 0.015207 0.029660 -0.002155 1500 1500 1000 950 10 948380 0.000000 0.000000 0.000000 0.000000 0.000000
0010 998979 0.015132 0.029919 -0.002099 1500 1500 1500 1000 10 998612 0.000000 0.000000 0.000000 0.000000 0.000000
0011 049364 0.015164 0.030145 -0.002078 1500 1500 1500 1000 11 48876 0.000000 0.000000 0.000000 0.000000 0.000000
0011 099444 0.015181 0.030128 -0.002079 1500 1500 1500 1000 11 99047 0.000000 0.000000 0.000000 0.000000 0.000000
0011 149676 0.015129 0.029909 -0.002014 1500 1500 1500 1000 11 149280 0.000000 0.000000 0.000000 0.000000 0.000000
0011 199970 0.015016 0.029780 -0.001997 1500 1500 1500 1000 11 199573 0.000000 0.000000 0.000000 0.000000 0.000000
0011 250203 0.014919 0.029872 -0.001947 1500 1500 1500 1000 11 249806 0.000000 0.000000 0.000000 0.000000 0.000000
0011 300313 0.014934 0.030113 -0.001923 1500 1500 1500 1000 11 299916 0.000000 0.000000 0.000000 0.000000 0.000000
0011 350515 0.015035 0.030295 -0.001906 1500 1500 1500 1000 11 350118 0.000000 0.000000 0.000000 0.000000 0.000000
0011 400626 0.015151 0.030254 -0.001840 1500 1500 1500 1000 11 400198 0.000000 0.000000 0.000000 0.000000 0.000000
0011 450767 0.015187 0.030085 -0.001779 1500 1500 1500 1000 11 450400 0.000000 0.000000 0.000000 0.000000 0.000000
0011 500908 0.015200 0.029993 -0.001750 1500 1500 1500 1000 11 500511 0.000000 0.000000 0.000000 0.000000 0.000000
0011 551262 0.015251 0.030139 -0.001696 1500 1500 1500 1000 11 550713 0.000000 0.000000 0.000000 0.000000 0.000000
0011 601159 0.015387 0.030436 -0.001642 1500 1500 1500 1000 11 600762 0.000000 0.000000 0.000000 0.000000 0.000000
0011 651575 0.015572 0.030620 -0.001597 1500 1500 1500 1000 11 651178 0.000000 0.000000 0.000000 0.000000 0.000000
0011 701899 0.015729 0.030584 -0.001542 1500 1500 1500 1000 11 701502 0.000000 0.000000 0.000000 0.000000 0.000000
0011 752162 0.015801 0.030411 -0.001479 1500 1500 1500 1000 11 751796 0.000000 0.000000 0.000000 0.000000 0.000000
0011 802486 0.015785 0.030345 -0.001414 1500 1500 1500 1000 11 802059 0.000000 0.000000 0.000000 0.000000 0.000000
0011 852658 0.015778 0.030495 -0.001348 1500 1500 1500 1000 11 852291 0.000000 0.000000 0.000000 0.000000 0.000000
0011 903073 0.015865 0.030800 -0.001295 1500 1500 1500 1000 11 902555 0.000000 0.000000 0.000000 0.000000 0.000000
0011 957731 0.016016 0.030859 -0.001158 1500 1500 1500 1000 11 957517 0.000000 0.000000 0.000000 0.000000 0.000000
0012 011168 0.015905 0.030662 -0.001071 1500 1500 1500 1000 12 10649 0.000000 0.000000 0.000000 0.000000 0.000000
0012 061248 0.015760 0.030602 -0.001017 1500 1500 1500 1000 12 60851 0.000000 0.000000 0.000000 0.000000 0.000000
0012 111481 0.015683 0.030747 -0.000946 1500 1500 1500 1000 12 111084 0.000000 0.000000 0.000000 0.000000 0.000000
0012 161866 0.015691 0.030981 -0.000897 1500 1500 1500 1000 12 161377 0.000000 0.000000 0.000000 0.000000 0.000000
0012 212037 0.015728 0.031081 -0.000810 1500 1500 1500 1000 12 211640 0.000000 0.000000 0.000000 0.000000 0.000000
0012 262331 0.015705 0.030917 -0.000717 1500 1500 1500 1000 12 261934 0.000000 0.000000 0.000000 0.000000 0.000000
0012 312533 0.015575 0.030696 -0.000652 1500 1500 1500 1000 12 312136 0.000000 0.000000 0.000000 0.000000 0.000000
0012 362704 0.015491 0.030627 -0.000579 1500 1500 1500 1000 12 362308 0.000000 0.000000 0.000000 0.000000 0.000000
0012 412876 0.015453 0.030794 -0.000480 1500 1500 1500 1000 12 412479 0.000000 0.000000 0.000000 0.000000 0.000000
0012 463139 0.015526 0.031034 -0.000381 1500 1500 1500 1000 12 462742 0.000000 0.000000 0.000000 0.000000 0.000000
0012 513341 0.015687 0.031106 -0.000294 1500 1500 1500 1000 12 512944 0.000000 0.000000 0.000000 0.000000 0.000000
0012 563513 0.015780 0.030935 -0.000164 1500 1500 1500 1000 12 563116 0.000000 0.000000 0.000000 0.000000 0.000000
0012 613715 0.015776 0.030735 -0.000042 1500 1500 1500 1000 12 613318 0.000000 0.000000 0.000000 0.000000 0.000000
0012 663917 0.015810 0.030745 0.000061 1500 1500 1500 1000 12 663520 0.000000 0.000000 0.000000 0.000000 0.000000
0012 714119 0.015882 0.030937 0.000198 1500 1500 1500 1000 12 713722 0.000000 0.000000 0.000000 0.000000 0.000000
0012 764473 0.016073 0.031152 0.000303 1500 1500 1500 1000 12 764077 0.000000 0.000000 0.000000 0.000000 0.000000
0012 814859 0.016213 0.031234 0.000419 1500 1500 1500 1000 12 814401 0.000000 0.000000 0.000000 0.000000 0.000000
0012 865122 0.016290 0.031082 0.000538 1500 1500 1500 1000 12 864725 0.000000 0.000000 0.000000 0.000000 0.000000
0012 915598 0.016250 0.030925 0.000658 1500 1500 1500 1000 12 915232 0.000000 0.000000 0.000000 0.000000 0.000000
0012 965892 0.016208 0.030975 0.000792 1500 1500 1500 1000 12 965495 0.000000 0.000000 0.000000 0.000000 0.000000
0013 016063 0.016239 0.031213 0.000918 1500 1500 1500 1000 13 15667 0.000000 0.000000 0.000000 0.000000 0.000000
0013 066296 0.016270 0.031434 0.001026 1500 1500 1500 1000 13 65930 0.000000 0.000000 0.000000 0.000000 0.000000
0013 116468 0.016284 0.031402 0.001159 1500 1500 1500 1000 13 116071 0.000000 0.000000 0.000000 0.000000 0.000000
0013 166822 0.016223 0.031206 0.001285 1500 1500 1500 1000 13 166334 0.000000 0.000000 0.000000 0.000000 0.000000
0013 216963 0.016087 0.031041 0.001427 1500 1500 1500 1000 13 216567 0.000000 0.000000 0.000000 0.000000 0.000000
0013 267165 0.015964 0.031099 0.001561 1500 1500 1500 1000 13 266769 0.000000 0.000000 0.000000 0.000000 0.000000
0013 317398 0.015948 0.031300 0.001670 1500 1500 1500 1000 13 317001 0.000000 0.000000 0.000000 0.000000 0.000000
0013 367569 0.015975 0.031495 0.001818 1500 1500 1500 1000 13 367203 0.000000 0.000000 0.000000 0.000000 0.000000
0013 417710 0.016003 0.031451 0.001932 1500 1500 1500 1000 13 417314 0.000000 0.000000 0.000000 0.000000 0.000000
0013 467851 0.015950 0.031232 0.002083 1500 1500 1500 1000 13 467455 0.000000 0.000000 0.000000 0.000000 0.000000
0013 518176 0.015873 0.031081 0.002246 1500 1500 1500 1000 13 517657 0.000000 0.000000 0.000000 0.000000 0.000000
0013 568194 0.015872 0.031151 0.002390 1500 1500 1500 1000 13 567798 0.000000 0.000000 0.000000 0.000000 0.000000
0013 618488 0.015960 0.031394 0.002579 1500 1500 1500 1000 13 617969 0.000000 0.000000 0.000000 0.000000 0.000000
0013 668690 0.016092 0.031528 0.002762 1500 1500 1500 1000 13 668293 0.000000 0.000000 0.000000 0.000000 0.000000
0013 718862 0.016191 0.031483 0.002904 1500 1500 1500 1000 13 718465 0.000000 0.000000 0.000000 0.000000 0.000000
0013 768972 0.016253 0.031313 0.003093 1500 1500 1496 1400 13 768575 0.000000 0.000000 0.000000 0.000000 -1.395407
0013 819205 0.016263 0.031245 0.003284 1500 1500 1497 1400 13 818808 0.002383 0.000008 0.000000 0.000000 -1.287761
0013 869651 0.016270 0.031381 0.003442 1500 1500 1497 1400 13 869132 0.008658 0.000029 0.000000 0.000000 -1.201824
0013 919639 0.016803 0.031308 0.003658 1500 1500 1497 1400 13 919243 0.018723 0.000063 0.000000 0.000000 -1.171269
0013 970147 0.017794 0.033420 0.003600 1500 1500 1497 1400 13 969750 0.032475 0.000111 0.000000 0.000000 -1.035785
0014 020440 0.018996 0.034514 0.002057 1500 1500 1499 1400 14 20043 0.049817 0.000169 0.000000 0.000000 -0.261059
0014 070612 0.019644 0.036051 -0.001353 1500 1500 1502 1400 14 70215 0.070651 0.000224 0.000000 0.000000 1.239746
0014 120875 0.017290 0.035375 -0.006341 1500 1500 1507 1400 14 120478 0.094885 0.000261 0.000000 0.000000 3.248307
0014 171352 0.010263 0.027591 -0.011121 1500 1500 1511 1400 14 170772 0.122428 0.000261 0.000000 0.000000 4.910603
0014 221676 0.005177 0.017852 -0.013797 1500 1500 1512 1400 14 221004 0.153191 0.000210 0.000000 0.000000 5.447899
0014 271664 0.007644 0.018142 -0.016052 1500 1500 1513 1400 14 271267 0.187087 0.000101 0.000000 0.000000 5.795081
0014 321836 0.013214 0.024357 -0.017726 1500 1500 1513 1400 14 321469 0.224034 -0.000073 0.000000 0.000000 5.906587
0014 372099 0.013757 0.025809 -0.018565 1500 1500 1512 1400 14 371702 0.263949 -0.000315 0.000000 0.000000 5.697229
0014 422270 0.009197 0.020851 -0.018936 1500 1500 1512 1400 14 421904 0.306753 -0.000624 0.000000 0.000000 5.371054
0014 472350 0.004832 0.016142 -0.019783 1500 1500 1512 1400 14 471984 0.352368 -0.001002 0.000000 0.000000 5.359707
0014 522491 0.006870 0.016731 -0.019704 1500 1500 1511 1400 14 522094 0.400720 -0.001448 0.000000 0.000000 4.976074
0014 572785 0.012505 0.021872 -0.019585 1500 1500 1510 1400 14 572297 0.451735 -0.001960 0.000000 0.000000 4.666102
0014 622804 0.014141 0.024039 -0.019520 1500 1500 1510 1400 14 622407 0.505342 -0.002536 0.000000 0.000000 4.452127
0014 672975 0.009683 0.019778 -0.019548 1500 1500 1509 1400 14 672579 0.561472 -0.003173 0.000000 0.000000 4.330324
0014 723055 0.005774 0.016600 -0.018802 1500 1500 1508 1400 14 722659 0.620057 -0.003869 0.000000 0.000000 3.890932
0014 773196 0.008244 0.017104 -0.018360 1500 1500 1508 1400 14 772800 0.681032 -0.004619 0.000000 0.000000 3.661623
0014 823307 0.012410 0.021275 -0.017692 1500 1500 1507 1400 14 822910 0.744332 -0.005421 0.000000 0.000000 3.365328
0014 873631 0.013523 0.021309 -0.017401 1500 1500 1507 1400 14 873234 0.809897 -0.006270 0.000000 0.000000 3.279541
0014 923955 0.009716 0.017302 -0.017117 1500 1500 1507 1400 14 923589 0.877665 -0.007165 0.000000 0.000000 3.204044
0014 974188 0.006634 0.015648 -0.016565 1500 1500 1506 1400 14 973821 0.947577 -0.008103 0.000000 0.000000 3.012136
0015 024512 0.008106 0.017977 -0.015829 1500 1500 1506 1400 15 24115 1.019576 -0.009079 0.000000 0.000000 2.757418
0015 074592 0.011728 0.020546 -0.015669 1500 1500 1506 1400 15 74225 1.093606 -0.010091 0.000000 0.000000 2.789549
0015 125129 0.012433 0.019879 -0.015246 1500 1500 1506 1400 15 124519 1.169614 -0.011137 0.000000 0.000000 2.686518
0015 175148 0.009209 0.016984 -0.014854 1500 1500 1505 1400 15 174752 1.247545 -0.012215 0.000000 0.000000 2.602449
0015 225350 0.006944 0.015748 -0.014156 1500 1500 1505 1400 15 224984 1.327349 -0.013321 0.000000 0.000000 2.381435
0015 275675 0.008173 0.018060 -0.013281 1500 1500 1504 1400 15 275278 1.408976 -0.014451 0.000000 0.000000 2.101320
0015 326060 0.010494 0.021965 -0.012555 1500 1500 1504 1400 15 325571 1.492377 -0.015602 0.000000 0.000000 1.914144
0015 376231 0.010950 0.018041 -0.012249 1500 1500 1504 1400 15 375834 1.577505 -0.016771 0.000000 0.000000 1.926999
0015 426464 0.007321 0.018578 -0.011653 1500 1500 1504 1400 15 426067 1.664313 -0.017956 0.000000 0.000000 1.790272
0015 476666 0.005385 0.017754 -0.011178 1500 1500 1503 1400 15 476269 1.752757 -0.019154 0.000000 0.000000 1.712653
0015 526807 0.006929 0.020266 -0.010805 1500 1500 1503 1400 15 526441 1.842792 -0.020363 0.000000 0.000000 1.676506
0015 576948 0.009115 0.020219 -0.009876 1500 1500 1503 1400 15 576551 1.934377 -0.021581 0.000000 0.000000 1.380087
0015 627180 0.008648 0.019254 -0.009178 1500 1500 1502 1400 15 626784 2.027470 -0.022803 0.000000 0.000000 1.215176
0015 677291 0.006566 0.017368 -0.008765 1500 1500 1502 1400 15 676894 2.122031 -0.024029 0.000000 0.000000 1.185185
0015 727493 0.005766 0.019014 -0.008828 1500 1500 1503 1400 15 727096 2.218019 -0.025256 0.000000 0.000000 1.356903
0015 777634 0.007313 0.020650 -0.008638 1500 1500 1503 1400 15 777237 2.315399 -0.026485 0.000000 0.000000 1.374327
0015 827836 0.008643 0.020665 -0.007892 1500 1500 1502 1400 15 827439 2.414131 -0.027713 0.000000 0.000000 1.127154
0015 877947 0.008228 0.018471 -0.007350 1500 1500 1502 1400 15 877550 2.514180 -0.028939 0.000000 0.000000 0.996524
0015 928393 0.006707 0.016759 -0.006582 1500 1500 1501 1400 15 927996 2.615511 -0.030159 0.000000 0.000000 0.769198
0015 978534 0.006381 0.017743 -0.006475 1500 1500 1501 1400 15 978137 2.718089 -0.031372 0.000000 0.000000 0.858830
0016 028858 0.007456 0.020359 -0.006319 1500 1500 1502 1400 16 28461 2.821881 -0.032578 0.000000 0.000000 0.898423
0016 079243 0.007882 0.019446 -0.005961 1500 1500 1501 1400 16 78846 2.926855 -0.033776 0.000000 0.000000 0.829112
0016 129537 0.007767 0.016467 -0.006340 1500 1500 1502 1400 16 129140 3.032979 -0.034966 0.000000 0.000000 1.091635
0016 179800 0.006542 0.016995 -0.006121 1500 1500 1502 1400 16 179433 3.140223 -0.036149 0.000000 0.000000 1.037616
0016 230032 0.006777 0.017817 -0.005844 1500 1500 1502 1400 16 229636 3.248555 -0.037324 0.000000 0.000000 0.960063
0016 280082 0.007190 0.018243 -0.005386 1500 1500 1501 1400 16 279685 3.357949 -0.038490 0.000000 0.000000 0.806455
0016 330345 0.007152 0.017262 -0.004796 1500 1500 1501 1400 16 329948 3.468374 -0.039644 0.000000 0.000000 0.608445
0016 380516 0.006934 0.014705 -0.004560 1500 1500 1501 1400 16 380150 3.579803 -0.040786 0.000000 0.000000 0.590641
0016 430749 0.006841 0.015306 -0.004637 1500 1500 1501 1400 16 430352 3.692210 -0.041916 0.000000 0.000000 0.706295
0016 481012 0.006636 0.017338 -0.004553 1500 1500 1501 1400 16 480615 3.805568 -0.043033 0.000000 0.000000 0.724078
0016 531153 0.006657 0.017957 -0.004642 1500 1500 1501 1400 16 530756 3.919852 -0.044139 0.000000 0.000000 0.811740
0016 581447 0.006896 0.015355 -0.004520 1500 1500 1501 1400 16 581050 4.035038 -0.045234 0.000000 0.000000 0.786558
0016 631588 0.007268 0.013836 -0.004436 1500 1500 1501 1400 16 631191 4.151100 -0.046316 0.000000 0.000000 0.778486
0016 681790 0.006983 0.015241 -0.004117 1500 1500 1501 1400 16 681393 4.268016 -0.047387 0.000000 0.000000 0.662186
0016 732022 0.006749 0.016230 -0.004060 1500 1500 1501 1400 16 731626 4.385763 -0.048445 0.000000 0.000000 0.677478
0016 782224 0.006755 0.016679 -0.003959 1500 1500 1501 1400 16 781828 4.504318 -0.049491 0.000000 0.000000 0.666021
0016 832335 0.007177 0.014218 -0.003681 1500 1500 1501 1400 16 831938 4.623661 -0.050524 0.000000 0.000000 0.572757
0016 882476 0.007678 0.015349 -0.003898 1500 1500 1501 1400 16 882079 4.743769 -0.051544 0.000000 0.000000 0.711950
0016 932617 0.008713 0.016550 -0.004005 1500 1500 1501 1400 16 932220 4.864623 -0.052553 0.000000 0.000000 0.777597
0016 982758 0.008955 0.013733 -0.004378 1500 1500 1502 1400 16 982361 4.986203 -0.053551 0.000000 0.000000 0.952404
0017 032899 0.007741 0.014180 -0.004168 1500 1500 1501 1400 17 32502 5.108488 -0.054540 0.000000 0.000000 0.838910
0017 083437 0.007977 0.012870 -0.004024 1500 1500 1501 1400 17 82765 5.231461 -0.055518 0.000000 0.000000 0.773163
0017 133456 0.008563 0.012330 -0.003764 1500 1500 1501 1400 17 133059 5.355103 -0.056485 0.000000 0.000000 0.664149
0017 183688 0.008599 0.013872 -0.003328 1500 1500 1501 1400 17 183291 5.479395 -0.057441 0.000000 0.000000 0.490156
0017 233951 0.007997 0.013584 -0.003574 1500 1500 1501 1400 17 233554 5.604322 -0.058385 0.000000 0.000000 0.645580
0017 284214 0.007431 0.012945 -0.003505 1500 1500 1501 1400 17 283818 5.729865 -0.059317 0.000000 0.000000 0.631952
0017 334538 0.007474 0.013231 -0.003274 1500 1500 1501 1400 17 334142 5.856008 -0.060238 0.000000 0.000000 0.545451
0017 384832 0.008628 0.012534 -0.003236 1500 1500 1501 1400 17 384435 5.982735 -0.061147 0.000000 0.000000 0.556227
0017 435187 0.008455 0.013395 -0.003234 1500 1500 1501 1400 17 434790 6.110031 -0.062044 0.000000 0.000000 0.578675
0017 485358 0.007095 0.013308 -0.003123 1500 1500 1501 1400 17 484992 6.237880 -0.062930 0.000000 0.000000 0.546145
0017 535743 0.006514 0.012081 -0.002944 1500 1500 1501 1400 17 535286 6.366268 -0.063804 0.000000 0.000000 0.485332
0017 585915 0.006790 0.012617 -0.002730 1500 1500 1500 1400 17 585518 6.495179 -0.064667 0.000000 0.000000 0.414848
0017 636117 0.007518 0.012247 -0.002548 1500 1500 1500 1400 17 635751 6.624601 -0.065516 0.000000 0.000000 0.365996
0017 686319 0.007383 0.011948 -0.002366 1500 1500 1500 1400 17 685922 6.754520 -0.066352 0.000000 0.000000 0.320100
0017 736552 0.007171 0.011106 -0.002028 1500 1500 1500 1400 17 736155 6.884921 -0.067175 0.000000 0.000000 0.206139
0017 786815 0.007728 0.010189 -0.002434 1500 1500 1500 1400 17 786418 7.015793 -0.067984 0.000000 0.000000 0.439359
0017 836986 0.008236 0.011717 -0.002620 1500 1500 1501 1400 17 836589 7.147123 -0.068782 0.000000 0.000000 0.535471
0017 887097 0.008599 0.010753 -0.002798 1500 1500 1501 1400 17 886730 7.278898 -0.069569 0.000000 0.000000 0.613514
0017 937299 0.008383 0.011926 -0.003226 1500 1500 1501 1400 17 936902 7.411106 -0.070348 0.000000 0.000000 0.793505
0017 987470 0.008659 0.010565 -0.003013 1500 1500 1501 1400 17 987073 7.543737 -0.071118 0.000000 0.000000 0.660491
0018 037672 0.008795 0.012002 -0.003269 1500 1500 2038 1400 18 37306 7.676778 -0.071880 0.000000 0.523599 237.011980
0018 087905 0.008635 0.011695 -0.003249 1500 1500 1964 1400 18 87539 7.810219 -0.072634 0.000000 0.523599 204.163756
0018 138168 0.008400 0.011541 -0.002786 1500 1500 1907 1400 18 137771 7.944049 -0.073380 0.000000 0.523599 179.326864
0018 188523 0.010664 0.009663 0.003734 1500 1500 1858 1400 18 188126 8.078257 -0.074101 0.000000 0.523599 157.942846
0018 238938 0.017751 0.007053 0.016008 1500 1500 1815 1400 18 238419 8.212834 -0.074759 0.000000 0.523599 138.981827
0018 288957 0.023346 0.008237 0.033192 1500 1500 1777 1400 18 288560 8.347768 -0.075296 0.000000 0.523599 121.930492
0018 339312 0.025032 0.009902 0.057679 1500 1500 1738 1400 18 338915 8.483046 -0.075628 0.000000 0.523599 104.985385
0018 389605 0.029566 0.003455 0.090912 1500 1500 1697 1400 18 389239 8.618652 -0.075645 0.000000 0.523599 87.102209
0018 439899 0.030512 0.000668 0.129907 1500 1500 1657 1400 18 439411 8.754562 -0.075209 0.000000 0.523599 69.424182
0018 490345 0.021841 0.011630 0.173660 1500 1500 1618 1400 18 489704 8.890746 -0.074169 0.000000 0.523599 52.063911
0018 540395 0.011741 0.023521 0.221005 1500 1500 1580 1400 18 540028 9.027165 -0.072363 0.000000 0.523599 35.229364
0018 591024 0.008918 0.020832 0.268113 1500 1500 1546 1400 18 590231 9.163769 -0.069629 0.000000 0.523599 20.336865
0018 640860 0.011022 0.011171 0.314895 1500 1500 1515 1400 18 640494 9.300504 -0.065813 0.000000 0.523599 6.953134
0018 691062 0.011376 0.004378 0.359061 1500 1500 1490 1400 18 690665 9.437311 -0.060775 0.000000 0.523599 -4.249972
0018 741325 0.006314 0.012950 0.399149 1500 1500 1470 1400 18 740928 9.574129 -0.054392 0.000000 0.523599 -13.026478
0018 791741 -0.001353 0.019811 0.435030 1500 1500 1455 1400 18 791252 9.710901 -0.046564 0.000000 0.523599 -19.720471
0018 841882 -0.004078 0.017277 0.466310 1500 1500 1444 1400 18 841485 9.847571 -0.037210 0.000000 0.523599 -24.463765
0018 892145 0.001563 0.008881 0.493642 1500 1500 1436 1400 18 891748 9.984091 -0.026270 0.000000 0.523599 -27.807993
0018 942255 0.007459 0.004138 0.517180 1500 1500 1431 1400 18 941859 10.120419 -0.013698 0.000000 0.523599 -29.974605
0018 992457 0.005094 0.009270 0.535542 1500 1500 1430 1400 18 992091 10.256519 0.000531 0.000000 0.523599 -30.444261
0019 042629 -0.003105 0.014342 0.549344 1500 1500 1432 1400 19 42232 10.392366 0.016428 0.000000 0.523599 -29.659234
0019 092831 -0.007678 0.015715 0.560842 1500 1500 1434 1400 19 92434 10.527941 0.033989 0.000000 0.523599 -28.723033
0019 143155 -0.000013 0.014302 0.568870 1500 1500 1438 1400 19 142514 10.663232 0.053201 0.000000 0.523599 -27.031955
0019 193082 0.006469 0.010598 0.574599 1500 1500 1442 1400 19 192686 10.798232 0.074042 0.000000 0.523599 -25.128619
0019 243193 0.004395 0.009180 0.577183 1500 1500 1448 1400 19 242796 10.932940 0.096482 0.000000 0.523599 -22.569008
0019 293578 -0.004984 0.015667 0.576913 1500 1500 1455 1400 19 293059 11.067363 0.120480 0.000000 0.523599 -19.491183
0019 343750 -0.008498 0.020894 0.575654 1500 1500 1461 1400 19 343353 11.201510 0.145992 0.000000 0.523599 -16.723115
0019 394074 -0.004420 0.020681 0.572385 1500 1500 1468 1400 19 393677 11.335393 0.172970 0.000000 0.523599 -13.677161
0019 444337 0.000821 0.014445 0.568333 1500 1500 1475 1400 19 443971 11.469029 0.201361 0.000000 0.523599 -10.875707
0019 494539 -0.001906 0.013067 0.564039 1500 1500 1480 1400 19 494081 11.602431 0.231115 0.000000 0.523599 -8.461917
0019 545016 -0.006987 0.018501 0.558890 1500 1500 1486 1400 19 544375 11.735618 0.262177 0.000000 0.523599 -6.050639
0019 595065 -0.008897 0.025664 0.553690 1500 1500 1490 1400 19 594668 11.868604 0.294497 0.000000 0.523599 -3.960823
0019 645267 -0.005850 0.021578 0.548722 1500 1500 1494 1400 19 644870 12.001407 0.328023 0.000000 0.523599 -2.237571
0019 695500 -0.002911 0.015424 0.544225 1500 1500 1497 1400 19 695133 12.134041 0.362708 0.000000 0.523599 -0.908631
0019 745610 -0.002423 0.014033 0.539323 1500 1500 1501 1400 19 745244 12.266520 0.398504 0.000000 0.523599 0.496263
0019 795873 -0.004595 0.019036 0.534302 1500 1500 1504 1400 19 795476 12.398858 0.435364 0.000000 0.523599 1.849161
0019 846350 -0.005818 0.024506 0.530378 1500 1500 1505 1400 19 845801 12.531067 0.473246 0.000000 0.523599 2.620714
0019 896460 -0.003846 0.022552 0.526517 1500 1500 1507 1400 19 896064 12.663160 0.512108 0.000000 0.523599 3.367768
0019 946754 -0.001766 0.015041 0.523468 1500 1500 1508 1400 19 946388 12.795145 0.551914 0.000000 0.523599 3.755235
0019 996926 -0.001337 0.012570 0.520402 1500 1500 1509 1400 19 996529 12.927033 0.592627 0.000000 0.523599 4.206415
0020 047158 -0.001903 0.017346 0.517473 1500 1500 1510 1400 20 46761 13.058830 0.634213 0.000000 0.523599 4.636663
0020 097299 -0.003948 0.023117 0.515112 1500 1500 1511 1400 20 96902 13.190545 0.676639 0.000000 0.523599 4.850066
0020 147440 -0.004366 0.021993 0.512384 1500 1500 1512 1400 20 147074 13.322186 0.719875 0.000000 0.523599 5.294013
0020 197703 -0.002950 0.015882 0.510700 1500 1500 1512 1400 20 197215 13.453757 0.763891 0.000000 0.523599 5.292425
0020 247844 -0.000966 0.015156 0.509237 1500 1500 1511 1400 20 247478 13.585264 0.808661 0.000000 0.523599 5.276205
0020 298016 -0.001250 0.017718 0.507973 1500 1500 1511 1400 20 297619 13.716711 0.854161 0.000000 0.523599 5.247380
0020 348309 -0.003655 0.020079 0.506431 1500 1500 1512 1400 20 347913 13.848103 0.900365 0.000000 0.523599 5.414538
0020 398359 -0.005033 0.017992 0.505674 1500 1500 1511 1400 20 397993 13.979442 0.947252 0.000000 0.523599 5.263483
0020 448744 -0.002708 0.014067 0.504757 1500 1500 1511 1400 20 448225 14.110733 0.994800 0.000000 0.523599 5.259769
0020 498885 -0.000102 0.014447 0.504134 1500 1500 1511 1400 20 498488 14.241978 1.042989 0.000000 0.523599 5.170793
0020 549240 -0.001508 0.017669 0.503856 1500 1500 1511 1400 20 548782 14.373178 1.091800 0.000000 0.523599 4.979262
0020 599472 -0.003765 0.017695 0.503227 1500 1500 1511 1400 20 599075 14.504336 1.141215 0.000000 0.523599 5.007806
0020 649613 -0.003588 0.016424 0.503210 1500 1500 1510 1400 20 649247 14.635454 1.191217 0.000000 0.523599 4.784962
0020 699937 -0.000571 0.015141 0.503427 1500 1500 1510 1400 20 699541 14.766533 1.241791 0.000000 0.523599 4.512999
0020 750261 0.000869 0.015083 0.504011 1500 1500 1509 1400 20 749865 14.897572 1.292923 0.000000 0.523599 4.132625
0020 800647 -0.001300 0.016010 0.504338 1500 1500 1508 1400 20 800250 15.028572 1.344599 0.000000 0.523599 3.933674
0020 850940 -0.003737 0.016869 0.505153 1500 1500 1508 1400 20 850543 15.159532 1.396807 0.000000 0.523599 3.548214
0020 901203 -0.002619 0.015299 0.506213 1500 1500 1507 1400 20 900715 15.290453 1.449537 0.000000 0.523599 3.107569
0020 951405 -0.000437 0.014810 0.507328 1500 1500 1506 1400 20 950978 15.421332 1.502778 0.000000 0.523599 2.699424
0021 001760 0.000028 0.014422 0.508219 1500 1500 1505 1400 21 1272 15.552170 1.556519 0.000000 0.523599 2.438139
0021 051840 -0.001915 0.015216 0.509150 1500 1500 1504 1400 21 51443 15.682965 1.610751 0.000000 0.523599 2.179437
0021 102134 -0.003189 0.016361 0.509948 1500 1500 1504 1400 21 101706 15.813716 1.665463 0.000000 0.523599 1.998983
0021 152183 -0.001637 0.016157 0.510776 1500 1500 1504 1400 21 151786 15.944425 1.720645 0.000000 0.523599 1.810129
0021 202385 0.000232 0.014062 0.511543 1500 1500 1503 1400 21 201988 16.075090 1.776288 0.000000 0.523599 1.654194
0021 252801 -0.000354 0.013477 0.511993 1500 1500 1503 1400 21 252190 16.205711 1.832382 0.000000 0.523599 1.642049
0021 309808 -0.003452 0.015477 0.512675 1500 1500 1503 1400 21 309595 16.336288 1.888915 0.000000 0.523599 1.505769
0021 360163 -0.002680 0.015532 0.513219 1500 1500 1503 1400 21 359766 16.466821 1.945879 0.000000 0.523599 1.431505
0021 411494 -0.002227 0.014877 0.513906 1500 1500 1502 1400 21 411311 16.597311 2.003264 0.000000 0.523599 1.284110
0021 461879 -0.002381 0.013206 0.514322 1500 1500 1502 1400 21 461483 16.727757 2.061061 0.000000 0.523599 1.261035
0021 512081 -0.002737 0.014703 0.514797 1500 1500 1502 1400 21 511685 16.858159 2.119259 0.000000 0.523599 1.196751
0021 562405 -0.002643 0.016573 0.515182 1500 1500 1502 1400 21 562009 16.988519 2.177851 0.000000 0.523599 1.165064
0021 614072 -0.001940 0.015779 0.515665 1500 1500 1502 1400 21 612547 17.118836 2.236827 0.000000 0.523599 1.077622
0021 663176 -0.001490 0.014521 0.515322 1500 1500 1503 1400 21 662779 17.249111 2.296176 0.000000 0.523599 1.361013
0021 713378 -0.001309 0.014018 0.515852 1500 1500 1502 1400 21 712890 17.379346 2.355890 0.000000 0.523599 1.196547
0021 763549 -0.001068 0.015436 0.515971 1500 1500 1502 1400 21 763153 17.509540 2.415959 0.000000 0.523599 1.232155
0021 813812 -0.000468 0.016127 0.516220 1500 1500 1502 1400 21 813416 17.639695 2.476375 0.000000 0.523599 1.194141
0021 864015 -0.000281 0.014008 0.516327 1500 1500 1502 1400 21 863618 17.769811 2.537128 0.000000 0.523599 1.217279
0021 914308 0.000037 0.012996 0.516394 1500 1500 1502 1400 21 913911 17.899889 2.598211 0.000000 0.523599 1.247205
0021 964419 0.000748 0.013341 0.516718 1500 1500 1502 1400 21 964022 18.029929 2.659616 0.000000 0.523599 1.150397
0022 014621 0.000896 0.013700 0.516840 1500 1500 1502 1400 22 14254 18.159933 2.721333 0.000000 0.523599 1.152885
0022 064884 0.000366 0.012475 0.516824 1500 1500 1502 1400 22 64395 18.289901 2.783355 0.000000 0.523599 1.210658
0022 115025 -0.000383 0.012499 0.517043 1500 1500 1502 1400 22 114628 18.419834 2.845675 0.000000 0.523599 1.148782
0022 165196 0.000238 0.012346 0.517172 1500 1500 1502 1400 22 164800 18.549732 2.908285 0.000000 0.523599 1.132246
0022 215765 0.000432 0.013178 0.517378 1500 1500 1502 1400 22 215002 18.679597 2.971177 0.000000 0.523599 1.078100
0022 265509 0.000135 0.012474 0.517484 1500 1500 1502 1400 22 265143 18.809428 3.034346 0.000000 0.523599 1.072726
0022 315802 -0.000932 0.012329 0.517725 1500 1500 1502 1400 22 315406 18.939226 3.097783 0.000000 0.523599 1.002291
0022 365852 -0.001040 0.012749 0.518177 1500 1500 1501 1400 22 365455 19.068991 3.161483 0.000000 0.523599 0.842282
0022 416084 -0.000101 0.013481 0.518607 1500 1500 1501 1400 22 415596 19.198724 3.225441 0.000000 0.523599 0.709487
0022 466256 0.000783 0.013907 0.518122 1500 1500 1502 1400 22 465859 19.328426 3.289649 0.000000 0.523599 1.001122
0022 516489 -0.000010 0.013809 0.517889 1500 1500 1502 1400 22 515970 19.458097 3.354100 0.000000 0.523599 1.130825
0022 566691 -0.000544 0.014586 0.518383 1500 1500 1502 1400 22 566294 19.587739 3.418787 0.000000 0.523599 0.911442
0022 616984 -0.000128 0.015212 0.518270 1500 1500 1502 1400 22 616588 19.717351 3.483705 0.000000 0.523599 0.996104
0022 667278 0.000170 0.014959 0.518450 1500 1500 1502 1400 22 666881 19.846935 3.548847 0.000000 0.523599 0.932790
0022 717419 0.000038 0.012870 0.518761 1500 1500 1501 1400 22 717022 19.976491 3.614210 0.000000 0.523599 0.817450
0022 768048 0.000196 0.014326 0.518668 1500 1500 1502 1400 22 767316 20.106020 3.679786 0.000000 0.523599 0.897767
0022 818006 0.000369 0.015611 0.518517 1500 1500 1502 1400 22 817609 20.235522 3.745570 0.000000 0.523599 0.988313
0022 868361 -0.000243 0.015425 0.518810 1500 1500 1501 1400 22 867994 20.364997 3.811557 0.000000 0.523599 0.863982
0022 918654 0.000017 0.013825 0.518821 1500 1500 1502 1400 22 918288 20.494448 3.877742 0.000000 0.523599 0.883004
0022 968887 0.001081 0.012657 0.518817 1500 1500 1502 1400 22 968490 20.623873 3.944119 0.000000 0.523599 0.903888
0023 019089 0.001507 0.013385 0.518829 1500 1500 1502 1400 23 18692 20.753274 4.010684 0.000000 0.523599 0.912065
0023 069444 0.000907 0.014657 0.518825 1500 1500 1502 1400 23 68955 20.882651 4.077430 0.000000 0.523599 0.924981
0023 119676 0.000180 0.013835 0.518586 1500 1500 1502 1400 23 119157 21.012005 4.144354 0.000000 0.523599 1.040912
0023 169817 -0.000036 0.013471 0.518679 1500 1500 1502 1400 23 169420 21.141338 4.211450 0.000000 0.523599 0.989970
0023 220019 0.000718 0.013058 0.518724 1500 1500 1502 1400 23 219622 21.270649 4.278713 0.000000 0.523599 0.968723
0023 270191 0.000621 0.013171 0.518918 1500 1500 1502 1400 23 269794 21.399938 4.346141 0.000000 0.523599 0.883636
0023 320332 -0.001191 0.013836 0.519145 1500 1500 1501 1400 23 319935 21.529207 4.413728 0.000000 0.523599 0.795042
0023 370564 -0.001414 0.012556 0.519037 1500 1500 1501 1400 23 370168 21.658455 4.481471 0.000000 0.523599 0.868327
0023 420736 -0.001145 0.012815 0.519727 1500 1500 1501 1400 23 420309 21.787682 4.549367 0.000000 0.523599 0.568504
0023 470907 -0.001060 0.012973 0.519917 1500 1500 1501 1400 23 470511 21.916888 4.617413 0.000000 0.523599 0.534575
0023 520987 -0.001734 0.012992 0.520226 1500 1500 1501 1400 23 520591 22.046073 4.685606 0.000000 0.523599 0.446095
0023 571220 -0.002290 0.013338 0.520693 1500 1500 1500 1400 23 570823 22.175237 4.753944 0.000000 0.523599 0.292883
0023 621300 -0.001809 0.013965 0.521034 1500 1500 1500 1400 23 620903 22.304379 4.822424 0.000000 0.523599 0.211649
0023 671471 -0.000564 0.013845 0.521351 1500 1500 1500 1400 23 671075 22.433500 4.891043 0.000000 0.523599 0.144207
0023 721551 -0.000068 0.012809 0.521862 1500 1500 1499 1400 23 721155 22.562600 4.959799 0.000000 0.523599 -0.009454
0023 771814 -0.000235 0.013424 0.522411 1500 1500 1499 1400 23 771418 22.691677 5.028691 0.000000 0.523599 -0.168057
0023 822139 -0.001091 0.013890 0.522664 1500 1500 1499 1400 23 821742 22.820732 5.097715 0.000000 0.523599 -0.180709
0023 872371 -0.000975 0.012721 0.523274 1500 1500 1499 1400 23 871974 22.949764 5.166871 0.000000 0.523599 -0.363621
0023 922665 -0.000320 0.011825 0.523617 1500 1500 1499 1400 23 922299 23.078773 5.236155 0.000000 0.523599 -0.411145
0023 972867 -0.000328 0.012469 0.524409 1500 1500 1498 1400 23 972470 23.207758 5.305567 0.000000 0.523599 -0.666559
0024 023008 -0.000434 0.012232 0.524475 1500 1500 1498 1400 24 22611 23.336720 5.375105 0.000000 0.523599 -0.570421
0024 073301 -0.001502 0.012261 0.525511 1500 1500 1497 1400 24 72905 23.465658 5.444766 0.000000 0.523599 -0.939364
0024 123503 -0.001617 0.010700 0.525334 1500 1500 1498 1400 24 123107 23.594571 5.514550 0.000000 0.523599 -0.720388
0024 173858 -0.001422 0.010942 0.524931 1500 1500 1498 1400 24 173461 23.723462 5.584452 0.000000 0.523599 -0.445472
0024 223999 -0.001182 0.011902 0.524745 1500 1500 1499 1400 24 223633 23.852330 5.654467 0.000000 0.523599 -0.317092
0024 274262 -0.001176 0.011776 0.523922 1500 1500 1500 1400 24 273896 23.981179 5.724591 0.000000 0.523599 0.075934
0024 324556 -0.001551 0.013038 0.523207 1500 1500 1500 1400 24 324159 24.110009 5.794818 0.000000 0.523599 0.363495
0024 374788 -0.001252 0.013137 0.522948 1500 1500 1500 1400 24 374392 24.238823 5.865144 0.000000 0.523599 0.409070
0024 425051 -0.000837 0.011708 0.522288 1500 1500 1501 1400 24 424655 24.367621 5.935565 0.000000 0.523599 0.637181
0024 475254 -0.000924 0.011023 0.521324 1500 1500 1502 1400 24 474857 24.496407 6.006075 0.000000 0.523599 0.978470
0024 525517 -0.001267 0.011733 0.520497 1500 1500 1502 1400 24 525150 24.625181 6.076668 0.000000 0.523599 1.221219
0024 575688 -0.000972 0.012240 0.519904 1500 1500 1503 1400 24 575291 24.753945 6.147340 0.000000 0.523599 1.338945
0024 625860 -0.000946 0.011450 0.519016 1500 1500 1503 1400 24 625463 24.882702 6.218087 0.000000 0.523599 1.590165
0024 675970 -0.000971 0.010936 0.518969 1500 1500 1503 1400 24 675573 25.011452 6.288905 0.000000 0.523599 1.443722
0024 726142 -0.000477 0.013120 0.518676 1500 1500 1503 1400 24 725745 25.140196 6.359791 0.000000 0.523599 1.447141
0024 776283 -0.000356 0.013498 0.518791 1500 1500 1502 1400 24 775855 25.268934 6.430744 0.000000 0.523599 1.280022
0024 826393 -0.000296 0.011334 0.519148 1500 1500 1502 1400 24 825996 25.397666 6.501763 0.000000 0.523599 1.040110
0024 876473 -0.000650 0.011059 0.519461 1500 1500 1501 1400 24 876076 25.526391 6.572846 0.000000 0.523599 0.862123
0024 926828 -0.000048 0.010540 0.519885 1500 1500 1501 1400 24 926279 25.655109 6.643994 0.000000 0.523599 0.662621
0024 976999 -0.000182 0.010534 0.519742 1500 1500 1501 1400 24 976603 25.783819 6.715205 0.000000 0.523599 0.747551
0025 027262 -0.000752 0.009984 0.519753 1500 1500 1501 1400 25 26866 25.912522 6.786477 0.000000 0.523599 0.748949
0025 077526 -0.000852 0.008476 0.520237 1500 1500 1501 1400 25 77129 26.041218 6.857810 0.000000 0.523599 0.536296
0025 127880 -0.000046 0.009990 0.520324 1500 1500 1501 1400 25 127483 26.169907 6.929203 0.000000 0.523599 0.531394
0025 178265 -0.000424 0.011698 0.520803 1500 1500 426 1400 25 177869 26.298587 7.000655 0.000000 -0.523599 -472.153161
0025 228559 -0.001558 0.010851 0.520684 1500 1500 576 1400 25 228162 26.427259 7.072165 0.000000 -0.523599 -406.421308
0025 278730 -0.002041 0.010522 0.521354 1500 1500 687 1400 25 278334 26.555922 7.143733 0.000000 -0.523599 -357.472139
0025 328963 -0.001177 0.010198 0.521686 1500 1500 771 1400 25 328597 26.684576 7.215359 0.000000 -0.523599 -320.641316
0025 379074 -0.000576 0.010050 0.522182 1500 1500 833 1400 25 378677 26.813221 7.287043 0.000000 -0.523599 -293.109067
0025 429337 -0.005199 0.007238 0.515597 1500 1500 887 1400 25 428940 26.941863 7.358770 0.000000 -0.523599 -269.289512
0025 479752 -0.023674 -0.017977 0.496823 1500 1500 941 1400 25 479264 27.070529 7.430492 0.000000 -0.523599 -245.594980
0025 529863 -0.022437 -0.006721 0.468185 1500 1500 994 1400 25 529466 27.199266 7.502121 0.000000 -0.523599 -222.432396
0025 580156 -0.014701 0.003163 0.429983 1500 1500 1047 1400 25 579790 27.328131 7.573538 0.000000 -0.523599 -199.309057
0025 630358 -0.019061 -0.005343 0.384263 1500 1500 1098 1400 25 629962 27.457191 7.644596 0.000000 -0.523599 -176.659714
0025 680652 -0.007105 0.004296 0.329777 1500 1500 1151 1400 25 680255 27.586513 7.715115 0.000000 -0.523599 -153.425009
0025 730763 0.000393 0.017752 0.263652 1500 1500 1209 1400 25 730366 27.716167 7.784880 0.000000 -0.523599 -128.015541
0025 780995 -0.006604 0.010234 0.191638 1500 1500 1265 1400 25 780598 27.846214 7.853644 0.000000 -0.523599 -102.986881
0025 831075 -0.008862 0.002923 0.113159 1500 1500 1323 1400 25 830678 27.976697 7.921137 0.000000 -0.523599 -77.687270
0025 881277 -0.002214 0.011532 0.032188 1500 1500 1378 1400 25 880880 28.107636 7.987081 0.000000 -0.523599 -53.654242
0025 931357 0.003006 0.016983 -0.049708 1500 1500 1429 1400 25 930960 28.239027 8.051194 0.000000 -0.523599 -31.152640
0025 981529 -0.001679 0.003034 -0.129037 1500 1500 1474 1400 25 981132 28.370841 8.113208 0.000000 -0.523599 -11.328946
0026 031639 0.000923 0.001671 -0.205400 1500 1500 1514 1400 26 31242 28.503024 8.172875 0.000000 -0.523599 6.177924
0026 081994 0.007102 0.007358 -0.275192 1500 1500 1545 1400 26 81475 28.635507 8.229979 0.000000 -0.523599 20.171321
0026 131921 0.014877 0.010555 -0.338341 1500 1500 1570 1400 26 131524 28.768210 8.284337 0.000000 -0.523599 31.168000
0026 182337 0.019972 0.001196 -0.394201 1500 1500 1589 1400 26 181849 28.901050 8.335804 0.000000 -0.523599 39.292819
0026 232539 0.019144 -0.001048 -0.442398 1500 1500 1601 1400 26 232173 29.033945 8.384271 0.000000 -0.523599 44.728882
0026 282741 0.017587 0.002874 -0.483546 1500 1500 1609 1400 26 282344 29.166818 8.429660 0.000000 -0.523599 48.041713
0026 333309 0.021017 0.005264 -0.518067 1500 1500 1612 1400 26 332638 29.299603 8.471924 0.000000 -0.523599 49.599537
0026 383359 0.028002 0.002956 -0.546166 1500 1500 1612 1400 26 382962 29.432242 8.511041 0.000000 -0.523599 49.600661
0026 433561 0.028478 0.004256 -0.569576 1500 1500 1611 1400 26 433164 29.564685 8.547010 0.000000 -0.523599 48.894499
0026 483854 0.024737 0.007984 -0.586249 1500 1500 1605 1400 26 483458 29.696898 8.579849 0.000000 -0.523599 46.498710
0026 534026 0.024480 0.007955 -0.598224 1500 1500 1598 1400 26 533629 29.828857 8.609598 0.000000 -0.523599 43.418244
0026 584289 0.027859 0.003033 -0.605456 1500 1500 1589 1400 26 583923 29.960547 8.636309 0.000000 -0.523599 39.568253
0026 634644 0.029018 0.006823 -0.608199 1500 1500 1579 1400 26 634247 30.091966 8.660049 0.000000 -0.523599 35.017313
0026 684846 0.027863 0.011333 -0.606847 1500 1500 1567 1400 26 684449 30.223120 8.680896 0.000000 -0.523599 29.894290
0026 735139 0.028581 0.009439 -0.602796 1500 1500 1556 1400 26 734743 30.354023 8.698936 0.000000 -0.523599 24.766573
0026 785402 0.029251 0.007168 -0.595317 1500 1500 1543 1400 26 785006 30.484696 8.714266 0.000000 -0.523599 19.170942
0026 835604 0.028713 0.007638 -0.585635 1500 1500 1530 1400 26 835208 30.615164 8.726987 0.000000 -0.523599 13.605172
0026 885867 0.029281 0.009558 -0.574722 1500 1500 1519 1400 26 885471 30.745456 8.737202 0.000000 -0.523599 8.389816
0026 936070 0.030753 0.007859 -0.562635 1500 1500 1507 1400 26 935673 30.875600 8.745017 0.000000 -0.523599 3.401939
0026 986241 0.029584 0.005551 -0.550771 1500 1500 1498 1400 26 985844 31.005627 8.750536 0.000000 -0.523599 -0.844658
0027 036382 0.026984 0.005722 -0.539149 1500 1500 1489 1400 27 35985 31.135564 8.753861 0.000000 -0.523599 -4.515294
0027 086584 0.026320 0.006838 -0.528433 1500 1500 1483 1400 27 86187 31.265434 8.755088 0.000000 -0.523599 -7.442120
0027 136817 0.027450 0.003964 -0.518345 1500 1500 1477 1400 27 136267 31.395262 8.754308 0.000000 -0.523599 -9.890814
0027 186714 0.027492 0.004720 -0.509964 1500 1500 1473 1400 27 186347 31.525065 8.751606 0.000000 -0.523599 -11.462939
0027 237068 0.023282 0.004644 -0.501876 1500 1500 1470 1400 27 236488 31.654861 8.747061 0.000000 -0.523599 -12.930254
0027 287209 0.021698 0.004598 -0.496093 1500 1500 1469 1400 27 286812 31.784661 8.740746 0.000000 -0.523599 -13.395959
0027 337411 0.022188 0.004479 -0.490949 1500 1500 1468 1400 27 337015 31.914477 8.732728 0.000000 -0.523599 -13.747000
0027 387674 0.022891 0.004165 -0.486550 1500 1500 1468 1400 27 387278 32.044317 8.723068 0.000000 -0.523599 -13.931901
0027 437998 0.021061 0.005928 -0.483294 1500 1500 1468 1400 27 437602 32.174186 8.711822 0.000000 -0.523599 -13.775490
0027 488475 0.018458 0.006115 -0.480597 1500 1500 1469 1400 27 488109 32.304089 8.699045 0.000000 -0.523599 -13.569171
0027 538799 0.017982 0.006187 -0.478299 1500 1500 1469 1400 27 538403 32.434031 8.684785 0.000000 -0.523599 -13.369401
0027 588971 0.019461 0.004315 -0.476974 1500 1500 1470 1400 27 588605 32.564012 8.669087 0.000000 -0.523599 -12.896075
0027 639264 0.020301 0.004892 -0.476321 1500 1500 1472 1400 27 638868 32.694034 8.651994 0.000000 -0.523599 -12.303962
0027 689589 0.018528 0.005912 -0.476038 1500 1500 1473 1400 27 689192 32.824096 8.633545 0.000000 -0.523599 -11.726075
0027 739760 0.017061 0.004214 -0.475877 1500 1500 1474 1400 27 739363 32.954198 8.613776 0.000000 -0.523599 -11.251418
0027 789993 0.017450 0.003816 -0.475649 1500 1500 1475 1400 27 789596 33.084339 8.592723 0.000000 -0.523599 -10.934118
0027 840134 0.018564 0.003966 -0.475457 1500 1500 1475 1400 27 839737 33.214518 8.570422 0.000000 -0.523599 -10.690865
0027 890366 0.020092 0.004666 -0.475958 1500 1500 1476 1400 27 889969 33.344734 8.546905 0.000000 -0.523599 -10.205779
0027 940538 0.019046 0.005642 -0.476792 1500 1500 1478 1400 27 940141 33.474985 8.522201 0.000000 -0.523599 -9.666512
0027 990740 0.017902 0.002881 -0.478057 1500 1500 1479 1400 27 990343 33.605267 8.496340 0.000000 -0.523599 -9.025535
0028 040881 0.017661 0.002655 -0.479438 1500 1500 1480 1400 28 40515 33.735577 8.469347 0.000000 -0.523599 -8.429543
0028 091113 0.018924 0.003578 -0.480818 1500 1500 1482 1400 28 90717 33.865913 8.441247 0.000000 -0.523599 -7.913141
0028 141285 0.019414 0.003754 -0.482092 1500 1500 1482 1400 28 140858 33.996271 8.412066 0.000000 -0.523599 -7.504895
0028 191487 0.018943 0.002477 -0.483987 1500 1500 1484 1400 28 191121 34.126647 8.381827 0.000000 -0.523599 -6.854423
0028 241659 0.017624 0.001459 -0.485312 1500 1500 1485 1400 28 241231 34.257038 8.350552 0.000000 -0.523599 -6.528853
0028 291769 0.016869 0.001856 -0.487325 1500 1500 1486 1400 28 291372 34.387441 8.318264 0.000000 -0.523599 -5.907867
0028 341818 0.017873 0.003197 -0.489345 1500 1500 1487 1400 28 341452 34.517851 8.284981 0.000000 -0.523599 -5.337940
0028 392082 0.017964 0.002296 -0.491557 1500 1500 1489 1400 28 391563 34.648264 8.250724 0.000000 -0.523599 -4.722880
0028 442009 0.017028 0.003695 -0.493336 1500 1500 1490 1400 28 441612 34.778677 8.215512 0.000000 -0.523599 -4.345890
0028 492364 0.017092 0.003476 -0.495260 1500 1500 1491 1400 28 491967 34.909085 8.179363 0.000000 -0.523599 -3.908354
0028 542627 0.017002 0.004204 -0.497026 1500 1500 1491 1400 28 542230 35.039487 8.142297 0.000000 -0.523599 -3.555315
0028 592951 0.018264 0.003674 -0.499423 1500 1500 1493 1400 28 592554 35.169877 8.104330 0.000000 -0.523599 -2.917109
0028 643458 0.018133 0.003798 -0.501775 1500 1500 1494 1400 28 643092 35.300252 8.065478 0.000000 -0.523599 -2.338616
0028 693752 0.016133 0.004653 -0.503794 1500 1500 1495 1400 28 693355 35.430608 8.025757 0.000000 -0.523599 -1.936943
0028 744106 0.015990 0.005745 -0.506075 1500 1500 1496 1400 28 743465 35.560941 7.985184 0.000000 -0.523599 -1.416451
0028 794186 0.017325 0.005730 -0.508028 1500 1500 1497 1400 28 793789 35.691248 7.943773 0.000000 -0.523599 -1.059744
0028 844480 0.018940 0.003834 -0.509908 1500 1500 1498 1400 28 844114 35.821526 7.901541 0.000000 -0.523599 -0.727146
0028 894773 0.018581 0.004425 -0.511624 1500 1500 1498 1400 28 894377 35.951772 7.858503 0.000000 -0.523599 -0.457643
0028 944914 0.017437 0.004542 -0.512927 1500 1500 1499 1400 28 944518 36.081984 7.814676 0.000000 -0.523599 -0.355399
0028 995117 0.017180 0.004454 -0.514239 1500 1500 1499 1400 28 994720 36.212161 7.770076 0.000000 -0.523599 -0.209665
0029 045502 0.019245 0.003082 -0.515389 1500 1500 1499 1400 29 45013 36.342302 7.724720 0.000000 -0.523599 -0.107447
0029 095612 0.019901 0.002815 -0.515746 1500 1500 1499 1400 29 95215 36.472405 7.678626 0.000000 -0.523599 -0.331168
0029 145875 0.019360 0.003540 -0.516083 1500 1500 1498 1400 29 145479 36.602471 7.631812 0.000000 -0.523599 -0.490084
0029 196077 0.017762 0.002421 -0.516363 1500 1500 1498 1400 29 195681 36.732501 7.584296 0.000000 -0.523599 -0.618189
0029 246279 0.017514 0.001102 -0.516627 1500 1500 1498 1400 29 245883 36.862495 7.536097 0.000000 -0.523599 -0.707308
0029 296451 0.017420 0.001678 -0.517098 1500 1500 1498 1400 29 296054 36.992453 7.487231 0.000000 -0.523599 -0.667366
0029 346531 0.017292 0.002677 -0.517841 1500 1500 1498 1400 29 346134 37.122376 7.437714 0.000000 -0.523599 -0.491215
0029 396672 0.016834 0.003163 -0.518257 1500 1500 1498 1400 29 396275 37.252262 7.387561 0.000000 -0.523599 -0.469324
0029 446904 0.016163 0.002741 -0.518470 1500 1500 1498 1400 29 446508 37.382112 7.336789 0.000000 -0.523599 -0.523489
0029 497015 0.016667 0.002509 -0.518549 1500 1500 1498 1400 29 496618 37.511927 7.285413 0.000000 -0.523599 -0.614063
0029 547583 0.016765 0.004145 -0.518628 1500 1500 1498 1400 29 546820 37.641708 7.233450 0.000000 -0.523599 -0.678092
0029 597358 0.016981 0.002942 -0.518683 1500 1500 1498 1400 29 596961 37.771456 7.180915 0.000000 -0.523599 -0.732943
0029 647499 0.016830 0.003476 -0.518621 1500 1500 1498 1400 29 647102 37.901170 7.127822 0.000000 -0.523599 -0.824406
0029 697732 0.016929 0.004515 -0.518660 1500 1500 1498 1400 29 697243 38.030854 7.074188 0.000000 -0.523599 -0.850092
0029 747873 0.017093 0.004015 -0.518392 1500 1500 1497 1400 29 747354 38.160506 7.020027 0.000000 -0.523599 -1.005958
0029 798044 0.016034 0.005100 -0.517574 1500 1500 1496 1400 29 797647 38.290130 6.965356 0.000000 -0.523599 -1.384926
0029 848277 0.015286 0.004796 -0.517470 1500 1500 1496 1400 29 847880 38.419727 6.910188 0.000000 -0.523599 -1.387714
0029 898570 0.015776 0.003536 -0.517193 1500 1500 1496 1400 29 898174 38.549299 6.854539 0.000000 -0.523599 -1.472858
0029 948711 0.015919 0.002895 -0.516849 1500 1500 1496 1400 29 948315 38.678845 6.798422 0.000000 -0.523599 -1.580862
0029 999005 0.015841 0.003965 -0.516668 1500 1500 1496 1400 29 998578 38.808368 6.741850 0.000000 -0.523599 -1.605826
0030 049360 0.015473 0.002740 -0.516958 1500 1500 1496 1400 30 48871 38.937868 6.684836 0.000000 -0.523599 -1.421070
0030 099501 0.015305 0.002378 -0.516948 1500 1500 1496 1400 30 99104 39.067346 6.627390 0.000000 -0.523599 -1.403186
0030 149764 0.015942 0.003053 -0.516767 1500 1500 1496 1400 30 149367 39.196801 6.569526 0.000000 -0.523599 -1.467262
0030 199874 0.016934 0.001313 -0.517029 1500 1500 1496 1400 30 199477 39.326235 6.511252 0.000000 -0.523599 -1.324897
0030 250107 0.016691 0.002155 -0.517643 1500 1500 1497 1400 30 249710 39.455648 6.452580 0.000000 -0.523599 -1.045943
0030 300431 0.015722 0.001742 -0.517924 1500 1500 1497 1400 30 300004 39.585038 6.393518 0.000000 -0.523599 -0.956263
0030 350633 0.014285 0.002732 -0.518531 1500 1500 1498 1400 30 350236 39.714407 6.334075 0.000000 -0.523599 -0.728018
0030 401049 0.014185 0.003128 -0.519236 1500 1500 1498 1400 30 400469 39.843752 6.274259 0.000000 -0.523599 -0.481636
0030 451037 0.014540 0.002866 -0.519751 1500 1500 1499 1400 30 450640 39.973073 6.214077 0.000000 -0.523599 -0.347712
0030 501300 0.014670 0.002106 -0.520724 1500 1500 1499 1400 30 500903 40.102370 6.153538 0.000000 -0.523599 -0.014756
0030 551441 0.014039 0.002903 -0.521604 1500 1500 1500 1400 30 551044 40.231642 6.092646 0.000000 -0.523599 0.241883
0030 601613 0.013190 0.003195 -0.522064 1500 1500 1500 1400 30 601216 40.360887 6.031411 0.000000 -0.523599 0.288805
0030 651754 0.013485 0.002358 -0.523175 1500 1500 1501 1400 30 651387 40.490105 5.969837 0.000000 -0.523599 0.640900
0030 702017 0.014808 0.002672 -0.524465 1500 1500 1502 1400 30 701620 40.619294 5.907929 0.000000 -0.523599 1.041656
0030 752188 0.015262 0.004847 -0.525557 1500 1500 1502 1400 30 751792 40.748453 5.845693 0.000000 -0.523599 1.317576
0030 802512 0.015079 0.004273 -0.526735 1500 1500 1503 1400 30 801994 40.877580 5.783134 0.000000 -0.523599 1.617767
0030 858025 0.013950 0.004039 -0.528502 1500 1500 1504 1400 30 857658 41.006673 5.720255 0.000000 -0.523599 2.167633
0030 910576 0.015118 0.004370 -0.529384 1500 1500 1505 1400 30 910332 41.135730 5.657059 0.000000 -0.523599 2.269565
0030 960931 0.016007 0.003857 -0.530170 1500 1500 1505 1400 30 960534 41.264751 5.593554 0.000000 -0.523599 2.346742
0031 011072 0.015188 0.003695 -0.530465 1500 1500 1505 1400 31 10675 41.393735 5.529745 0.000000 -0.523599 2.222737
0031 061366 0.014089 0.002880 -0.530867 1500 1500 1504 1400 31 61000 41.522684 5.465639 0.000000 -0.523599 2.192817
0031 111751 0.014757 0.002431 -0.530914 1500 1500 1504 1400 31 111263 41.651597 5.401244 0.000000 -0.523599 2.030249
0031 161770 0.015869 0.001756 -0.531341 1500 1500 1504 1400 31 161373 41.780475 5.336567 0.000000 -0.523599 2.081796
0031 212308 0.015560 0.001822 -0.531860 1500 1500 1504 1400 31 211911 41.909317 5.271612 0.000000 -0.523599 2.183704
0031 262662 0.014896 0.002317 -0.532574 1500 1500 1505 1400 31 262265 42.038125 5.206386 0.000000 -0.523599 2.374301
0031 312895 0.013470 0.002631 -0.533296 1500 1500 1505 1400 31 312498 42.166896 5.140894 0.000000 -0.523599 2.556161
0031 363127 0.014144 0.003435 -0.534177 1500 1500 1506 1400 31 362731 42.295631 5.075139 0.000000 -0.523599 2.800967
0031 413451 0.015076 0.002814 -0.534801 1500 1500 1506 1400 31 413055 42.424328 5.009127 0.000000 -0.523599 2.912623
0031 463623 0.015280 0.003457 -0.535584 1500 1500 1507 1400 31 463226 42.552988 4.942861 0.000000 -0.523599 3.099479
0031 513825 0.014232 0.004597 -0.536177 1500 1500 1507 1400 31 513428 42.681611 4.876347 0.000000 -0.523599 3.192790
0031 563997 0.013835 0.004666 -0.536297 1500 1500 1506 1400 31 563600 42.810195 4.809589 0.000000 -0.523599 3.079605
0031 614199 0.014295 0.004392 -0.536563 1500 1500 1506 1400 31 613802 42.938743 4.742594 0.000000 -0.523599 3.066254
0031 664370 0.015113 0.005139 -0.536802 1500 1500 1506 1400 31 663973 43.067254 4.675367 0.000000 -0.523599 3.057338
0031 714603 0.014891 0.005613 -0.536910 1500 1500 1506 1400 31 714206 43.195729 4.607913 0.000000 -0.523599 3.003768
0031 764744 0.014378 0.005663 -0.536972 1500 1500 1506 1400 31 764347 43.324170 4.540239 0.000000 -0.523599 2.947899
0031 815068 0.014142 0.005018 -0.536662 1500 1500 1506 1400 31 814580 43.452576 4.472351 0.000000 -0.523599 2.741841
0031 865056 0.014661 0.004239 -0.536128 1500 1500 1505 1400 31 864660 43.580951 4.404257 0.000000 -0.523599 2.470290
0031 915228 0.014916 0.004294 -0.535270 1500 1500 1504 1400 31 914831 43.709296 4.335963 0.000000 -0.523599 2.093728
0031 965491 0.014179 0.004311 -0.534136 1500 1500 1503 1400 31 965094 43.837614 4.267480 0.000000 -0.523599 1.643682
0032 015662 0.014251 0.005112 -0.533418 1500 1500 1503 1400 32 15266 43.965908 4.198814 0.000000 -0.523599 1.436892
0032 065742 0.013970 0.004576 -0.532322 1500 1500 1502 1400 32 65346 44.094180 4.129975 0.000000 -0.523599 1.075363
0032 116067 0.014576 0.004907 -0.531969 1500 1500 1502 1400 32 115670 44.222432 4.060969 0.000000 -0.523599 1.084790
0032 166177 0.015096 0.005467 -0.531821 1500 1500 1502 1400 32 165811 44.350666 3.991801 0.000000 -0.523599 1.166355
0032 216440 0.015046 0.004836 -0.531266 1500 1500 1502 1400 32 216043 44.478882 3.922477 0.000000 -0.523599 1.036669
0032 266917 0.015123 0.004447 -0.530891 1500 1500 1502 1400 32 266276 44.607082 3.853003 0.000000 -0.523599 0.992584
0032 316966 0.015600 0.004374 -0.530400 1500 1500 1502 1400 32 316570 44.735267 3.783384 0.000000 -0.523599 0.888527
0032 367382 0.015515 0.004502 -0.530153 1500 1500 1502 1400 32 366985 44.863438 3.713625 0.000000 -0.523599 0.896154
0032 417676 0.014456 0.005701 -0.529935 1500 1500 1502 1400 32 417279 44.991596 3.643731 0.000000 -0.523599 0.901984
0032 467786 0.013331 0.005708 -0.529670 1500 1500 1501 1400 32 467389 45.119742 3.573706 0.000000 -0.523599 0.874718
0032 518141 0.013297 0.005801 -0.529381 1500 1500 1501 1400 32 517652 45.247877 3.503555 0.000000 -0.523599 0.829944
0032 568343 0.014311 0.005292 -0.529334 1500 1500 1502 1400 32 567916 45.376001 3.433281 0.000000 -0.523599 0.890976
0032 618514 0.015135 0.006268 -0.529330 1500 1500 1502 1400 32 618118 45.504115 3.362888 0.000000 -0.523599 0.954294
0032 668747 0.014860 0.006258 -0.529258 1500 1500 1502 1400 32 668350 45.632219 3.292379 0.000000 -0.523599 0.970259
0032 718918 0.014000 0.006468 -0.529083 1500 1500 1502 1400 32 718522 45.760313 3.221758 0.000000 -0.523599 0.932746
0032 769029 0.013163 0.006232 -0.529001 1500 1500 1502 1400 32 768632 45.888399 3.151029 0.000000 -0.523599 0.937239
0032 819170 0.013933 0.006288 -0.529086 1500 1500 1502 1400 32 818773 46.016476 3.080193 0.000000 -0.523599 1.012049
0032 869402 0.015171 0.005518 -0.528406 1500 1500 1501 1400 32 869006 46.144545 3.009256 0.000000 -0.523599 0.727575
0032 919513 0.015555 0.005705 -0.527695 1500 1500 1501 1400 32 919116 46.272608 2.938221 0.000000 -0.523599 0.465830
0032 969684 0.014601 0.004736 -0.527291 1500 1500 1500 1400 32 969288 46.400666 2.867095 0.000000 -0.523599 0.372387
0033 019734 0.013294 0.005174 -0.527133 1500 1500 1500 1400 33 19337 46.528719 2.795879 0.000000 -0.523599 0.393195
0033 069967 0.013228 0.003931 -0.527172 1500 1500 1501 1400 33 69570 46.656769 2.724577 0.000000 -0.523599 0.489511
0033 120047 0.014338 0.003820 -0.527207 1500 1500 1501 1400 33 119680 46.784815 2.653190 0.000000 -0.523599 0.562272
0033 170340 0.015373 0.002843 -0.527500 1500 1500 1501 1400 33 169943 46.912856 2.581721 0.000000 -0.523599 0.734608
0033 220695 0.014697 0.002467 -0.527642 1500 1500 1501 1400 33 220267 47.040892 2.510170 0.000000 -0.523599 0.810515
0033 270775 0.013387 0.002537 -0.527985 1500 1500 1502 1400 33 270378 47.168924 2.438540 0.000000 -0.523599 0.965308
0033 321282 0.013046 0.002617 -0.528440 1500 1500 1502 1400 33 320641 47.296950 2.366830 0.000000 -0.523599 1.149185
0033 371362 0.013999 0.003176 -0.528649 1500 1500 1502 1400 33 370965 47.424970 2.295043 0.000000 -0.523599 1.199026
0033 421564 0.014574 0.002838 -0.528763 1500 1500 1502 1400 33 421198 47.552983 2.223178 0.000000 -0.523599 1.203943
0033 471858 0.013597 0.003707 -0.528748 1500 1500 1502 1400 33 471461 47.680990 2.151240 0.000000 -0.523599 1.154893
0033 522121 0.012482 0.003527 -0.528817 1500 1500 1502 1400 33 521724 47.808991 2.079228 0.000000 -0.523599 1.155813
0033 572323 0.012615 0.002427 -0.528149 1500 1500 1501 1400 33 571926 47.936987 2.007147 0.000000 -0.523599 0.826762
0033 622494 0.013668 0.003067 -0.527729 1500 1500 1501 1400 33 622098 48.064979 1.935000 0.000000 -0.523599 0.658862
0033 672727 0.013683 0.003117 -0.527351 1500 1500 1501 1400 33 672330 48.192968 1.862790 0.000000 -0.523599 0.530766
0033 723020 0.012517 0.004471 -0.527023 1500 1500 1500 1400 33 722593 48.320955 1.790520 0.000000 -0.523599 0.437866
0033 773161 0.011142 0.004564 -0.526345 1500 1500 1500 1400 33 772765 48.448940 1.718194 0.000000 -0.523599 0.194234
0033 823272 0.010861 0.004534 -0.525708 1500 1500 1499 1400 33 822875 48.576925 1.645815 0.000000 -0.523599 -0.004114
0033 873413 0.011933 0.004307 -0.524915 1500 1500 1499 1400 33 873016 48.704912 1.573387 0.000000 -0.523599 -0.255260
0033 923615 0.012394 0.003893 -0.524491 1500 1500 1499 1400 33 923218 48.832901 1.500914 0.000000 -0.523599 -0.316721
0033 973725 0.011746 0.003047 -0.524206 1500 1500 2036 1400 33 973329 48.960894 1.428397 0.000000 0.000000 235.928839
0034 023928 0.011191 0.002985 -0.524024 1500 1500 1961 1400 34 23531 49.088891 1.355840 0.000000 0.000000 203.144983
0034 074038 0.016846 0.000473 -0.515174 1500 1500 1896 1400 34 73672 49.216901 1.283260 0.000000 0.000000 174.636845
0034 124240 0.039772 -0.013001 -0.495610 1500 1500 1836 1400 34 123843 49.344955 1.210713 0.000000 0.000000 147.978073
0034 174595 0.047440 -0.007968 -0.465928 1500 1500 1778 1400 34 173954 49.473098 1.138286 0.000000 0.000000 122.437632
0034 224492 0.036512 0.005178 -0.428641 1500 1500 1723 1400 34 224095 49.601389 1.066098 0.000000 0.000000 98.363009
0034 274633 0.030542 -0.002612 -0.383714 1500 1500 1670 1400 34 274236 49.729891 0.994294 0.000000 0.000000 74.990070
0034 324957 0.024915 -0.006434 -0.335352 1500 1500 1621 1400 34 324591 49.858667 0.923036 0.000000 0.000000 53.658539
0034 375281 0.020103 0.009865 -0.287056 1500 1500 1580 1400 34 374884 49.987771 0.852491 0.000000 0.000000 35.265025
0034 425544 0.018452 0.014823 -0.240203 1500 1500 1544 1400 34 425147 50.117247 0.782819 0.000000 0.000000 19.699613
0034 475807 0.015227 0.006591 -0.196293 1500 1500 1515 1400 34 475410 50.247128 0.714171 0.000000 0.000000 7.004546
0034 526131 0.009131 -0.000800 -0.155080 1500 1500 1492 1400 34 525734 50.377434 0.646683 0.000000 0.000000 -3.500916
0034 576608 0.004839 0.003362 -0.118857 1500 1500 1474 1400 34 576242 50.508177 0.580474 0.000000 0.000000 -11.194775
0034 626901 0.002354 0.009704 -0.087121 1500 1500 1461 1400 34 626505 50.639361 0.515642 0.000000 0.000000 -16.756781
0034 677104 0.000474 0.005359 -0.059484 1500 1500 1453 1400 34 676707 50.770984 0.452264 0.000000 0.000000 -20.669865
0034 727367 0.000233 -0.002271 -0.035795 1500 1500 1447 1400 34 726970 50.903041 0.390401 0.000000 0.000000 -23.209051
0034 777660 0.003186 0.001519 -0.016511 1500 1500 1444 1400 34 777263 51.035522 0.330097 0.000000 0.000000 -24.313246
0034 827862 0.000307 0.004552 -0.001077 1500 1500 1444 1400 34 827496 51.168418 0.271377 0.000000 0.000000 -24.371133
0034 878186 -0.005815 0.004158 0.010617 1500 1500 1446 1400 34 877790 51.301717 0.214251 0.000000 0.000000 -23.500706
0034 928419 -0.006234 0.001934 0.020304 1500 1500 1448 1400 34 928022 51.435409 0.158716 0.000000 0.000000 -22.528367
0034 978743 -0.001173 0.003743 0.026865 1500 1500 1452 1400 34 978346 51.569482 0.104763 0.000000 0.000000 -20.874682
0035 028884 -0.001457 0.004739 0.030481 1500 1500 1457 1400 35 28518 51.703925 0.052367 0.000000 0.000000 -18.634281
0035 079147 -0.006575 0.004081 0.032790 1500 1500 1462 1400 35 78750 51.838728 0.001498 0.000000 0.000000 -16.545554
0035 129471 -0.007946 0.008152 0.033026 1500 1500 1467 1400 35 129044 51.973882 -0.047881 0.000000 0.000000 -14.159941
0035 180009 -0.006023 0.010357 0.031634 1500 1500 1473 1400 35 179216 52.109377 -0.095812 0.000000 0.000000 -11.647393
0035 229753 -0.002375 0.009121 0.028887 1500 1500 1479 1400 35 229357 52.245204 -0.142343 0.000000 0.000000 -9.082126
0035 279925 -0.003546 0.003297 0.027845 1500 1500 1482 1400 35 279528 52.381355 -0.187519 0.000000 0.000000 -7.789503
0035 330035 -0.004137 0.008072 0.025632 1500 1500 1485 1400 35 329639 52.517822 -0.231381 0.000000 0.000000 -6.239488
0035 380207 -0.005350 0.012205 0.022220 1500 1500 1489 1400 35 379810 52.654595 -0.273978 0.000000 0.000000 -4.425288
0035 430348 -0.004553 0.012303 0.018900 1500 1500 1493 1400 35 429951 52.791667 -0.315355 0.000000 0.000000 -2.934955
0035 480580 -0.002575 0.007336 0.016467 1500 1500 1495 1400 35 480031 52.929031 -0.355557 0.000000 0.000000 -2.050893
0035 530508 -0.000377 0.008631 0.013128 1500 1500 1498 1400 35 530111 53.066678 -0.394628 0.000000 0.000000 -0.857148
0035 580862 -0.000863 0.009986 0.010284 1500 1500 1499 1400 35 580405 53.204602 -0.432608 0.000000 0.000000 -0.017919
0035 631095 -0.002956 0.009491 0.007183 1500 1500 1501 1400 35 630698 53.342795 -0.469540 0.000000 0.000000 0.870067
0035 681297 -0.002049 0.009835 0.003988 1500 1500 1503 1400 35 680900 53.481250 -0.505463 0.000000 0.000000 1.734394
0035 731530 0.000948 0.007225 0.001455 1500 1500 1505 1400 35 731133 53.619959 -0.540417 0.000000 0.000000 2.243375
0035 781823 0.001454 0.007087 -0.001389 1500 1500 1506 1400 35 781427 53.758917 -0.574437 0.000000 0.000000 2.892968
0035 832208 -0.000865 0.008676 -0.004089 1500 1500 1507 1400 35 831812 53.898117 -0.607559 0.000000 0.000000 3.457638
0035 882502 -0.003220 0.009452 -0.006618 1500 1500 1508 1400 35 882105 54.037551 -0.639817 0.000000 0.000000 3.939500
0035 932613 -0.002494 0.009052 -0.008672 1500 1500 1509 1400 35 932216 54.177214 -0.671245 0.000000 0.000000 4.213191
0035 982876 -0.000162 0.009225 -0.011079 1500 1500 1510 1400 35 982479 54.317099 -0.701872 0.000000 0.000000 4.680483
0036 033291 -0.000142 0.008386 -0.012967 1500 1500 1511 1400 36 32803 54.457201 -0.731729 0.000000 0.000000 4.917532
0036 083615 -0.002536 0.009716 -0.015242 1500 1500 1512 1400 36 82975 54.597514 -0.760844 0.000000 0.000000 5.364802
0036 133543 -0.004347 0.012938 -0.016271 1500 1500 1511 1400 36 133177 54.738031 -0.789243 0.000000 0.000000 5.252137
0036 183653 -0.004223 0.012896 -0.017470 1500 1500 1512 1400 36 183257 54.878748 -0.816951 0.000000 0.000000 5.295640
0036 233916 -0.002906 0.010705 -0.017624 1500 1500 1511 1400 36 233520 55.019658 -0.843987 0.000000 0.000000 4.917266
0036 284057 -0.003115 0.010383 -0.018362 1500 1500 1511 1400 36 283661 55.160757 -0.870371 0.000000 0.000000 4.904276
0036 334320 -0.004132 0.012703 -0.018838 1500 1500 1510 1400 36 333924 55.302040 -0.896124 0.000000 0.000000 4.813575
0036 384431 -0.005054 0.014035 -0.019640 1500 1500 1511 1400 36 384034 55.443501 -0.921265 0.000000 0.000000 4.916664
0036 434602 -0.004128 0.013614 -0.020033 1500 1500 1511 1400 36 434206 55.585137 -0.945813 0.000000 0.000000 4.849272
0036 484744 -0.002276 0.011355 -0.020104 1500 1500 1510 1400 36 484347 55.726941 -0.969783 0.000000 0.000000 4.673223
0036 535007 -0.001266 0.009986 -0.019576 1500 1500 1509 1400 36 534610 55.868910 -0.993191 0.000000 0.000000 4.274940
0036 585117 -0.002177 0.011763 -0.019310 1500 1500 1509 1400 36 584751 56.011039 -1.016050 0.000000 0.000000 4.067418
0036 636021 -0.003114 0.011295 -0.018879 1500 1500 1508 1400 36 634892 56.153325 -1.038373 0.000000 0.000000 3.824239
0036 685369 -0.002446 0.010288 -0.018869 1500 1500 1508 1400 36 684972 56.295762 -1.060174 0.000000 0.000000 3.810081
0036 735540 -0.001833 0.010258 -0.018291 1500 1500 1508 1400 36 735143 56.438347 -1.081466 0.000000 0.000000 3.542699
0036 785590 -0.001348 0.010458 -0.018166 1500 1500 1507 1400 36 785223 56.581076 -1.102260 0.000000 0.000000 3.517750
0036 835883 -0.002001 0.009651 -0.017639 1500 1500 1507 1400 36 835364 56.723945 -1.122569 0.000000 0.000000 3.310995
0036 885841 -0.002847 0.008292 -0.016618 1500 1500 1506 1400 36 885444 56.866950 -1.142402 0.000000 0.000000 2.907139
0036 936135 -0.001624 0.007952 -0.016125 1500 1500 1506 1400 36 935616 57.010088 -1.161769 0.000000 0.000000 2.791000
0036 986337 -0.000825 0.007890 -0.015267 1500 1500 1505 1400 36 985940 57.153355 -1.180681 0.000000 0.000000 2.514558
0037 036569 -0.001141 0.007914 -0.014756 1500 1500 1505 1400 37 36173 57.296749 -1.199146 0.000000 0.000000 2.420555
0037 086802 -0.002504 0.007562 -0.013959 1500 1500 1504 1400 37 86405 57.440265 -1.217174 0.000000 0.000000 2.195815
0037 137095 -0.002173 0.008224 -0.013374 1500 1500 1504 1400 37 136699 57.583900 -1.234773 0.000000 0.000000 2.082815
0037 187572 -0.001133 0.007623 -0.012405 1500 1500 1504 1400 37 187175 57.727651 -1.251953 0.000000 0.000000 1.795110
0037 237805 -0.001471 0.005980 -0.011165 1500 1500 1503 1400 37 237408 57.871515 -1.268719 0.000000 0.000000 1.408949
0037 288007 -0.002621 0.007970 -0.010518 1500 1500 1503 1400 37 287610 58.015490 -1.285080 0.000000 0.000000 1.324390
0037 339063 -0.002948 0.008368 -0.009781 1500 1500 1502 1400 37 337873 58.159572 -1.301043 0.000000 0.000000 1.188293
0037 388350 -0.002429 0.008236 -0.009596 1500 1500 1502 1400 37 387953 58.303758 -1.316618 0.000000 0.000000 1.297780
0037 438613 -0.001634 0.008326 -0.009045 1500 1500 1502 1400 37 438216 58.448045 -1.331813 0.000000 0.000000 1.205992
0037 488998 -0.001454 0.008137 -0.008872 1500 1500 1502 1400 37 488510 58.592432 -1.346637 0.000000 0.000000 1.279705
0037 539170 -0.002212 0.008213 -0.008112 1500 1500 1502 1400 37 538773 58.736915 -1.361098 0.000000 0.000000 1.061721
0037 589433 -0.003422 0.008323 -0.007873 1500 1500 1502 1400 37 589036 58.881491 -1.375204 0.000000 0.000000 1.095406
0037 639635 -0.003614 0.006995 -0.006997 1500 1500 1501 1400 37 639269 59.026159 -1.388962 0.000000 0.000000 0.820822
0037 689989 -0.002144 0.005040 -0.006650 1500 1500 1501 1400 37 689501 59.170915 -1.402379 0.000000 0.000000 0.809761
0037 740130 -0.001789 0.006578 -0.006287 1500 1500 1501 1400 37 739734 59.315758 -1.415463 0.000000 0.000000 0.777124
0037 790363 -0.002428 0.006764 -0.005379 1500 1500 1501 1400 37 789997 59.460685 -1.428219 0.000000 0.000000 0.487998
0037 840474 -0.003275 0.005995 -0.004221 1500 1500 1500 1400 37 840077 59.605694 -1.440653 0.000000 0.000000 0.113345
0037 890615 -0.002061 0.004892 -0.003258 1500 1500 1499 1400 37 890218 59.750783 -1.452769 0.000000 0.000000 -0.137666
0037 940695 -0.001926 0.005297 -0.002973 1500 1500 1499 1400 37 940298 59.895949 -1.464573 0.000000 0.000000 -0.068679
0037 990866 -0.002781 0.005836 -0.002456 1500 1500 1499 1400 37 990469 60.041190 -1.476073 0.000000 0.000000 -0.135712
0038 040946 -0.003946 0.007004 -0.003130 1500 1500 1500 1400 38 40549 60.186506 -1.487276 0.000000 0.000000 0.325619
0038 091331 -0.003554 0.006390 -0.002885 1500 1500 1500 1400 38 90812 60.331893 -1.498191 0.000000 0.000000 0.290559
0038 141320 -0.001877 0.005740 -0.003157 1500 1500 1501 1400 38 140923 60.477349 -1.508826 0.000000 0.000000 0.485250
0038 191674 -0.001720 0.005021 -0.003635 1500 1500 1501 1400 38 191278 60.622873 -1.519191 0.000000 0.000000 0.737811
0038 241968 -0.003580 0.006387 -0.004128 1500 1500 1502 1400 38 241571 60.768463 -1.529295 0.000000 0.000000 0.958179
0038 292139 -0.004394 0.007356 -0.004856 1500 1500 1502 1400 38 291773 60.914117 -1.539146 0.000000 0.000000 1.253820
0038 342616 -0.002915 0.007204 -0.005857 1500 1500 1503 1400 38 342036 61.059834 -1.548755 0.000000 0.000000 1.635439
0038 392757 -0.001498 0.006128 -0.006177 1500 1500 1503 1400 38 392360 61.205612 -1.558132 0.000000 0.000000 1.664536
0038 442959 -0.000884 0.005685 -0.006831 1500 1500 1504 1400 38 442562 61.351448 -1.567283 0.000000 0.000000 1.853434
0038 493253 -0.003061 0.007455 -0.007818 1500 1500 1504 1400 38 492856 61.497342 -1.576220 0.000000 0.000000 2.177613
0038 543424 -0.003546 0.007711 -0.008272 1500 1500 1505 1400 38 543028 61.643292 -1.584949 0.000000 0.000000 2.230116
0038 593687 -0.001389 0.007066 -0.008968 1500 1500 1505 1400 38 593291 61.789297 -1.593480 0.000000 0.000000 2.401141
0038 643981 -0.000158 0.005085 -0.010031 1500 1500 1506 1400 38 643584 61.935354 -1.601820 0.000000 0.000000 2.730106
0038 694244 -0.000227 0.004437 -0.010230 1500 1500 1506 1400 38 693847 62.081463 -1.609978 0.000000 0.000000 2.640424
0038 744599 -0.001230 0.006235 -0.010595 1500 1500 1506 1400 38 744110 62.227622 -1.617959 0.000000 0.000000 2.658006
0038 794679 -0.002208 0.006683 -0.010325 1500 1500 1505 1400 38 794282 62.373830 -1.625767 0.000000 0.000000 2.402819
0038 844942 -0.000742 0.005754 -0.010165 1500 1500 1505 1400 38 844545 62.520085 -1.633408 0.000000 0.000000 2.247253
0038 895052 0.000507 0.004344 -0.009681 1500 1500 1504 1400 38 894656 62.666387 -1.640883 0.000000 0.000000 1.976978
0038 945254 -0.000123 0.005414 -0.009622 1500 1500 1504 1400 38 944888 62.812734 -1.648197 0.000000 0.000000 1.941495
0038 995487 -0.001730 0.004632 -0.008964 1500 1500 1503 1400 38 995121 62.959124 -1.655351 0.000000 0.000000 1.641440
0039 045689 -0.002006 0.004796 -0.008580 1500 1500 1503 1400 39 45292 63.105557 -1.662349 0.000000 0.000000 1.507075
0039 095830 -0.001145 0.004330 -0.008363 1500 1500 1503 1400 39 95433 63.252032 -1.669193 0.000000 0.000000 1.462665
0039 146948 -0.000530 0.004255 -0.008322 1500 1500 1503 1400 39 145727 63.398547 -1.675887 0.000000 0.000000 1.497871
0039 196234 -0.001089 0.005820 -0.008329 1500 1500 1503 1400 39 195837 63.545101 -1.682435 0.000000 0.000000 1.543729
0039 246558 -0.001599 0.004539 -0.008886 1500 1500 1504 1400 39 246039 63.691694 -1.688842 0.000000 0.000000 1.826458
0039 296760 -0.001166 0.005305 -0.009236 1500 1500 1504 1400 39 296363 63.838323 -1.695114 0.000000 0.000000 1.973236
0039 347115 -0.000305 0.004548 -0.009040 1500 1500 1504 1400 39 346627 63.984990 -1.701255 0.000000 0.000000 1.854590
0039 397073 -0.000205 0.006526 -0.008839 1500 1500 1503 1400 39 396676 64.131691 -1.707266 0.000000 0.000000 1.753479
0039 447366 -0.000786 0.005571 -0.008566 1500 1500 1503 1400 39 446817 64.278427 -1.713151 0.000000 0.000000 1.635241
0039 497446 -0.001028 0.004291 -0.008085 1500 1500 1503 1400 39 497050 64.425196 -1.718912 0.000000 0.000000 1.438558
0039 547740 -0.000577 0.003626 -0.008038 1500 1500 1503 1400 39 547343 64.571998 -1.724550 0.000000 0.000000 1.463387
0039 598034 0.000436 0.003489 -0.008026 1500 1500 1503 1400 39 597606 64.718831 -1.730070 0.000000 0.000000 1.494916
0039 648144 0.000771 0.003344 -0.008269 1500 1500 1503 1400 39 647747 64.865695 -1.735474 0.000000 0.000000 1.633232
0039 698682 0.000154 0.003044 -0.008372 1500 1500 1503 1400 39 698041 65.012590 -1.740766 0.000000 0.000000 1.686166
0039 748731 -0.000679 0.004674 -0.008383 1500 1500 1503 1400 39 748335 65.159513 -1.745951 0.000000 0.000000 1.688960
0039 799055 -0.000710 0.004152 -0.008464 1500 1500 1503 1400 39 798659 65.306465 -1.751030 0.000000 0.000000 1.723589
0039 849349 0.000127 0.002504 -0.008296 1500 1500 1503 1400 39 848952 65.453445 -1.756006 0.000000 0.000000 1.641255
0039 899612 0.000060 0.004126 -0.007658 1500 1500 1503 1400 39 899215 65.600451 -1.760880 0.000000 0.000000 1.359186
0039 949936 -0.000257 0.004837 -0.007022 1500 1500 1502 1400 39 949539 65.747484 -1.765653 0.000000 0.000000 1.116180
0040 000260 -0.001206 0.004982 -0.005686 1500 1500 1501 1400 39 999894 65.894542 -1.770323 0.000000 0.000000 0.586441
0040 050493 -0.001414 0.004250 -0.004847 1500 1500 1500 1400 40 50127 66.041625 -1.774889 0.000000 0.000000 0.346185
0040 100817 -0.001125 0.004006 -0.003947 1500 1500 1500 1400 40 100420 66.188733 -1.779350 0.000000 0.000000 0.096715
0040 151141 -0.001421 0.005496 -0.003123 1500 1500 1499 1400 40 150592 66.335864 -1.783705 0.000000 0.000000 -0.101253
0040 201191 -0.002573 0.005599 -0.002207 1500 1500 1499 1400 40 200794 66.483018 -1.787953 0.000000 0.000000 -0.332903
0040 251393 -0.002867 0.006546 -0.001311 1500 1500 1498 1400 40 250996 66.630194 -1.792095 0.000000 0.000000 -0.543091
0040 301595 -0.002246 0.006462 -0.000389 1500 1500 1498 1400 40 301228 66.777392 -1.796129 0.000000 0.000000 -0.757871
0040 351766 -0.000810 0.006765 0.000376 1500 1500 1497 1400 40 351369 66.924612 -1.800055 0.000000 0.000000 -0.893772
0040 402609 -0.000396 0.005276 0.000976 1500 1500 1497 1400 40 401633 67.071852 -1.803873 0.000000 0.000000 -0.959885
0040 458396 -0.000921 0.005616 0.001933 1500 1500 1497 1400 40 458243 67.219112 -1.807583 0.000000 0.000000 -1.201034
0040 509941 -0.000984 0.005907 0.002069 1500 1500 1497 1400 40 509788 67.366392 -1.811185 0.000000 0.000000 -1.058804
0040 560509 -0.000759 0.005526 0.002183 1500 1500 1497 1400 40 560112 67.513691 -1.814683 0.000000 0.000000 -0.949521
0040 610803 -0.000490 0.006306 0.002255 1500 1500 1498 1400 40 610406 67.661008 -1.818079 0.000000 0.000000 -0.854065
0040 660974 -0.001507 0.006323 0.001597 1500 1500 1498 1400 40 660577 67.808343 -1.821376 0.000000 0.000000 -0.456514
0040 711085 -0.001795 0.006714 0.001264 1500 1500 1499 1400 40 710718 67.955696 -1.824580 0.000000 0.000000 -0.272175
0040 761256 -0.002322 0.005670 0.000926 1500 1500 1499 1400 40 760860 68.103066 -1.827694 0.000000 0.000000 -0.114906
0040 811977 -0.001600 0.004655 0.000157 1500 1500 1500 1400 40 810909 68.250453 -1.830722 0.000000 0.000000 0.214055
0040 861630 -0.001282 0.004681 -0.000497 1500 1500 1501 1400 40 861233 68.397855 -1.833671 0.000000 0.000000 0.447907
0040 912045 -0.001202 0.004591 -0.000645 1500 1500 1500 1400 40 911649 68.545274 -1.836543 0.000000 0.000000 0.427654
0040 962309 -0.000769 0.004118 -0.000847 1500 1500 1501 1400 40 961912 68.692708 -1.839342 0.000000 0.000000 0.444364
0041 012450 0.000355 0.003079 -0.000424 1500 1500 1501 1000 41 12053 68.692708 -1.839342 0.000000 0.000000 0.444364
0041 062682 0.001381 0.002530 -0.000537 1500 1500 1501 1000 41 62285 68.692708 -1.839342 0.000000 0.000000 0.444364
0041 112976 0.001022 0.004165 -0.000740 1500 1500 1501 1000 41 112457 68.692708 -1.839342 0.000000 0.000000 0.444364
0041 163056 0.002475 0.007312 -0.001959 1500 1500 1501 1000 41 162659 68.692708 -1.839342 0.000000 0.000000 0.444364
0041 213410 0.004192 0.011109 -0.003549 1500 1500 1501 1000 41 212922 68.692708 -1.839342 0.000000 0.000000 0.444364
0041 263521 0.005938 0.011020 -0.005727 1500 1500 1501 1000 41 263124 68.692708 -1.839342 0.000000 0.000000 0.444364
0041 313723 0.006943 0.010899 -0.008018 1500 1500 1501 1000 41 313326 68.692708 -1.839342 0.000000 0.000000 0.444364
0041 363864 0.007052 0.011797 -0.011384 1500 1500 1501 1000 41 363467 68.692708 -1.839342 0.000000 0.000000 0.444364
0041 414035 0.008041 0.015947 -0.015143 1500 1500 1501 1000 41 413669 68.692708 -1.839342 0.000000 0.000000 0.444364
0041 464146 0.008902 0.019389 -0.019511 1500 1500 1501 1000 41 463780 68.692708 -1.839342 0.000000 0.000000 0.444364
0041 514409 0.009499 0.021272 -0.023907 1500 1500 1501 1000 41 514012 68.692708 -1.839342 0.000000 0.000000 0.444364
0041 564520 0.010063 0.020211 -0.027915 1500 1500 1501 1000 41 564123 68.692708 -1.839342 0.000000 0.000000 0.444364
0041 614691 0.010891 0.020142 -0.033413 1500 1500 1501 1000 41 614294 68.692708 -1.839342 0.000000 0.000000 0.444364
0041 665015 0.011594 0.019934 -0.039011 1500 1500 1501 1000 41 664618 68.692708 -1.839342 0.000000 0.000000 0.444364
0041 715278 0.012419 0.022544 -0.044894 1500 1500 1501 1000 41 714882 68.692708 -1.839342 0.000000 0.000000 0.444364
0041 765572 0.012725 0.024584 -0.051192 1500 1500 1501 1000 41 765206 68.692708 -1.839342 0.000000 0.000000 0.444364
0041 815804 0.012575 0.024588 -0.057227 1500 1500 1501 1000 41 815408 68.692708 -1.839342 0.000000 0.000000 0.444364
0041 866342 0.012531 0.022807 -0.063483 1500 1500 1501 1000 41 865701 68.692708 -1.839342 0.000000 0.000000 0.444364
0041 916483 0.013396 0.022216 -0.070062 1500 1500 1501 1000 41 915995 68.692708 -1.839342 0.000000 0.000000 0.444364
0041 966624 0.014507 0.023359 -0.076382 1500 1500 1501 1000 41 966228 68.692708 -1.839342 0.000000 0.000000 0.444364
0042 016887 0.015191 0.025501 -0.083249 1500 1500 1501 1000 42 16491 68.692708 -1.839342 0.000000 0.000000 0.444364
0042 066998 0.014802 0.026643 -0.090025 1500 1500 1501 1000 42 66601 68.692708 -1.839342 0.000000 0.000000 0.444364
0042 117200 0.014039 0.025944 -0.096983 1500 1500 1501 1000 42 116803 68.692708 -1.839342 0.000000 0.000000 0.444364
0042 167249 0.013852 0.024625 -0.103935 1500 1500 1501 1000 42 166853 68.692708 -1.839342 0.000000 0.000000 0.444364
0042 217848 0.014622 0.024786 -0.111187 1500 1500 1501 1000 42 217085 68.692708 -1.839342 0.000000 0.000000 0.444364
0042 267806 0.015649 0.026800 -0.118455 1500 1500 1501 1000 42 267409 68.692708 -1.839342 0.000000 0.000000 0.444364
0042 318069 0.016080 0.028789 -0.125999 1500 1500 1501 1000 42 317672 68.692708 -1.839342 0.000000 0.000000 0.444364
0042 368302 0.015452 0.029670 -0.133575 1500 1500 1501 1000 42 367905 68.692708 -1.839342 0.000000 0.000000 0.444364
0042 418443 0.014510 0.029074 -0.141238 1500 1500 2000 950 42 418046 68.692708 -1.839342 0.000000 0.000000 0.444364
0042 468675 0.014133 0.027657 -0.149107 1500 1500 2000 950 42 468279 68.692708 -1.839342 0.000000 0.000000 0.444364
0042 518816 0.014775 0.027869 -0.156997 1500 1500 2000 950 42 518420 68.692708 -1.839342 0.000000 0.000000 0.444364
0042 569018 0.015873 0.029239 -0.164999 1500 1500 2000 950 42 568652 68.692708 -1.839342 0.000000 0.000000 0.444364
0042 619129 0.016362 0.031041 -0.173246 1500 1500 2000 950 42 618732 68.692708 -1.839342 0.000000 0.000000 0.444364
0042 669392 0.015980 0.031482 -0.181446 1500 1500 2000 950 42 668995 68.692708 -1.839342 0.000000 0.000000 0.444364
0042 719502 0.015332 0.030327 -0.189747 1500 1500 2000 950 42 719106 68.692708 -1.839342 0.000000 0.000000 0.444364
0042 769552 0.015257 0.028898 -0.198123 1500 1500 2000 950 42 769186 68.692708 -1.839342 0.000000 0.000000 0.444364
0042 819693 0.016023 0.028541 -0.206408 1500 1500 2000 950 42 819296 68.692708 -1.839342 0.000000 0.000000 0.444364
0042 869895 0.017109 0.029618 -0.214888 1500 1500 2000 950 42 869498 68.692708 -1.839342 0.000000 0.000000 0.444364
0042 920097 0.017589 0.031113 -0.223414 1500 1500 2000 950 42 919700 68.692708 -1.839342 0.000000 0.000000 0.444364
0042 970268 0.017082 0.031363 -0.231928 1500 1500 2000 950 42 969872 68.692708 -1.839342 0.000000 0.000000 0.444364
0043 020562 0.016308 0.030119 -0.240491 1500 1500 2000 950 43 20165 68.692708 -1.839342 0.000000 0.000000 0.444364
0043 070703 0.016228 0.028524 -0.249142 1500 1500 2000 950 43 70306 68.692708 -1.839342 0.000000 0.000000 0.444364
0043 121180 0.016927 0.028527 -0.257696 1500 1500 2000 950 43 120539 68.692708 -1.839342 0.000000 0.000000 0.444364
0043 171199 0.017792 0.029858 -0.266462 1500 1500 2000 950 43 170833 68.692708 -1.839342 0.000000 0.000000 0.444364
0043 221889 0.017897 0.031380 -0.275381 1500 1500 2000 950 43 221492 68.692708 -1.839342 0.000000 0.000000 0.444364
0043 272122 0.017153 0.031647 -0.284171 1500 1500 2000 950 43 271725 68.692708 -1.839342 0.000000 0.000000 0.444364
0043 322476 0.016256 0.030562 -0.293131 1500 1500 2000 950 43 322019 68.692708 -1.839342 0.000000 0.000000 0.444364
0043 372678 0.016011 0.029205 -0.301997 1500 1500 2000 950 43 372282 68.692708 -1.839342 0.000000 0.000000 0.444364
0043 423033 0.016662 0.029342 -0.311030 1500 1500 2000 950 43 422575 68.692708 -1.839342 0.000000 0.000000 0.444364
0043 473205 0.017284 0.030821 -0.320003 1500 1500 2000 950 43 472808 68.692708 -1.839342 0.000000 0.000000 0.444364
0043 523407 0.017139 0.032299 -0.329135 1500 1500 2000 950 43 523010 68.692708 -1.839342 0.000000 0.000000 0.444364
0043 573578 0.016165 0.032488 -0.338052 1500 1500 2000 950 43 573212 68.692708 -1.839342 0.000000 0.000000 0.444364
0043 623841 0.015331 0.031361 -0.347214 1500 1500 2000 950 43 623444 68.692708 -1.839342 0.000000 0.000000 0.444364
0043 673982 0.015279 0.030278 -0.356171 1500 1500 2000 950 43 673585 68.692708 -1.839342 0.000000 0.000000 0.444364
0043 724184 0.015941 0.030500 -0.365309 1500 1500 2000 950 43 723788 68.692708 -1.839342 0.000000 0.000000 0.444364
0043 774325 0.016756 0.031930 -0.374320 1500 1500 2000 950 43 773929 68.692708 -1.839342 0.000000 0.000000 0.444364
0043 824649 0.016773 0.033061 -0.383409 1500 1500 2000 950 43 824161 68.692708 -1.839342 0.000000 0.000000 0.444364
0043 874638 0.016186 0.032997 -0.392435 1500 1500 2000 950 43 874241 68.692708 -1.839342 0.000000 0.000000 0.444364
0043 925023 0.015606 0.031505 -0.401401 1500 1500 2000 950 43 924504 68.692708 -1.839342 0.000000 0.000000 0.444364
0043 975133 0.015857 0.030162 -0.410505 1500 1500 2000 950 43 974737 68.692708 -1.839342 0.000000 0.000000 0.444364
0044 025366 0.016857 0.030286 -0.419496 1500 1500 2000 950 44 24969 68.692708 -1.839342 0.000000 0.000000 0.444364
0044 075629 0.017720 0.031418 -0.428346 1500 1500 2000 950 44 75232 68.692708 -1.839342 0.000000 0.000000 0.444364
0044 125953 0.017864 0.032363 -0.437515 1500 1500 2000 950 44 125587 68.692708 -1.839342 0.000000 0.000000 0.444364
0044 176399 0.017314 0.032171 -0.446622 1500 1500 2000 950 44 176003 68.692708 -1.839342 0.000000 0.000000 0.444364
0044 226693 0.016678 0.030841 -0.455477 1500 1500 2000 950 44 226296 68.692708 -1.839342 0.000000 0.000000 0.444364
0044 276895 0.016880 0.029738 -0.464475 1500 1500 2000 950 44 276498 68.692708 -1.839342 0.000000 0.000000 0.444364
0044 327158 0.017743 0.030025 -0.473614 1500 1500 2000 950 44 326761 68.692708 -1.839342 0.000000 0.000000 0.444364
0044 377360 0.018295 0.031524 -0.482802 1500 1500 2000 950 44 376902 68.692708 -1.839342 0.000000 0.000000 0.444364
0044 427562 0.017938 0.032482 -0.492064 1500 1500 2000 950 44 427166 68.692708 -1.839342 0.000000 0.000000 0.444364
0044 477947 0.016937 0.032121 -0.501430 1500 1500 2000 950 44 477490 68.692708 -1.839342 0.000000 0.000000 0.444364
0044 528058 0.016180 0.031013 -0.510820 1500 1500 2000 950 44 527661 68.692708 -1.839342 0.000000 0.000000 0.444364
0044 578352 0.016173 0.030313 -0.520193 1500 1500 2000 950 44 577955 68.692708 -1.839342 0.000000 0.000000 0.444364
0044 628523 0.016660 0.030899 -0.529635 1500 1500 2000 950 44 628126 68.692708 -1.839342 0.000000 0.000000 0.444364
0044 678756 0.017004 0.032269 -0.539176 1500 1500 2000 950 44 678359 68.692708 -1.839342 0.000000 0.000000 0.444364
0044 728988 0.016646 0.033215 -0.548867 1500 1500 2000 950 44 728530 68.692708 -1.839342 0.000000 0.000000 0.444364
0044 779129 0.015729 0.032947 -0.558562 1500 1500 2000 950 44 778732 68.692708 -1.839342 0.000000 0.000000 0.444364
0044 829240 0.015005 0.031842 -0.568223 1500 1500 2000 950 44 828843 68.692708 -1.839342 0.000000 0.000000 0.444364
0044 879442 0.015147 0.031146 -0.577901 1500 1500 2000 950 44 879045 68.692708 -1.839342 0.000000 0.000000 0.444364
0044 929583 0.016013 0.031615 -0.587671 1500 1500 2000 950 44 929186 68.692708 -1.839342 0.000000 0.000000 0.444364
0044 979846 0.016796 0.032737 -0.597539 1500 1500 2000 950 44 979449 68.692708 -1.839342 0.000000 0.000000 0.444364
0045 029956 0.016786 0.033437 -0.607485 1500 1500 2000 950 45 29560 68.692708 -1.839342 0.000000 0.000000 0.444364
0045 080128 0.016131 0.033011 -0.617464 1500 1500 2000 950 45 79731 68.692708 -1.839342 0.000000 0.000000 0.444364
0045 130177 0.015717 0.031792 -0.627405 1500 1500 2000 950 45 129781 68.692708 -1.839342 0.000000 0.000000 0.444364
0045 180471 0.016183 0.031047 -0.637421 1500 1500 2000 950 45 179952 68.692708 -1.839342 0.000000 0.000000 0.444364
0045 230429 0.017302 0.031475 -0.647475 1500 1500 2000 950 45 230032 68.692708 -1.839342 0.000000 0.000000 0.444364
0045 280722 0.018146 0.032547 -0.657568 1500 1500 2000 950 45 280204 68.692708 -1.839342 0.000000 0.000000 0.444364
0045 330802 0.018109 0.033056 -0.667768 1500 1500 2000 950 45 330314 68.692708 -1.839342 0.000000 0.000000 0.444364
0045 380943 0.017369 0.032505 -0.677954 1500 1500 2000 950 45 380547 68.692708 -1.839342 0.000000 0.000000 0.444364
0045 431237 0.016801 0.031379 -0.688152 1500 1500 2000 950 45 430840 68.692708 -1.839342 0.000000 0.000000 0.444364
